     5.986  6.651e-18
     7.958  4.899e-18
      9.93  3.913e-18
      11.9   3.46e-18
     13.87  2.764e-18
     15.85  2.378e-18
     17.82  2.076e-18
     19.79  1.882e-18
     21.76   1.66e-18
     23.74  1.511e-18
     25.71  1.272e-18
     27.68  1.204e-18
     29.65  1.112e-18
     31.62  1.031e-18
      33.6  8.983e-19
     35.57  8.137e-19
     37.54  7.864e-19
     39.51  7.185e-19
     41.48  7.017e-19
     43.46  6.277e-19
     45.43  5.589e-19
      47.4  5.456e-19
     49.37  5.038e-19
     51.35  4.826e-19
     53.32  4.495e-19
     55.29  4.197e-19
     57.26  4.215e-19
     59.23  4.203e-19
     61.21    3.7e-19
     63.18  3.689e-19
     65.15   3.53e-19
     67.12  3.326e-19
     69.09   2.88e-19
     71.07  2.763e-19
     73.04  2.671e-19
     75.01  2.506e-19
     76.98   2.48e-19
     78.96  2.406e-19
     80.93  2.257e-19
      82.9  2.233e-19
     84.87  2.178e-19
     86.84  2.013e-19
     88.82  1.958e-19
     90.79  1.855e-19
     92.76  1.812e-19
     94.73  1.721e-19
      96.7  1.679e-19
     98.68  1.624e-19
     100.6  1.512e-19
     102.6  1.503e-19
     104.6  1.445e-19
     106.6  1.398e-19
     108.5   1.39e-19
     110.5  1.361e-19
     112.5   1.31e-19
     114.5  1.281e-19
     116.4  1.259e-19
     118.4  1.212e-19
     120.4  1.171e-19
     122.3  1.127e-19
     124.3  1.124e-19
     126.3  1.132e-19
     128.3   1.11e-19
     130.2  1.073e-19
     132.2  1.084e-19
     134.2  1.067e-19
     136.1  1.008e-19
     138.1  1.016e-19
     140.1   9.94e-20
     142.1  9.784e-20
       144  9.771e-20
       146  1.115e-19
       148  9.635e-20
       150   9.12e-20
     151.9  9.045e-20
     153.9   9.42e-20
     155.9  8.001e-20
     157.8  7.901e-20
     159.8  7.939e-20
     161.8  7.875e-20
     163.8  7.444e-20
     165.7   7.63e-20
     167.7  7.913e-20
     169.7  7.392e-20
     171.6  7.001e-20
     173.6  7.065e-20
     175.6  6.768e-20
     177.6  6.496e-20
     179.5  6.298e-20
     181.5  6.442e-20
     183.5  6.141e-20
     185.5  5.856e-20
     187.4  5.789e-20
     189.4  5.739e-20
     191.4  5.585e-20
     193.3   5.53e-20
     195.3  5.433e-20
     197.3  5.223e-20
     199.3  5.286e-20
     201.2  5.409e-20
     203.2  5.576e-20
     205.2  5.446e-20
     207.1  5.186e-20
     209.1  5.057e-20
     211.1  4.902e-20
     213.1  4.984e-20
       215  4.688e-20
       217  4.676e-20
       219  4.927e-20
     220.9  4.916e-20
     222.9  5.053e-20
     224.9  5.046e-20
     226.9  5.167e-20
     228.8  4.856e-20
     230.8  4.628e-20
     232.8  4.659e-20
     234.8  4.544e-20
     236.7  4.374e-20
     238.7  4.366e-20
     240.7   4.31e-20
     242.6  4.343e-20
     244.6   4.25e-20
     246.6  4.263e-20
     248.6  4.755e-20
     250.5  4.376e-20
     252.5  4.024e-20
     254.5  3.915e-20
     256.4  3.949e-20
     258.4  3.764e-20
     260.4   3.61e-20
     262.4   3.45e-20
     264.3  3.336e-20
     266.3  3.193e-20
     268.3  3.214e-20
     270.3  3.158e-20
     272.2  3.058e-20
     274.2  2.956e-20
     276.2  2.857e-20
     278.1  2.885e-20
     280.1  3.003e-20
     282.1  2.962e-20
     284.1  2.959e-20
       286  2.708e-20
       288  2.754e-20
       290  2.738e-20
     291.9  2.832e-20
     293.9  2.449e-20
     295.9  2.384e-20
     297.9  2.332e-20
     299.8  2.461e-20
     301.8  2.366e-20
     303.8  2.216e-20
     305.8  2.237e-20
     307.7  2.341e-20
     309.7   2.39e-20
     311.7  2.333e-20
     313.6  2.155e-20
     315.6  2.353e-20
     317.6  2.382e-20
     319.6  2.387e-20
     321.5  2.287e-20
     323.5  2.404e-20
     325.5  2.313e-20
     327.4  2.223e-20
     329.4  2.027e-20
     331.4  2.052e-20
     333.4  2.023e-20
     335.3  1.915e-20
     337.3  1.862e-20
     339.3  1.955e-20
     341.3  1.988e-20
     343.2  2.193e-20
     345.2   2.07e-20
     347.2   1.96e-20
     349.1  1.936e-20
     351.1  1.493e-20
