     5.986      20.96
     7.958      21.29
      9.93      21.53
      11.9      21.67
     13.87      21.91
     15.85      22.08
     17.82      22.22
     19.79      22.33
     21.76      22.47
     23.74      22.57
     25.71      22.75
     27.68      22.81
     29.65       22.9
     31.62      22.98
      33.6      23.13
     35.57      23.24
     37.54      23.28
     39.51      23.38
     41.48       23.4
     43.46      23.52
     45.43      23.65
      47.4      23.67
     49.37      23.76
     51.35      23.81
     53.32      23.88
     55.29      23.96
     57.26      23.95
     59.23      23.96
     61.21       24.1
     63.18       24.1
     65.15      24.15
     67.12      24.21
     69.09      24.37
     71.07      24.41
     73.04      24.45
     75.01      24.52
     76.98      24.53
     78.96      24.56
     80.93      24.63
      82.9      24.64
     84.87      24.67
     86.84      24.76
     88.82      24.79
     90.79      24.85
     92.76      24.87
     94.73      24.93
      96.7      24.95
     98.68      24.99
     100.6      25.07
     102.6      25.07
     104.6      25.12
     106.6      25.15
     108.5      25.16
     110.5      25.18
     112.5      25.22
     114.5      25.25
     116.4      25.27
     118.4      25.31
     120.4      25.34
     122.3      25.39
     124.3      25.39
     126.3      25.38
     128.3       25.4
     130.2      25.44
     132.2      25.43
     134.2      25.45
     136.1      25.51
     138.1       25.5
     140.1      25.52
     142.1      25.54
       144      25.54
       146       25.4
       148      25.56
       150      25.62
     151.9      25.63
     153.9      25.58
     155.9      25.76
     157.8      25.77
     159.8      25.77
     161.8      25.78
     163.8      25.84
     165.7      25.81
     167.7      25.77
     169.7      25.84
     171.6       25.9
     173.6      25.89
     175.6      25.94
     177.6      25.98
     179.5      26.02
     181.5      25.99
     183.5      26.05
     185.5       26.1
     187.4      26.11
     189.4      26.12
     191.4      26.15
     193.3      26.16
     195.3      26.18
     197.3      26.22
     199.3      26.21
     201.2      26.18
     203.2      26.15
     205.2      26.18
     207.1      26.23
     209.1      26.26
     211.1      26.29
     213.1      26.27
       215      26.34
       217      26.34
       219      26.28
     220.9      26.29
     222.9      26.26
     224.9      26.26
     226.9      26.23
     228.8       26.3
     230.8      26.35
     232.8      26.35
     234.8      26.37
     236.7      26.41
     238.7      26.42
     240.7      26.43
     242.6      26.42
     244.6      26.45
     246.6      26.44
     248.6      26.32
     250.5      26.41
     252.5       26.5
     254.5      26.53
     256.4      26.52
     258.4      26.58
     260.4      26.62
     262.4      26.67
     264.3      26.71
     266.3      26.76
     268.3      26.75
     270.3      26.77
     272.2       26.8
     274.2      26.84
     276.2      26.88
     278.1      26.87
     280.1      26.82
     282.1      26.84
     284.1      26.84
       286      26.93
       288      26.92
       290      26.92
     291.9      26.89
     293.9      27.04
     295.9      27.07
     297.9       27.1
     299.8      27.04
     301.8      27.08
     303.8      27.15
     305.8      27.14
     307.7      27.09
     309.7      27.07
     311.7       27.1
     313.6      27.18
     315.6      27.09
     317.6      27.07
     319.6      27.07
     321.5      27.12
     323.5      27.06
     325.5      27.11
     327.4      27.15
     329.4      27.25
     331.4      27.24
     333.4      27.25
     335.3      27.31
     337.3      27.34
     339.3      27.29
     341.3      27.27
     343.2      27.16
     345.2      27.23
     347.2      27.29
     349.1       27.3
     351.1      27.58
