     9.106  2.708e+08
     15.18  1.657e+08
     21.25  1.106e+08
     27.32  8.196e+07
     33.39  6.214e+07
     39.46  5.061e+07
     45.53   4.17e+07
      51.6  3.443e+07
     57.67  2.936e+07
     63.74  2.564e+07
     69.81  2.189e+07
     75.88  1.905e+07
     81.95  1.729e+07
     88.02   1.53e+07
     94.09  1.336e+07
     100.2  1.185e+07
     106.2  1.066e+07
     112.3  9.839e+06
     118.4  9.071e+06
     124.4  8.311e+06
     130.5  7.844e+06
     136.6  7.609e+06
     142.7  7.272e+06
     148.7  6.684e+06
     154.8  6.144e+06
     160.9  5.738e+06
     166.9  5.484e+06
       173  5.363e+06
     179.1  4.842e+06
     185.2  4.543e+06
     191.2  4.121e+06
     197.3  4.043e+06
     203.4  3.855e+06
     209.4  3.793e+06
     215.5  3.575e+06
     221.6  3.585e+06
     227.6  3.659e+06
     233.7  3.511e+06
     239.8  3.078e+06
     245.9  2.896e+06
     251.9  2.625e+06
       258  2.109e+06
     264.1  1.672e+06
     270.1  1.252e+06
     276.2  1.018e+06
     282.3  8.658e+05
     288.4  7.477e+05
     294.4  6.148e+05
     300.5  4.618e+05
     306.6  3.818e+05
     312.6  3.267e+05
     318.7  2.609e+05
     324.8  2.072e+05
     330.8  1.425e+05
     336.9  1.026e+05
       343  6.889e+04
     349.1  3.638e+04
