     3.035  1.698e-17
     9.106  4.069e-18
     15.18  2.456e-18
     21.25  1.713e-18
     27.32  1.211e-18
     33.39  9.131e-19
     39.46  7.339e-19
     45.53  5.779e-19
      51.6  4.757e-19
     57.67  4.178e-19
     63.74  3.626e-19
     69.81  2.906e-19
     75.88  2.518e-19
     81.95  2.258e-19
     88.02  1.992e-19
     94.09  1.757e-19
     100.2  1.557e-19
     106.2  1.419e-19
     112.3  1.318e-19
     118.4  1.216e-19
     124.4  1.126e-19
     130.5  1.091e-19
     136.6  1.021e-19
     142.7  1.019e-19
     148.7  9.604e-20
     154.8   8.49e-20
     160.9  7.792e-20
     166.9  7.672e-20
       173  6.985e-20
     179.1  6.432e-20
     185.2  5.956e-20
     191.2  5.639e-20
     197.3  5.309e-20
     203.4  5.461e-20
     209.4  5.071e-20
     215.5  4.771e-20
     221.6  4.934e-20
     227.6   5.02e-20
     233.7   4.56e-20
     239.8  4.349e-20
     245.9  4.315e-20
     251.9  4.272e-20
       258  3.809e-20
     264.1  3.331e-20
     270.1  3.156e-20
     276.2  2.898e-20
     282.3  2.965e-20
     288.4  2.758e-20
     294.4  2.519e-20
     300.5  2.359e-20
     306.6  2.274e-20
     312.6  2.314e-20
     318.7  2.365e-20
     324.8   2.32e-20
     330.8  2.076e-20
     336.9  1.888e-20
       343   2.08e-20
     349.1  1.888e-20
