     3.035   2.53e+10
     9.106  1.193e+11
     15.18  2.153e+11
     21.25  3.049e+11
     27.32  3.903e+11
     33.39  4.694e+11
     39.46  5.456e+11
     45.53   6.18e+11
      51.6  6.858e+11
     57.67  7.504e+11
     63.74  8.127e+11
     69.81   8.71e+11
     75.88  9.261e+11
     81.95  9.802e+11
     88.02  1.032e+12
     94.09   1.08e+12
     100.2  1.125e+12
     106.2  1.168e+12
     112.3   1.21e+12
     118.4  1.251e+12
     124.4  1.291e+12
     130.5   1.33e+12
     136.6  1.369e+12
     142.7  1.409e+12
     148.7  1.447e+12
     154.8  1.483e+12
     160.9  1.518e+12
     166.9  1.553e+12
       173  1.589e+12
     179.1  1.622e+12
     185.2  1.654e+12
     191.2  1.684e+12
     197.3  1.714e+12
     203.4  1.744e+12
     209.4  1.774e+12
     215.5  1.804e+12
     221.6  1.834e+12
     227.6  1.866e+12
     233.7  1.897e+12
     239.8  1.925e+12
     245.9  1.952e+12
     251.9  1.978e+12
       258  1.998e+12
     264.1  2.015e+12
     270.1  2.028e+12
     276.2  2.039e+12
     282.3  2.048e+12
     288.4  2.056e+12
     294.4  2.063e+12
     300.5  2.069e+12
     306.6  2.073e+12
     312.6  2.077e+12
     318.7   2.08e+12
     324.8  2.083e+12
     330.8  2.085e+12
     336.9  2.086e+12
       343  2.087e+12
     349.1  2.087e+12
