     3.035      19.94
     9.106      21.49
     15.18      22.04
     21.25      22.43
     27.32      22.81
     33.39      23.11
     39.46      23.35
     45.53      23.61
      51.6      23.82
     57.67      23.96
     63.74      24.12
     69.81      24.36
     75.88      24.51
     81.95      24.63
     88.02      24.77
     94.09       24.9
     100.2      25.04
     106.2      25.14
     112.3      25.22
     118.4       25.3
     124.4      25.39
     130.5      25.42
     136.6      25.49
     142.7       25.5
     148.7      25.56
     154.8      25.69
     160.9      25.79
     166.9       25.8
       173      25.91
     179.1         26
     185.2      26.08
     191.2      26.14
     197.3       26.2
     203.4      26.17
     209.4      26.25
     215.5      26.32
     221.6      26.28
     227.6      26.26
     233.7      26.37
     239.8      26.42
     245.9      26.43
     251.9      26.44
       258      26.56
     264.1      26.71
     270.1      26.77
     276.2      26.86
     282.3      26.84
     288.4      26.91
     294.4      27.01
     300.5      27.08
     306.6      27.12
     312.6      27.11
     318.7      27.08
     324.8       27.1
     330.8      27.22
     336.9      27.33
       343      27.22
     349.1      27.33
