     16.92  4.932e-18
     20.75  4.422e-18
     24.58  4.401e-18
     28.41  3.402e-18
     32.24  2.289e-18
     36.07  1.755e-18
      39.9  2.248e-18
     43.73  1.187e-18
     47.56  1.061e-18
     51.39  9.752e-19
     55.22  8.908e-19
     59.05  7.544e-19
     62.88   6.55e-19
     66.71  6.541e-19
     70.54  6.568e-19
     74.38  5.105e-19
     78.21  5.684e-19
     82.04  4.701e-19
     85.87  4.062e-19
      89.7  3.463e-19
     93.53  3.161e-19
     97.36  2.822e-19
     101.2  2.721e-19
       105  2.539e-19
     108.9   2.32e-19
     112.7  2.096e-19
     116.5  2.076e-19
     120.3  2.035e-19
     124.2  1.861e-19
       128  1.558e-19
     131.8  1.429e-19
     135.7   1.55e-19
     139.5  1.379e-19
     143.3  1.163e-19
     147.2  9.832e-20
       151  9.398e-20
     154.8  9.262e-20
     158.6  8.794e-20
     162.5   8.46e-20
     166.3  7.808e-20
     170.1  7.179e-20
       174  7.723e-20
     177.8  5.891e-20
     181.6  6.855e-20
     185.5  6.294e-20
     189.3  5.962e-20
     193.1   5.48e-20
       197  5.071e-20
     200.8  5.348e-20
     204.6  5.602e-20
     208.4  4.716e-20
     212.3  5.266e-20
     216.1   5.18e-20
     219.9  3.743e-20
     223.8  3.452e-20
     227.6  3.736e-20
     231.4  3.781e-20
     235.3  3.444e-20
     239.1  3.095e-20
     242.9  3.147e-20
     246.8  3.601e-20
     250.6  3.454e-20
     254.4  2.699e-20
     258.2  2.796e-20
     262.1  2.233e-20
     265.9  2.925e-20
     269.7  2.829e-20
     273.6  2.253e-20
     277.4  2.466e-20
     281.2  1.878e-20
     285.1  2.607e-20
     288.9   2.34e-20
     292.7    1.6e-20
     296.6  1.412e-20
     300.4  1.549e-20
     304.2  2.136e-20
       308  2.185e-20
     311.9  2.846e-20
     315.7  2.132e-20
     319.5  1.724e-20
     323.4  1.226e-20
     327.2  6.847e-21
       331  1.238e-20
     334.9  5.378e-21
     338.7   4.55e-21
     342.5  9.083e-21
     346.4  1.933e-20
     350.2  1.865e-20
