     16.92      21.28
     20.75       21.4
     24.58      21.41
     28.41      21.69
     32.24      22.12
     36.07      22.41
      39.9      22.14
     43.73      22.83
     47.56      22.95
     51.39      23.04
     55.22      23.14
     59.05      23.32
     62.88      23.48
     66.71      23.48
     70.54      23.47
     74.38      23.75
     78.21      23.63
     82.04      23.84
     85.87      23.99
      89.7      24.17
     93.53      24.27
     97.36      24.39
     101.2      24.43
       105       24.5
     108.9       24.6
     112.7      24.71
     116.5      24.72
     120.3      24.74
     124.2      24.84
       128      25.03
     131.8      25.13
     135.7      25.04
     139.5      25.17
     143.3      25.35
     147.2      25.53
       151      25.58
     154.8       25.6
     158.6      25.66
     162.5       25.7
     166.3      25.78
     170.1      25.88
       174       25.8
     177.8      26.09
     181.6      25.93
     185.5      26.02
     189.3      26.08
     193.1      26.17
       197      26.25
     200.8       26.2
     204.6      26.15
     208.4      26.33
     212.3      26.21
     216.1      26.23
     219.9      26.58
     223.8      26.67
     227.6      26.58
     231.4      26.57
     235.3      26.67
     239.1      26.79
     242.9      26.77
     246.8      26.63
     250.6      26.67
     254.4      26.94
     258.2       26.9
     262.1      27.14
     265.9      26.85
     269.7      26.89
     273.6      27.13
     277.4      27.04
     281.2      27.33
     285.1      26.98
     288.9      27.09
     292.7      27.51
     296.6      27.64
     300.4      27.54
     304.2      27.19
       308      27.17
     311.9      26.88
     315.7      27.19
     319.5      27.42
     323.4      27.79
     327.2      28.43
       331      27.78
     334.9      28.69
     338.7      28.87
     342.5      28.12
     346.4       27.3
     350.2      27.34
