D    1   -0.03314      1.014    -0.1464     0.6162   -0.07667      0.213     0.2818    -0.4342   -0.07443     0.1641    -0.1332     0.0925    -0.2483     0.0369    -0.3445    -0.1777 
D    2    -0.0532       1.04    -0.1374     0.5984    -0.1766     0.2933   -0.06296    -0.1431    -0.1108     0.1253    -0.1559    0.04686     -0.226   -0.01511    -0.4769    0.02541 
D    3   -0.06233      1.037   -0.09918     0.5959   -0.09243      0.161  -0.002416    0.03648    -0.1051     0.1393    -0.1499    0.07324     -0.159  -0.006886    -0.6165   -0.04725 
D    4    -0.0865      1.049    -0.1472      0.572     -0.248     0.2417    0.09041    -0.4081    -0.1612     0.2024    -0.2288     0.1299    -0.6464     0.1725    -0.6113   -0.09412 
D    5    -0.0488      1.043   -0.06449     0.6338     -0.329     0.3434   -0.01298   -0.02991   -0.08991     0.1818    -0.1995     0.1213   -0.08555   -0.05951    -0.2748  -0.002969 
D    6    -0.0641      1.027    -0.0478     0.5731    -0.1079     0.1857   -0.06149    -0.1321    -0.1053     0.1573    -0.1342     0.1164    -0.2537    0.04032    -0.3162   -0.03052 
D    7   -0.04573      1.033   -0.09934     0.6126   -0.08045     0.2405    -0.3448    0.07115   -0.06974     0.1585    -0.1597    0.07519      -0.18   -0.00362    -0.5158   0.004484 
D    8   -0.05694      1.065   -0.02217     0.5787   -0.04791     0.1777   -0.07393    0.07284   -0.06871     0.1449    -0.2643     0.1565     -0.213   -0.01396    -0.5435    0.04598 
D    9    -0.0864       1.08    -0.1187      0.637    -0.1137     0.2531    -0.1139    -0.1292    -0.0526    0.09702    -0.1236    0.07911    -0.2737    0.05496      -0.64     0.1119 
D   10   -0.01928      1.025   -0.06958     0.5857    -0.1955      0.158     -0.251     0.1626    -0.1286     0.2089    -0.1653     0.1189    -0.1383   -0.09266    -0.1949   -0.05466 
D   11   -0.06566      1.036    -0.1442     0.5788   -0.09543     0.1968    -0.1258    -0.2266   -0.08678     0.1803    -0.2071     0.1136    -0.1269   0.006232    -0.2499   -0.08739 
D   12   -0.05636      1.042   -0.08349     0.6015    -0.1057     0.1698    -0.1387   -0.08174     -0.078      0.138   -0.07235    0.02976  0.0004746    -0.1472    -0.3613   -0.04111 
D   13   -0.02566      1.024    -0.1117     0.6266    -0.1924     0.2665    -0.3428    0.05576   -0.08294     0.1428    -0.2185     0.1178    -0.3297    0.08618    -0.1099   -0.07129 
D   14   -0.05463      1.011    -0.1679     0.6019    -0.1502     0.3023   -0.04814   -0.06318   -0.08792     0.1595    -0.1415     0.1094    -0.2061    0.01097    -0.2694  -0.008113 
D   15   -0.04317       1.02    -0.1119     0.6256    -0.1845     0.2935    -0.3409    0.08258    -0.0693     0.1481    -0.1842     0.1073    -0.1364   0.003349    -0.5072   -0.01054 
D   16   -0.03628      1.024     -0.132     0.6385   -0.03281      0.138    -0.2685    0.06975   -0.09645     0.1721    -0.1299    0.07182    0.04375    -0.1197    -0.4393    0.05392 
D   17   -0.05556       1.06   -0.05347     0.5763    -0.3641       0.25    -0.1483   -0.05734    -0.1818     0.2358    -0.2927     0.2046    -0.2621    0.06112    0.03481    -0.1416 
D   18   -0.07716      1.052    -0.1063     0.6377    -0.0913      0.221    -0.1655   -0.01275   -0.09078     0.1858    -0.1605     0.1043    -0.2221    0.08014    -0.4886    0.04006 
D   19   -0.05405      1.028   -0.04107     0.5816    -0.1117     0.1944     0.1142     -0.407   -0.08581     0.1745   -0.09147    0.06557    -0.3463    0.07374    -0.4474    -0.1185 
D   20   -0.03745      1.008     -0.028     0.5904    -0.1878     0.2542    0.01212     -0.175    -0.1036     0.1573    -0.1434     0.1182     -0.119   -0.03395    -0.3066    -0.1237 
D   21    -0.0516      1.051   -0.09189     0.6385   -0.06419     0.2984    -0.0166    -0.1091   -0.08503      0.126    -0.1266    0.08439    -0.1134  -0.000532    -0.3165   -0.05915 
D   22   -0.02581      1.015   -0.06091     0.6234    -0.1586     0.2902    -0.1998   -0.02659   -0.07463     0.1502    -0.1523    0.08991    -0.1638   0.004281    -0.4133  -0.004704 
D   23   -0.05874      1.039     -0.119     0.6376    -0.1849     0.2608    -0.2942    0.05452    -0.1321      0.153    -0.2349     0.1189    -0.2712    0.06009     -0.223   -0.06615 
D   24   -0.03387      1.013   -0.08915     0.6057    -0.1053     0.2329    -0.1592   -0.08409    -0.1018     0.1517    -0.1347    0.09306    -0.1696   -0.01652    -0.4357   -0.06118 
D   25   -0.07064      1.065    -0.1777     0.6021    -0.1442     0.3387   -0.09624    0.02183    -0.0828     0.1383    -0.1156    0.08716   -0.09891   0.003346    -0.3114     0.0122 
D   26   -0.02591      1.012   -0.02999     0.5447   -0.09035     0.1269     0.0107    -0.3404     -0.119     0.1949    -0.1887     0.1474   -0.05939    -0.1129    -0.3881    -0.1844 
D   27   -0.04198      1.039   -0.08662     0.6445    -0.1306     0.2832     -0.333   0.001004    -0.0684     0.1316    -0.1356    0.08887    -0.2213    0.04505    -0.4409   -0.06612 
D   28   -0.07458      1.033    -0.1406     0.5968      -0.25     0.2825    -0.1194    -0.1085   -0.07226     0.1599    -0.1275     0.1417   -0.04635      0.011    -0.5422   -0.01649 
D   29   -0.01754      1.022   -0.09188     0.5805    -0.2172     0.2449     -0.392     0.1563   -0.06772      0.154   -0.06933    0.07434    -0.1824    0.06965    -0.2289    0.02404 
