     6.972   6.27e-18
     10.92  4.674e-18
     14.86  3.622e-18
      18.8  2.996e-18
     22.75  2.258e-18
     26.69  1.921e-18
     30.64  1.676e-18
     34.58  1.625e-18
     38.53  1.267e-18
     42.47  1.026e-18
     46.41  7.988e-19
     50.36  7.559e-19
      54.3  6.686e-19
     58.25  5.304e-19
     62.19  4.694e-19
     66.14   5.31e-19
     70.08  3.634e-19
     74.02  3.264e-19
     77.97   3.01e-19
     81.91  2.936e-19
     85.86  2.636e-19
      89.8  2.484e-19
     93.75  2.207e-19
     97.69  2.155e-19
     101.6  2.096e-19
     105.6   2.01e-19
     109.5  1.814e-19
     113.5  1.729e-19
     117.4  1.751e-19
     121.4  1.714e-19
     125.3  1.789e-19
     129.2  1.392e-19
     133.2  1.315e-19
     137.1  1.189e-19
     141.1  1.115e-19
       145  1.001e-19
       149  9.624e-20
     152.9  8.441e-20
     156.9  8.599e-20
     160.8  8.325e-20
     164.7  7.592e-20
     168.7  6.832e-20
     172.6  7.364e-20
     176.6  6.884e-20
     180.5   6.34e-20
     184.5  6.177e-20
     188.4  5.751e-20
     192.4  5.491e-20
     196.3  5.325e-20
     200.2  4.856e-20
     204.2  5.067e-20
     208.1  5.145e-20
     212.1  6.693e-20
       216  5.062e-20
       220  4.184e-20
     223.9  3.974e-20
     227.9  3.697e-20
     231.8  3.226e-20
     235.7  3.058e-20
     239.7  3.102e-20
     243.6  2.964e-20
     247.6  2.704e-20
     251.5  2.967e-20
     255.5  3.053e-20
     259.4  3.057e-20
     263.4  3.217e-20
     267.3  2.509e-20
     271.2  2.292e-20
     275.2  2.501e-20
     279.1  2.471e-20
     283.1  2.096e-20
       287  1.877e-20
       291  1.993e-20
     294.9  1.881e-20
     298.8   1.62e-20
     302.8  2.024e-20
     306.7  1.675e-20
     310.7  1.401e-20
     314.6  1.643e-20
     318.6  1.345e-20
     322.5  1.101e-20
     326.5  1.385e-20
     330.4  1.657e-20
     334.3  8.631e-21
     338.3  1.221e-20
     342.2  1.788e-20
     346.2  1.377e-20
     350.1   9.59e-21
