     6.972      21.02
     10.92      21.34
     14.86      21.62
      18.8      21.82
     22.75      22.13
     26.69      22.31
     30.64      22.46
     34.58      22.49
     38.53      22.76
     42.47      22.99
     46.41      23.26
     50.36      23.32
      54.3      23.45
     58.25       23.7
     62.19      23.84
     66.14       23.7
     70.08      24.12
     74.02      24.23
     77.97      24.32
     81.91      24.35
     85.86      24.46
      89.8      24.53
     93.75      24.66
     97.69      24.68
     101.6      24.71
     105.6      24.76
     109.5      24.87
     113.5      24.92
     117.4      24.91
     121.4      24.93
     125.3      24.88
     129.2      25.16
     133.2      25.22
     137.1      25.33
     141.1       25.4
       145      25.52
       149      25.56
     152.9       25.7
     156.9      25.68
     160.8      25.72
     164.7      25.82
     168.7      25.93
     172.6      25.85
     176.6      25.92
     180.5      26.01
     184.5      26.04
     188.4      26.12
     192.4      26.17
     196.3       26.2
     200.2       26.3
     204.2      26.25
     208.1      26.24
     212.1      25.95
       216      26.26
       220      26.46
     223.9      26.52
     227.9       26.6
     231.8      26.74
     235.7       26.8
     239.7      26.79
     243.6      26.84
     247.6      26.94
     251.5      26.84
     255.5       26.8
     259.4       26.8
     263.4      26.75
     267.3      27.02
     271.2      27.12
     275.2      27.02
     279.1      27.03
     283.1      27.21
       287      27.33
       291      27.27
     294.9      27.33
     298.8      27.49
     302.8      27.25
     306.7      27.46
     310.7      27.65
     314.6      27.48
     318.6      27.69
     322.5      27.91
     326.5      27.66
     330.4      27.47
     334.3      28.18
     338.3       27.8
     342.2      27.39
     346.2      27.67
     350.1      28.06
