        12  2.143e+08
     20.01  1.198e+08
     28.01  7.995e+07
     36.01   5.73e+07
     44.01  4.401e+07
     52.01  3.431e+07
     60.02  2.773e+07
     68.02   2.34e+07
     76.02  1.918e+07
     84.02  1.675e+07
     92.03  1.414e+07
       100    1.2e+07
       108   1.04e+07
       116  9.434e+06
       124  8.403e+06
       132  7.782e+06
       140  7.413e+06
       148  6.838e+06
       156  6.077e+06
       164  5.636e+06
       172  5.324e+06
       180  4.845e+06
     188.1  4.389e+06
     196.1  4.033e+06
     204.1  3.862e+06
     212.1  3.706e+06
     220.1  3.547e+06
     228.1  3.638e+06
     236.1  3.395e+06
     244.1   2.95e+06
     252.1  2.651e+06
     260.1  2.038e+06
     268.1   1.43e+06
     276.1  1.051e+06
     284.1  8.594e+05
     292.1  6.784e+05
     300.1   4.95e+05
     308.1  3.721e+05
     316.1  2.996e+05
     324.1  2.192e+05
     332.1  1.421e+05
     340.1  9.108e+04
     348.1  4.565e+04
