     4.001  1.238e-17
        12  3.138e-18
     20.01  1.815e-18
     28.01  1.185e-18
     36.01  8.137e-19
     44.01  6.104e-19
     52.01  4.697e-19
     60.02  3.961e-19
     68.02   3.12e-19
     76.02  2.515e-19
     84.02  2.166e-19
     92.03  1.827e-19
       100  1.569e-19
       108  1.389e-19
       116   1.26e-19
       124  1.132e-19
       132  1.072e-19
       140  9.952e-20
       148  9.864e-20
       156  8.323e-20
       164   7.68e-20
       172  7.169e-20
       180  6.371e-20
     188.1  5.782e-20
     196.1   5.35e-20
     204.1  5.415e-20
     212.1  4.908e-20
     220.1   4.88e-20
     228.1  4.951e-20
     236.1  4.448e-20
     244.1  4.365e-20
     252.1  4.199e-20
     260.1   3.66e-20
     268.1  3.207e-20
     276.1  2.931e-20
     284.1  2.877e-20
     292.1   2.65e-20
     300.1  2.369e-20
     308.1  2.289e-20
     316.1  2.314e-20
     324.1  2.324e-20
     332.1  2.049e-20
     340.1  1.971e-20
     348.1  1.943e-20
