     4.001  3.704e+10
        12  1.664e+11
     20.01  2.869e+11
     28.01  3.995e+11
     36.01  5.032e+11
     44.01  6.006e+11
     52.01  6.903e+11
     60.02   7.74e+11
     68.02   8.54e+11
     76.02  9.274e+11
     84.02  9.981e+11
     92.03  1.064e+12
       100  1.124e+12
       108   1.18e+12
       116  1.235e+12
       124  1.288e+12
       132   1.34e+12
       140  1.392e+12
       148  1.443e+12
       156   1.49e+12
       164  1.537e+12
       172  1.583e+12
       180  1.627e+12
     188.1  1.668e+12
     196.1  1.708e+12
     204.1  1.748e+12
     212.1  1.787e+12
     220.1  1.826e+12
     228.1  1.868e+12
     236.1  1.908e+12
     244.1  1.945e+12
     252.1  1.978e+12
     260.1  2.005e+12
     268.1  2.024e+12
     276.1  2.039e+12
     284.1  2.051e+12
     292.1  2.061e+12
     300.1  2.068e+12
     308.1  2.074e+12
     316.1  2.079e+12
     324.1  2.082e+12
     332.1  2.085e+12
     340.1  2.086e+12
     348.1  2.087e+12
