     4.001      20.28
        12      21.77
     20.01      22.37
     28.01      22.83
     36.01      23.24
     44.01      23.55
     52.01      23.84
     60.02      24.02
     68.02      24.28
     76.02      24.51
     84.02      24.68
     92.03      24.86
       100      25.03
       108      25.16
       116      25.26
       124      25.38
       132      25.44
       140      25.52
       148      25.53
       156      25.72
       164       25.8
       172      25.88
       180      26.01
     188.1      26.11
     196.1       26.2
     204.1      26.18
     212.1      26.29
     220.1       26.3
     228.1      26.28
     236.1       26.4
     244.1      26.42
     252.1      26.46
     260.1      26.61
     268.1      26.75
     276.1      26.85
     284.1      26.87
     292.1      26.96
     300.1      27.08
     308.1      27.12
     316.1      27.11
     324.1       27.1
     332.1      27.24
     340.1      27.28
     348.1      27.29
