     1.004   1.42e-13
     3.011  1.038e-16
     5.018  4.674e-17
     7.025   3.44e-17
     9.033  2.802e-17
     11.04  2.825e-17
     13.05  2.318e-17
     15.05  1.875e-17
     17.06  1.305e-17
     19.07  1.027e-17
     21.08  8.135e-18
     23.08  6.722e-18
     25.09  4.952e-18
      27.1  3.621e-18
      29.1   3.39e-18
     31.11  2.986e-18
     33.12  2.608e-18
     35.13   2.62e-18
     37.13  2.811e-18
     39.14  2.642e-18
     41.15  2.706e-18
     43.16  2.058e-18
     45.16  1.665e-18
     47.17  1.329e-18
     49.18  9.954e-19
     51.18  9.995e-19
     53.19  1.199e-18
      55.2  1.001e-18
     57.21  9.475e-19
     59.21  1.031e-18
     61.22  8.607e-19
     63.23  8.363e-19
     65.24  8.862e-19
     67.24  8.982e-19
     69.25  9.934e-19
     71.26  7.676e-19
     73.26   6.93e-19
     75.27  7.275e-19
     77.28  8.264e-19
     79.29  8.185e-19
     81.29  5.272e-19
      83.3  8.766e-19
     85.31  8.991e-19
     87.31  6.938e-19
     89.32  4.141e-19
     91.33  3.743e-19
     93.34  3.584e-19
     95.34  2.296e-19
     97.35  1.605e-19
     99.36  1.504e-19
     101.4  1.608e-19
     103.4    1.6e-19
     105.4  1.471e-19
     107.4  1.659e-19
     109.4  1.519e-19
     111.4  1.525e-19
     113.4  1.201e-19
     115.4  1.271e-19
     117.4  1.118e-19
     119.4  1.361e-19
     121.4  1.315e-19
     123.4  9.039e-20
     125.5  7.999e-20
     127.5  8.447e-20
     129.5   9.46e-20
     131.5  7.256e-20
     133.5  7.876e-20
     135.5  8.265e-20
     137.5  8.299e-20
     139.5  9.638e-20
     141.5  8.167e-20
     143.5  7.233e-20
     145.5  7.085e-20
     147.5  8.108e-20
     149.5  6.828e-20
     151.5  5.709e-20
     153.6  6.073e-20
     155.6  5.388e-20
     157.6  5.596e-20
     159.6  4.553e-20
     161.6  6.053e-20
     163.6  4.913e-20
     165.6  3.914e-20
     167.6  2.638e-20
     169.6  3.409e-20
     171.6  4.018e-20
     173.6  6.147e-20
     175.6  3.244e-20
     177.6  2.563e-20
     179.6  2.559e-20
     181.7  3.025e-20
     183.7  2.115e-20
     185.7  1.659e-20
     187.7  2.128e-20
     189.7  1.959e-20
     191.7  1.193e-20
     193.7  9.326e-21
     195.7  8.562e-21
     197.7   1.28e-20
     199.7  1.702e-20
     201.7  1.856e-20
     203.7  1.358e-20
     205.7  1.381e-20
     207.7  1.291e-20
     209.8  8.278e-21
     211.8  8.987e-21
     213.8  8.949e-21
     215.8  1.148e-20
     217.8  1.216e-20
     219.8  6.548e-21
     221.8  6.182e-21
     223.8  8.939e-21
     225.8  8.265e-21
     227.8  5.403e-21
     229.8  1.024e-20
     231.8  1.106e-20
     233.8  6.797e-21
     235.8    5.1e-21
     237.9  1.375e-21
     239.9    3.4e-21
     241.9  4.715e-21
     243.9  4.886e-21
     245.9  4.888e-21
     247.9  7.085e-21
     249.9  7.326e-21
     251.9  1.094e-20
     253.9  1.506e-20
     255.9   1.08e-20
     257.9  7.419e-21
     259.9  3.102e-21
     261.9  5.318e-21
       264  7.006e-21
       266  4.736e-21
       268  1.341e-21
       270  4.421e-22
       272  4.596e-21
       274   4.72e-21
       276  3.042e-21
       278  9.212e-22
       280  2.122e-22
       282      1e-23
       284      1e-23
       286  9.933e-23
       288  1.238e-21
       290  6.058e-21
     292.1  3.185e-21
     294.1  2.383e-22
     296.1      1e-23
     298.1      1e-23
     300.1      1e-23
     302.1      1e-23
     304.1      1e-23
     306.1      1e-23
     308.1      1e-23
     310.1      1e-23
     312.1      1e-23
     314.1      1e-23
     316.1      1e-23
     318.1  8.942e-22
     320.2  1.178e-20
     322.2  2.485e-20
     324.2   2.97e-22
     326.2      1e-23
     328.2      1e-23
     330.2      1e-23
     332.2      1e-23
     334.2      1e-23
     336.2      1e-23
     338.2      1e-23
     340.2      1e-23
     342.2      1e-23
     344.2      1e-23
     346.2      1e-23
     348.3      1e-23
     350.3      1e-23
