     1.004  5.075e+10
     3.011  9.112e+10
     5.018  1.092e+11
     7.025  1.234e+11
     9.033  1.395e+11
     11.04  1.589e+11
     13.05  1.796e+11
     15.05  2.023e+11
     17.06  2.238e+11
     19.07  2.427e+11
     21.08  2.627e+11
     23.08  2.777e+11
     25.09  2.905e+11
      27.1  2.992e+11
      29.1   3.08e+11
     31.11   3.16e+11
     33.12  3.234e+11
     35.13  3.303e+11
     37.13  3.384e+11
     39.14  3.463e+11
     41.15   3.54e+11
     43.16  3.625e+11
     45.16  3.681e+11
     47.17  3.745e+11
     49.18  3.791e+11
     51.18  3.836e+11
     53.19  3.883e+11
      55.2  3.931e+11
     57.21  3.976e+11
     59.21  4.025e+11
     61.22  4.065e+11
     63.23  4.104e+11
     65.24   4.15e+11
     67.24  4.193e+11
     69.25  4.227e+11
     71.26  4.269e+11
     73.26  4.306e+11
     75.27  4.344e+11
     77.28  4.376e+11
     79.29  4.415e+11
     81.29  4.448e+11
      83.3  4.476e+11
     85.31  4.508e+11
     87.31  4.539e+11
     89.32  4.565e+11
     91.33  4.581e+11
     93.34    4.6e+11
     95.34  4.622e+11
     97.35  4.639e+11
     99.36  4.654e+11
     101.4  4.666e+11
     103.4  4.681e+11
     105.4  4.694e+11
     107.4  4.711e+11
     109.4  4.725e+11
     111.4  4.741e+11
     113.4  4.755e+11
     115.4  4.767e+11
     117.4   4.78e+11
     119.4  4.789e+11
     121.4  4.805e+11
     123.4  4.813e+11
     125.5  4.822e+11
     127.5  4.831e+11
     129.5  4.842e+11
     131.5   4.85e+11
     133.5   4.86e+11
     135.5  4.871e+11
     137.5   4.88e+11
     139.5  4.892e+11
     141.5  4.904e+11
     143.5  4.912e+11
     145.5  4.922e+11
     147.5  4.932e+11
     149.5  4.943e+11
     151.5  4.951e+11
     153.6   4.96e+11
     155.6  4.968e+11
     157.6  4.977e+11
     159.6  4.982e+11
     161.6  4.988e+11
     163.6  4.994e+11
     165.6      5e+11
     167.6  5.004e+11
     169.6  5.008e+11
     171.6  5.015e+11
     173.6  5.022e+11
     175.6  5.031e+11
     177.6  5.036e+11
     179.6  5.039e+11
     181.7  5.044e+11
     183.7  5.048e+11
     185.7   5.05e+11
     187.7  5.052e+11
     189.7  5.056e+11
     191.7  5.059e+11
     193.7  5.061e+11
     195.7  5.062e+11
     197.7  5.064e+11
     199.7  5.065e+11
     201.7   5.07e+11
     203.7  5.072e+11
     205.7  5.075e+11
     207.7  5.078e+11
     209.8   5.08e+11
     211.8  5.082e+11
     213.8  5.084e+11
     215.8  5.085e+11
     217.8  5.089e+11
     219.8  5.091e+11
     221.8  5.091e+11
     223.8  5.094e+11
     225.8  5.096e+11
     227.8  5.097e+11
     229.8  5.097e+11
     231.8  5.101e+11
     233.8  5.103e+11
     235.8  5.105e+11
     237.9  5.105e+11
     239.9  5.105e+11
     241.9  5.107e+11
     243.9  5.108e+11
     245.9  5.108e+11
     247.9  5.111e+11
     249.9  5.111e+11
     251.9  5.113e+11
     253.9  5.115e+11
     255.9  5.118e+11
     257.9   5.12e+11
     259.9   5.12e+11
     261.9  5.121e+11
       264  5.122e+11
       266  5.123e+11
       268  5.123e+11
       270  5.123e+11
       272  5.123e+11
       274  5.124e+11
       276  5.125e+11
       278  5.125e+11
       280  5.125e+11
       282  5.125e+11
       284  5.125e+11
       286  5.125e+11
       288  5.125e+11
       290  5.125e+11
     292.1  5.126e+11
     294.1  5.126e+11
     296.1  5.126e+11
     298.1  5.126e+11
     300.1  5.126e+11
     302.1  5.126e+11
     304.1  5.126e+11
     306.1  5.126e+11
     308.1  5.126e+11
     310.1  5.126e+11
     312.1  5.126e+11
     314.1  5.126e+11
     316.1  5.126e+11
     318.1  5.126e+11
     320.2  5.126e+11
     322.2  5.127e+11
     324.2  5.127e+11
     326.2  5.127e+11
     328.2  5.127e+11
     330.2  5.127e+11
     332.2  5.127e+11
     334.2  5.127e+11
     336.2  5.127e+11
     338.2  5.127e+11
     340.2  5.127e+11
     342.2  5.127e+11
     344.2  5.127e+11
     346.2  5.127e+11
     348.3  5.127e+11
     350.3  5.127e+11
