     1.004      10.14
     3.011      17.98
     5.018      18.84
     7.025      19.17
     9.033       19.4
     11.04      19.39
     13.05       19.6
     15.05      19.83
     17.06      20.23
     19.07      20.49
     21.08      20.74
     23.08      20.95
     25.09      21.28
      27.1      21.62
      29.1      21.69
     31.11      21.83
     33.12      21.98
     35.13      21.97
     37.13      21.89
     39.14      21.96
     41.15      21.94
     43.16      22.23
     45.16      22.46
     47.17      22.71
     49.18      23.02
     51.18      23.02
     53.19      22.82
      55.2      23.01
     57.21      23.07
     59.21      22.98
     61.22      23.18
     63.23      23.21
     65.24      23.15
     67.24      23.13
     69.25      23.02
     71.26       23.3
     73.26      23.41
     75.27      23.36
     77.28      23.22
     79.29      23.23
     81.29      23.71
      83.3      23.16
     85.31      23.13
     87.31      23.41
     89.32      23.97
     91.33      24.08
     93.34      24.13
     95.34      24.61
     97.35         25
     99.36      25.07
     101.4         25
     103.4      25.01
     105.4       25.1
     107.4      24.97
     109.4      25.06
     111.4      25.06
     113.4      25.32
     115.4      25.26
     117.4       25.4
     119.4      25.18
     121.4      25.22
     123.4      25.63
     125.5      25.76
     127.5       25.7
     129.5      25.58
     131.5      25.86
     133.5      25.78
     135.5      25.72
     137.5      25.72
     139.5      25.56
     141.5      25.74
     143.5      25.87
     145.5      25.89
     147.5      25.74
     149.5      25.93
     151.5      26.12
     153.6      26.06
     155.6      26.19
     157.6      26.15
     159.6      26.37
     161.6      26.06
     163.6      26.29
     165.6      26.53
     167.6      26.96
     169.6      26.68
     171.6      26.51
     173.6      26.04
     175.6      26.74
     177.6      26.99
     179.6         27
     181.7      26.81
     183.7       27.2
     185.7      27.47
     187.7       27.2
     189.7      27.29
     191.7      27.82
     193.7      28.09
     195.7      28.18
     197.7      27.75
     199.7      27.44
     201.7      27.34
     203.7      27.68
     205.7      27.67
     207.7      27.74
     209.8      28.22
     211.8      28.13
     213.8      28.14
     215.8      27.87
     217.8       27.8
     219.8      28.48
     221.8      28.54
     223.8      28.14
     225.8      28.22
     227.8      28.68
     229.8      27.99
     231.8      27.91
     233.8      28.44
     235.8      28.75
     237.9      30.17
     239.9      29.19
     241.9      28.83
     243.9      28.79
     245.9      28.79
     247.9      28.39
     249.9      28.35
     251.9      27.92
     253.9      27.57
     255.9      27.93
     257.9      28.34
     259.9      29.29
     261.9       28.7
       264       28.4
       266      28.83
       268       30.2
       270       31.4
       272      28.86
       274      28.83
       276      29.31
       278      30.61
       280       32.2
       282      35.52
       284      35.52
       286      33.02
       288      30.28
       290      28.56
     292.1      29.26
     294.1      32.07
     296.1      35.52
     298.1      35.52
     300.1      35.52
     302.1      35.52
     304.1      35.52
     306.1      35.52
     308.1      35.52
     310.1      35.52
     312.1      35.52
     314.1      35.52
     316.1      35.52
     318.1      30.64
     320.2      27.84
     322.2      27.03
     324.2      31.83
     326.2      35.52
     328.2      35.52
     330.2      35.52
     332.2      35.52
     334.2      35.52
     336.2      35.52
     338.2      35.52
     340.2      35.52
     342.2      35.52
     344.2      35.52
     346.2      35.52
     348.3      35.52
     350.3      35.52
