     3.004  4.195e+08
     5.007  1.482e+08
      7.01  1.141e+08
     9.013  1.094e+08
     11.02  7.575e+07
     13.02  4.065e+07
     15.02  2.737e+07
     17.02   1.98e+07
     19.03  1.688e+07
     21.03  9.507e+06
     23.03  6.441e+06
     25.04  4.866e+06
     27.04  5.041e+06
     29.04  2.978e+06
     31.05  1.109e+06
     33.05  5.683e+05
     35.05  1.077e+06
     37.05  7.527e+05
     39.06  3.968e+05
     41.06  1.212e+06
     43.06  7.186e+05
     45.07  9.643e+05
     47.07  5.914e+05
     49.07  2.445e+05
     51.07  2.468e+05
     53.08  4.042e+05
     55.08    1.1e+05
     57.08  1.068e+05
     59.09  5.135e+05
     61.09  5.768e+05
     63.09  4.438e+05
     65.09   6.61e+05
      67.1  3.754e+05
      69.1  4.196e+05
      71.1  4.508e+05
     73.11  3.979e+05
     75.11  3.025e+05
     77.11   3.66e+05
     79.11   1.93e+05
     81.12  1.159e+05
     83.12  4.431e+05
     85.12  3.964e+05
     87.13  2.111e+05
     89.13  1.056e+05
     91.13  3.418e+04
     93.14  3.436e+04
     95.14  3.424e+05
     97.14  1.034e+05
     99.14  1.642e+05
     101.1  1.217e+05
     103.1  3.426e+05
     105.2  1.841e+05
     107.2  1.475e+05
     109.2  1.752e+05
     111.2  1.388e+05
     113.2  8.585e+04
     115.2  5.647e+04
     117.2  1.279e+05
     119.2  2.723e+04
     121.2  1.034e+05
     123.2  7.366e+04
     125.2  7.319e+04
     127.2  1.534e+05
     129.2  9.686e+04
     131.2  1.167e+05
     133.2  4.634e+04
     135.2  6.654e+04
     137.2  4.567e+04
     139.2  2.261e+04
     141.2  6.665e+04
     143.2  4.104e+04
     145.2   6.45e+04
     147.2  4.295e+04
     149.2  2.114e+04
     151.2  2.001e+04
     153.2  6.117e+04
     155.2  4.013e+04
     157.2          0
     159.2  3.735e+04
     161.2          0
     163.2   4.05e+04
     165.2  2.086e+04
     167.2  4.194e+04
     169.2  3.852e+04
     171.2  5.417e+04
     173.3  3.574e+04
     175.3  7.003e+04
     177.3  8.999e+04
     179.3  5.412e+04
     181.3   9.24e+04
     183.3   1.66e+04
     185.3  8.561e+04
     187.3  1.759e+04
     189.3          0
     191.3  1.795e+04
     193.3          0
     195.3          0
     197.3          0
     199.3  1.473e+04
     201.3          0
     203.3          0
     205.3          0
     207.3          0
     209.3          0
     211.3          0
     213.3          0
     215.3          0
     217.3          0
     219.3          0
     221.3          0
     223.3          0
     225.3          0
     227.3          0
     229.3          0
     231.3          0
     233.3          0
     235.3          0
     237.3          0
     239.3          0
     241.4          0
     243.4          0
     245.4          0
     247.4          0
     249.4          0
     251.4          0
     253.4          0
     255.4          0
     257.4          0
     259.4          0
     261.4          0
     263.4          0
     265.4          0
     267.4          0
     269.4          0
     271.4          0
     273.4          0
     275.4          0
