     1.001  1.412e-15
     3.004  2.509e-17
     5.007  1.772e-17
      7.01  1.739e-17
     9.013  1.648e-17
     11.02  7.574e-18
     13.02  4.681e-18
     15.02  2.916e-18
     17.02  2.626e-18
     19.03  1.699e-18
     21.03  7.968e-19
     23.03  7.149e-19
     25.04  5.991e-19
     27.04  3.439e-19
     29.04  1.865e-19
     31.05  7.727e-20
     33.05  9.377e-20
     35.05  1.215e-19
     37.05  6.177e-20
     39.06  7.032e-20
     41.06  1.101e-19
     43.06  9.257e-20
     45.07  7.759e-20
     47.07  4.801e-20
     49.07  2.461e-20
     51.07  3.743e-20
     53.08  2.365e-20
     55.08  1.135e-20
     57.08  3.435e-20
     59.09  5.535e-20
     61.09  7.375e-20
     63.09  1.072e-19
     65.09   6.22e-20
      67.1   4.66e-20
      69.1  7.315e-20
      71.1   4.01e-20
     73.11  7.374e-20
     75.11  3.884e-20
     77.11  3.764e-20
     79.11  1.664e-20
     81.12  3.343e-20
     83.12  4.644e-20
     85.12  2.412e-20
     87.13  1.191e-20
     89.13  8.345e-21
     91.13  7.818e-21
     93.14  1.948e-20
     95.14  2.284e-20
     97.14  2.852e-20
     99.14  1.701e-20
     101.1  2.909e-20
     103.1  3.971e-20
     105.2  2.293e-20
     107.2  1.551e-20
     109.2  2.046e-20
     111.2  1.634e-20
     113.2  9.454e-21
     115.2  1.023e-20
     117.2  1.348e-20
     119.2  9.342e-21
     121.2  7.167e-21
     123.2  7.833e-21
     125.2  1.583e-20
     127.2  1.523e-20
     129.2  8.493e-21
     131.2  1.137e-20
     133.2  6.377e-21
     135.2  4.141e-21
     137.2  3.661e-21
     139.2  2.485e-21
     141.2  6.581e-21
     143.2  5.356e-21
     145.2  6.659e-21
     147.2   3.22e-21
     149.2  3.578e-21
     151.2  3.764e-21
     153.2   3.18e-21
     155.2  3.159e-21
     157.2  2.691e-21
     159.2  7.128e-22
     161.2  2.296e-21
     163.2  4.645e-21
     165.2  2.757e-21
     167.2  5.842e-21
     169.2  3.836e-21
     171.2  5.934e-21
     173.3  5.797e-21
     175.3  4.933e-21
     177.3  6.956e-21
     179.3  1.138e-20
     181.3  9.641e-21
     183.3  7.449e-21
     185.3  3.972e-21
     187.3  8.979e-22
     189.3  2.247e-21
     191.3  4.546e-22
     193.3      1e-23
     195.3  9.992e-24
     197.3  8.746e-22
     199.3  4.162e-22
     201.3      1e-23
     203.3      1e-23
     205.3      1e-23
     207.3      1e-23
     209.3      1e-23
     211.3      1e-23
     213.3      1e-23
     215.3      1e-23
     217.3      1e-23
     219.3      1e-23
     221.3      1e-23
     223.3      1e-23
     225.3      1e-23
     227.3      1e-23
     229.3      1e-23
     231.3      1e-23
     233.3      1e-23
     235.3      1e-23
     237.3      1e-23
     239.3      1e-23
     241.4      1e-23
     243.4      1e-23
     245.4      1e-23
     247.4      1e-23
     249.4      1e-23
     251.4      1e-23
     253.4      1e-23
     255.4      1e-23
     257.4      1e-23
     259.4      1e-23
     261.4      1e-23
     263.4      1e-23
     265.4      1e-23
     267.4      1e-23
     269.4      1e-23
     271.4      1e-23
     273.4      1e-23
     275.4      1e-23
