     1.001  1.413e+10
     3.004      3e+10
     5.007  3.934e+10
      7.01   4.94e+10
     9.013  6.182e+10
     11.02  7.232e+10
     13.02  7.898e+10
     15.02  8.415e+10
     17.02  8.839e+10
     19.03  9.244e+10
     21.03  9.495e+10
     23.03  9.682e+10
     25.04  9.835e+10
     27.04  1.001e+11
     29.04  1.012e+11
     31.05  1.016e+11
     33.05  1.018e+11
     35.05  1.023e+11
     37.05  1.027e+11
     39.06  1.028e+11
     41.06  1.035e+11
     43.06  1.039e+11
     45.07  1.044e+11
     47.07  1.048e+11
     49.07  1.049e+11
     51.07  1.051e+11
     53.08  1.053e+11
     55.08  1.054e+11
     57.08  1.055e+11
     59.09  1.059e+11
     61.09  1.063e+11
     63.09  1.067e+11
     65.09  1.072e+11
      67.1  1.075e+11
      69.1  1.079e+11
      71.1  1.083e+11
     73.11  1.087e+11
     75.11  1.089e+11
     77.11  1.093e+11
     79.11  1.095e+11
     81.12  1.096e+11
     83.12  1.101e+11
     85.12  1.105e+11
     87.13  1.107e+11
     89.13  1.109e+11
     91.13  1.109e+11
     93.14  1.109e+11
     95.14  1.113e+11
     97.14  1.115e+11
     99.14  1.117e+11
     101.1  1.118e+11
     103.1  1.123e+11
     105.2  1.125e+11
     107.2  1.127e+11
     109.2   1.13e+11
     111.2  1.131e+11
     113.2  1.133e+11
     115.2  1.134e+11
     117.2  1.135e+11
     119.2  1.136e+11
     121.2  1.137e+11
     123.2  1.139e+11
     125.2   1.14e+11
     127.2  1.142e+11
     129.2  1.144e+11
     131.2  1.146e+11
     133.2  1.146e+11
     135.2  1.148e+11
     137.2  1.148e+11
     139.2  1.149e+11
     141.2   1.15e+11
     143.2  1.151e+11
     145.2  1.152e+11
     147.2  1.153e+11
     149.2  1.153e+11
     151.2  1.153e+11
     153.2  1.155e+11
     155.2  1.155e+11
     157.2  1.155e+11
     159.2  1.156e+11
     161.2  1.156e+11
     163.2  1.157e+11
     165.2  1.157e+11
     167.2  1.158e+11
     169.2  1.159e+11
     171.2   1.16e+11
     173.3  1.161e+11
     175.3  1.163e+11
     177.3  1.165e+11
     179.3  1.166e+11
     181.3  1.168e+11
     183.3  1.168e+11
     185.3   1.17e+11
     187.3  1.171e+11
     189.3  1.171e+11
     191.3  1.171e+11
     193.3  1.171e+11
     195.3  1.171e+11
     197.3  1.171e+11
     199.3  1.172e+11
     201.3  1.172e+11
     203.3  1.172e+11
     205.3  1.172e+11
     207.3  1.172e+11
     209.3  1.172e+11
     211.3  1.172e+11
     213.3  1.172e+11
     215.3  1.172e+11
     217.3  1.172e+11
     219.3  1.172e+11
     221.3  1.172e+11
     223.3  1.172e+11
     225.3  1.172e+11
     227.3  1.172e+11
     229.3  1.172e+11
     231.3  1.172e+11
     233.3  1.172e+11
     235.3  1.172e+11
     237.3  1.172e+11
     239.3  1.172e+11
     241.4  1.172e+11
     243.4  1.172e+11
     245.4  1.172e+11
     247.4  1.172e+11
     249.4  1.172e+11
     251.4  1.172e+11
     253.4  1.172e+11
     255.4  1.172e+11
     257.4  1.172e+11
     259.4  1.172e+11
     261.4  1.172e+11
     263.4  1.172e+11
     265.4  1.172e+11
     267.4  1.172e+11
     269.4  1.172e+11
     271.4  1.172e+11
     273.4  1.172e+11
     275.4  1.172e+11
