     1.001      15.14
     3.004      19.52
     5.007       19.9
      7.01      19.92
     9.013      19.97
     11.02      20.82
     13.02      21.34
     15.02      21.85
     17.02      21.97
     19.03      22.44
     21.03      23.26
     23.03      23.38
     25.04      23.57
     27.04      24.18
     29.04      24.84
     31.05       25.8
     33.05      25.59
     35.05       25.3
     37.05      26.04
     39.06       25.9
     41.06      25.41
     43.06       25.6
     45.07      25.79
     47.07      26.31
     49.07      27.04
     51.07      26.58
     53.08      27.08
     55.08      27.88
     57.08      26.68
     59.09      26.16
     61.09      25.85
     63.09      25.44
     65.09      26.03
      67.1      26.35
      69.1      25.86
      71.1      26.51
     73.11      25.85
     75.11      26.54
     77.11      26.58
     79.11      27.46
     81.12      26.71
     83.12      26.35
     85.12      27.06
     87.13      27.83
     89.13      28.21
     91.13      28.28
     93.14      27.29
     95.14      27.12
     97.14      26.88
     99.14      27.44
     101.1      26.86
     103.1      26.52
     105.2      27.11
     107.2      27.54
     109.2      27.24
     111.2      27.48
     113.2      28.08
     115.2      27.99
     117.2      27.69
     119.2      28.09
     121.2      28.38
     123.2      28.28
     125.2      27.52
     127.2      27.56
     129.2      28.19
     131.2      27.88
     133.2       28.5
     135.2      28.97
     137.2      29.11
     139.2      29.53
     141.2      28.47
     143.2      28.69
     145.2      28.46
     147.2      29.25
     149.2      29.13
     151.2      29.08
     153.2      29.26
     155.2      29.27
     157.2      29.44
     159.2      30.88
     161.2      29.61
     163.2      28.85
     165.2      29.42
     167.2       28.6
     169.2      29.06
     171.2      28.58
     173.3      28.61
     175.3      28.78
     177.3      28.41
     179.3      27.88
     181.3      28.06
     183.3      28.34
     185.3      29.02
     187.3      30.63
     189.3      29.64
     191.3      31.37
     193.3      35.52
     195.3      35.52
     197.3      30.66
     199.3      31.47
     201.3      35.52
     203.3      35.52
     205.3      35.52
     207.3      35.52
     209.3      35.52
     211.3      35.52
     213.3      35.52
     215.3      35.52
     217.3      35.52
     219.3      35.52
     221.3      35.52
     223.3      35.52
     225.3      35.52
     227.3      35.52
     229.3      35.52
     231.3      35.52
     233.3      35.52
     235.3      35.52
     237.3      35.52
     239.3      35.52
     241.4      35.52
     243.4      35.52
     245.4      35.52
     247.4      35.52
     249.4      35.52
     251.4      35.52
     253.4      35.52
     255.4      35.52
     257.4      35.52
     259.4      35.52
     261.4      35.52
     263.4      35.52
     265.4      35.52
     267.4      35.52
     269.4      35.52
     271.4      35.52
     273.4      35.52
     275.4      35.52
