     12.95  4.544e-18
     18.85  4.831e-18
     24.75  4.231e-18
     30.64  2.655e-18
     36.54  1.977e-18
     42.44  1.569e-18
     48.34  1.029e-18
     54.24  9.151e-19
     60.13  7.244e-19
     66.03   6.41e-19
     71.93  6.035e-19
     77.83  5.582e-19
     83.73  4.369e-19
     89.63  3.465e-19
     95.52  2.953e-19
     101.4   2.79e-19
     107.3  2.333e-19
     113.2  2.106e-19
     119.1  2.053e-19
       125  1.764e-19
     130.9  1.491e-19
     136.8  1.492e-19
     142.7  1.216e-19
     148.6  9.707e-20
     154.5  9.251e-20
     160.4  8.367e-20
     166.3  7.679e-20
     172.2  7.761e-20
     178.1  6.312e-20
       184  6.457e-20
     189.9  5.785e-20
     195.8  5.293e-20
     201.7  5.455e-20
     207.6  4.975e-20
     213.5  5.357e-20
     219.4  3.997e-20
     225.3  3.456e-20
     231.2   3.98e-20
     237.1  3.041e-20
       243  3.333e-20
     248.9  3.529e-20
     254.8  2.839e-20
     260.7  2.325e-20
     266.6  2.841e-20
     272.5  2.555e-20
     278.4  2.355e-20
     284.3  2.268e-20
     290.2  2.059e-20
     296.1  1.453e-20
       302   1.83e-20
     307.9  2.291e-20
     313.8  2.481e-20
     319.7  1.722e-20
     325.6   8.74e-21
     331.5  1.091e-20
     337.4  4.239e-21
     343.2  9.343e-21
     349.1  2.292e-20
