     12.95      21.37
     18.85      21.31
     24.75      21.45
     30.64      21.96
     36.54      22.28
     42.44      22.53
     48.34      22.99
     54.24      23.11
     60.13      23.37
     66.03       23.5
     71.93      23.56
     77.83      23.65
     83.73      23.92
     89.63      24.17
     95.52      24.34
     101.4       24.4
     107.3       24.6
     113.2      24.71
     119.1      24.74
       125       24.9
     130.9      25.08
     136.8      25.08
     142.7       25.3
     148.6      25.55
     154.5       25.6
     160.4      25.71
     166.3       25.8
     172.2      25.79
     178.1      26.02
       184      25.99
     189.9      26.11
     195.8      26.21
     201.7      26.17
     207.6      26.27
     213.5      26.19
     219.4      26.51
     225.3      26.67
     231.2      26.52
     237.1      26.81
       243      26.71
     248.9      26.65
     254.8      26.88
     260.7       27.1
     266.6      26.88
     272.5         27
     278.4      27.09
     284.3      27.13
     290.2      27.23
     296.1      27.61
       302      27.36
     307.9      27.12
     313.8      27.03
     319.7      27.43
     325.6      28.16
     331.5      27.92
     337.4      28.95
     343.2      28.09
     349.1      27.12
