     15.96  4.361e-18
     17.87  5.351e-18
     19.79  5.176e-18
      21.7  3.719e-18
     23.62  3.703e-18
     25.53  5.064e-18
     27.45  3.946e-18
     29.36  2.905e-18
     31.28  2.632e-18
      33.2  1.988e-18
     35.11  1.734e-18
     37.03  1.776e-18
     38.94  2.406e-18
     40.86  2.079e-18
     42.77  1.236e-18
     44.69  1.142e-18
      46.6  1.084e-18
     48.52  1.036e-18
     50.43  9.897e-19
     52.35   9.62e-19
     54.26  9.085e-19
     56.18  8.718e-19
     58.09  7.994e-19
     60.01  7.153e-19
     61.93  6.572e-19
     63.84  6.528e-19
     65.76  6.465e-19
     67.67  6.623e-19
     69.59  6.958e-19
      71.5  6.232e-19
     73.42   5.29e-19
     75.33  4.924e-19
     77.25   5.54e-19
     79.16  5.821e-19
     81.08  5.004e-19
     82.99  4.388e-19
     84.91  4.364e-19
     86.82  3.765e-19
     88.74  3.307e-19
     90.66  3.627e-19
     92.57  3.334e-19
     94.49  2.984e-19
      96.4  2.888e-19
     98.32  2.766e-19
     100.2  2.714e-19
     102.1  2.727e-19
     104.1  2.745e-19
       106  2.339e-19
     107.9  2.179e-19
     109.8   2.45e-19
     111.7  2.276e-19
     113.6  1.924e-19
     115.6  2.029e-19
     117.5  2.122e-19
     119.4  2.124e-19
     121.3  1.942e-19
     123.2  1.985e-19
     125.1  1.738e-19
       127  1.504e-19
       129  1.614e-19
     130.9  1.464e-19
     132.8  1.395e-19
     134.7  1.496e-19
     136.6  1.601e-19
     138.5  1.386e-19
     140.5  1.372e-19
     142.4  1.211e-19
     144.3  1.112e-19
     146.2  1.052e-19
     148.1  9.132e-20
       150  9.771e-20
     151.9  9.048e-20
     153.9  9.378e-20
     155.8  9.143e-20
     157.7  9.211e-20
     159.6  8.384e-20
     161.5  8.541e-20
     163.4  8.384e-20
     165.4  8.174e-20
     167.3   7.45e-20
     169.2  7.319e-20
     171.1  7.033e-20
       173  7.685e-20
     174.9   7.76e-20
     176.8  5.757e-20
     178.8  6.025e-20
     180.7  6.816e-20
     182.6  6.892e-20
     184.5  6.655e-20
     186.4   5.94e-20
     188.3  5.773e-20
     190.3  6.137e-20
     192.2  5.412e-20
     194.1  5.549e-20
       196  5.139e-20
     197.9  5.002e-20
     199.8  4.962e-20
     201.7  5.704e-20
     203.7  5.712e-20
     205.6  5.488e-20
     207.5  4.577e-20
     209.4  4.857e-20
     211.3  5.333e-20
     213.2  5.194e-20
     215.2  5.458e-20
     217.1  4.904e-20
       219  3.932e-20
     220.9  3.558e-20
     222.8  3.643e-20
     224.7  3.261e-20
     226.6  3.327e-20
     228.6  4.099e-20
     230.5  3.623e-20
     232.4  3.937e-20
     234.3  3.886e-20
     236.2  3.005e-20
     238.1  3.181e-20
     240.1  3.008e-20
       242  2.973e-20
     243.9  3.314e-20
     245.8  3.599e-20
     247.7  3.602e-20
     249.6  3.388e-20
     251.5  3.533e-20
     253.5  2.783e-20
     255.4  2.616e-20
     257.3  2.966e-20
     259.2  2.612e-20
     261.1  2.069e-20
       263  2.418e-20
     264.9   3.23e-20
     266.9   2.63e-20
     268.8  2.714e-20
     270.7  2.937e-20
     272.6  2.397e-20
     274.5  2.104e-20
     276.4  2.533e-20
     278.4  2.398e-20
     280.3   2.18e-20
     282.2  1.594e-20
     284.1  2.076e-20
       286  3.222e-20
     287.9  2.354e-20
     289.8  2.322e-20
     291.8  1.646e-20
     293.7  1.553e-20
     295.6  1.631e-20
     297.5  1.193e-20
     299.4  1.364e-20
     301.3  1.766e-20
     303.3  2.282e-20
     305.2  1.981e-20
     307.1  1.883e-20
       309  2.475e-20
     310.9  3.285e-20
     312.8  2.328e-20
     314.7  2.253e-20
     316.7  1.987e-20
     318.6  1.713e-20
     320.5  1.733e-20
     322.4  1.408e-20
     324.3  1.052e-20
     326.2   5.13e-21
     328.2  8.921e-21
     330.1  1.533e-20
       332  9.678e-21
     333.9  7.641e-21
     335.8  3.869e-21
     337.7  3.194e-21
     339.6  6.584e-21
     341.6  9.089e-21
     343.5  9.068e-21
     345.4  1.038e-20
     347.3   2.53e-20
     349.2  2.223e-20
     351.1  1.328e-20
