     15.96      21.42
     17.87       21.2
     19.79      21.23
      21.7      21.59
     23.62      21.59
     25.53      21.25
     27.45      21.53
     29.36      21.86
     31.28      21.97
      33.2      22.27
     35.11      22.42
     37.03      22.39
     38.94      22.06
     40.86      22.22
     42.77      22.79
     44.69      22.87
      46.6      22.93
     48.52      22.98
     50.43      23.03
     52.35      23.06
     54.26      23.12
     56.18      23.17
     58.09      23.26
     60.01      23.38
     61.93      23.47
     63.84      23.48
     65.76      23.49
     67.67      23.46
     69.59      23.41
      71.5      23.53
     73.42      23.71
     75.33      23.79
     77.25      23.66
     79.16       23.6
     81.08      23.77
     82.99      23.91
     84.91      23.92
     86.82      24.08
     88.74      24.22
     90.66      24.12
     92.57      24.21
     94.49      24.33
      96.4      24.36
     98.32      24.41
     100.2      24.43
     102.1      24.43
     104.1      24.42
       106      24.59
     107.9      24.67
     109.8      24.54
     111.7      24.62
     113.6      24.81
     115.6      24.75
     117.5       24.7
     119.4       24.7
     121.3       24.8
     123.2      24.77
     125.1      24.92
       127      25.07
       129         25
     130.9       25.1
     132.8      25.15
     134.7      25.08
     136.6      25.01
     138.5      25.16
     140.5      25.17
     142.4      25.31
     144.3       25.4
     146.2      25.46
     148.1      25.61
       150      25.54
     151.9      25.62
     153.9      25.59
     155.8      25.61
     157.7      25.61
     159.6      25.71
     161.5      25.69
     163.4      25.71
     165.4      25.74
     167.3      25.84
     169.2      25.85
     171.1       25.9
       173       25.8
     174.9      25.79
     176.8      26.12
     178.8      26.07
     180.7      25.93
     182.6      25.92
     184.5      25.96
     186.4      26.08
     188.3      26.11
     190.3      26.05
     192.2      26.18
     194.1      26.16
       196      26.24
     197.9      26.27
     199.8      26.28
     201.7      26.13
     203.7      26.12
     205.6      26.17
     207.5      26.36
     209.4       26.3
     211.3       26.2
     213.2      26.23
     215.2      26.17
     217.1      26.29
       219      26.53
     220.9      26.64
     222.8      26.61
     224.7      26.73
     226.6      26.71
     228.6      26.48
     230.5      26.62
     232.4      26.53
     234.3      26.54
     236.2      26.82
     238.1      26.76
     240.1      26.82
       242      26.83
     243.9      26.72
     245.8      26.63
     247.7      26.62
     249.6      26.69
     251.5      26.65
     253.5       26.9
     255.4      26.97
     257.3      26.84
     259.2      26.97
     261.1      27.23
       263      27.06
     264.9      26.74
     266.9      26.97
     268.8      26.93
     270.7      26.85
     272.6      27.07
     274.5      27.21
     276.4      27.01
     278.4      27.07
     280.3      27.17
     282.2      27.51
     284.1      27.22
       286      26.75
     287.9      27.09
     289.8       27.1
     291.8      27.47
     293.7      27.54
     295.6      27.49
     297.5      27.82
     299.4      27.68
     301.3       27.4
     303.3      27.12
     305.2      27.27
     307.1      27.33
       309      27.03
     310.9      26.72
     312.8       27.1
     314.7      27.13
     316.7      27.27
     318.6      27.43
     320.5      27.42
     322.4      27.64
     324.3      27.96
     326.2      28.74
     328.2      28.14
     330.1      27.55
       332      28.05
     333.9      28.31
     335.8      29.05
     337.7      29.26
     339.6      28.47
     341.6      28.12
     343.5      28.12
     345.4      27.98
     347.3      27.01
     349.2      27.15
     351.1      27.71
