     3.014  1.243e+09
     5.023  3.582e+08
     7.032  2.437e+08
     9.041  1.648e+08
     11.05  1.266e+08
     13.06  7.787e+07
     15.07  6.371e+07
     17.08  4.536e+07
     19.09  3.017e+07
      21.1  1.806e+07
      23.1  1.203e+07
     25.11  1.155e+07
     27.12  9.424e+06
     29.13  5.791e+06
     31.14  3.626e+06
     33.15  4.199e+06
     35.16  2.983e+06
     37.17  1.981e+06
     39.18  1.633e+06
     41.19  1.886e+06
      43.2  1.019e+06
      45.2  1.458e+06
     47.21  1.122e+06
     49.22   1.21e+06
     51.23  5.584e+05
     53.24  7.104e+05
     55.25  1.085e+06
     57.26  9.348e+05
     59.27  3.289e+05
     61.28  6.474e+05
     63.29  1.095e+06
      65.3  7.118e+05
      67.3  1.318e+06
     69.31  1.454e+06
     71.32  5.428e+05
     73.33  3.485e+05
     75.34  6.985e+05
     77.35  8.109e+05
     79.36   5.15e+05
     81.37  5.991e+05
     83.38   3.89e+05
     85.39  9.091e+05
      87.4   6.06e+05
      89.4  5.526e+05
     91.41  8.586e+05
     93.42  9.502e+05
     95.43  2.975e+05
     97.44  4.007e+05
     99.45   2.14e+05
     101.5  3.306e+05
     103.5  1.754e+05
     105.5  1.774e+05
     107.5  8.549e+04
     109.5  5.556e+04
     111.5  8.398e+04
     113.5          0
     115.5  8.631e+04
     117.5  1.057e+05
     119.5  2.518e+04
     121.6  7.646e+04
     123.6  4.911e+04
     125.6  5.029e+04
     127.6   9.54e+04
     129.6  1.677e+05
     131.6  7.097e+04
     133.6  4.914e+04
     135.6  1.454e+05
     137.6  1.326e+05
     139.6  6.386e+04
     141.6  8.567e+04
     143.7  8.534e+04
     145.7  6.159e+04
     147.7  1.047e+05
     149.7  3.275e+05
     151.7  2.875e+05
     153.7  2.617e+05
     155.7  1.204e+05
     157.7   1.21e+05
     159.7  5.777e+04
     161.7  7.475e+04
     163.7  1.914e+04
     165.8  3.847e+04
     167.8  5.551e+04
     169.8          0
     171.8  5.308e+04
     173.8  1.696e+04
     175.8  1.851e+04
     177.8  1.771e+04
     179.8  1.699e+04
     181.8  1.674e+04
     183.8          0
     185.8  3.268e+04
     187.9  4.905e+04
     189.9          0
     191.9  9.509e+04
     193.9          0
     195.9  6.229e+04
     197.9  4.624e+04
     199.9  3.112e+04
     201.9  2.993e+04
     203.9  4.447e+04
     205.9  1.467e+04
     207.9  4.329e+04
       210  1.459e+04
       212  4.264e+04
       214  2.863e+04
       216  5.537e+04
       218  1.393e+04
       220          0
       222          0
       224  2.719e+04
       226  1.316e+04
       228          0
       230          0
     232.1          0
     234.1          0
     236.1          0
     238.1  1.268e+04
     240.1  1.244e+04
     242.1          0
     244.1          0
     246.1          0
     248.1          0
     250.1          0
     252.1          0
     254.2          0
     256.2          0
     258.2          0
     260.2          0
     262.2          0
     264.2          0
     266.2          0
     268.2          0
     270.2          0
     272.2          0
     274.2          0
     276.3          0
     278.3          0
     280.3          0
     282.3          0
     284.3          0
     286.3          0
     288.3          0
     290.3          0
     292.3          0
     294.3          0
     296.3          0
     298.4          0
     300.4          0
     302.4          0
     304.4          0
     306.4          0
     308.4          0
     310.4          0
     312.4          0
     314.4          0
     316.4          0
     318.4          0
