     1.005  1.251e-15
     3.014  8.508e-17
     5.023  4.411e-17
     7.032  3.159e-17
     9.041  2.085e-17
     11.05  1.531e-17
     13.06   1.09e-17
     15.07  8.358e-18
     17.08   5.65e-18
     19.09  3.519e-18
      21.1  2.749e-18
      23.1  1.687e-18
     25.11  2.087e-18
     27.12  9.353e-19
     29.13  7.038e-19
     31.14  4.864e-19
     33.15  6.015e-19
     35.16  3.975e-19
     37.17  3.444e-19
     39.18   3.41e-19
     41.19  2.173e-19
      43.2  2.594e-19
      45.2  3.459e-19
     47.21  2.486e-19
     49.22  2.089e-19
     51.23   1.11e-19
     53.24  2.228e-19
     55.25  2.353e-19
     57.26  1.315e-19
     59.27  1.092e-19
     61.28  1.511e-19
     63.29  1.281e-19
      65.3  1.333e-19
      67.3  3.316e-19
     69.31  1.137e-19
     71.32  8.023e-20
     73.33  1.452e-19
     75.34  2.086e-19
     77.35  1.525e-19
     79.36  1.652e-19
     81.37  1.832e-19
     83.38  1.396e-19
     85.39  1.297e-19
      87.4  8.671e-20
      89.4  7.721e-20
     91.41  1.254e-19
     93.42  7.604e-20
     95.43   4.93e-20
     97.44  4.949e-20
     99.45  3.312e-20
     101.5  3.678e-20
     103.5   1.96e-20
     105.5  2.153e-20
     107.5  1.426e-20
     109.5  6.914e-21
     111.5  5.272e-21
     113.5  9.006e-21
     115.5  1.129e-20
     117.5  7.345e-21
     119.5    7.1e-21
     121.6  9.785e-21
     123.6  8.056e-21
     125.6  1.197e-20
     127.6  1.941e-20
     129.6  1.524e-20
     131.6  1.041e-20
     133.6  2.186e-20
     135.6  1.533e-20
     137.6  1.072e-20
     139.6  9.845e-21
     141.6  7.006e-21
     143.7  7.636e-21
     145.7   1.26e-20
     147.7  2.095e-20
     149.7  4.321e-20
     151.7  2.714e-20
     153.7  2.263e-20
     155.7  1.666e-20
     157.7  1.189e-20
     159.7  8.614e-21
     161.7  5.219e-21
     163.7  3.635e-21
     165.8  5.442e-21
     167.8   3.14e-21
     169.8  2.053e-21
     171.8  6.112e-21
     173.8  3.094e-21
     175.8  4.519e-21
     177.8   1.97e-21
     179.8  1.869e-21
     181.8  7.588e-22
     183.8  1.587e-21
     185.8  7.087e-21
     187.9  2.089e-21
     189.9  6.493e-21
     191.9  4.848e-21
     193.9  3.548e-21
     195.9  6.057e-21
     197.9  5.476e-21
     199.9  2.989e-21
     201.9  4.181e-21
     203.9  4.464e-21
     205.9  3.974e-21
     207.9  2.621e-21
       210  4.262e-21
       212  4.639e-21
       214  3.797e-21
       216   3.33e-21
       218  1.583e-21
       220  3.189e-22
       222  1.623e-21
       224  2.826e-21
       226  3.795e-22
       228  3.279e-23
       230      1e-23
     232.1      1e-23
     234.1    1.1e-22
     236.1  1.779e-21
     238.1  2.974e-21
     240.1  1.759e-22
     242.1      1e-23
     244.1      1e-23
     246.1      1e-23
     248.1      1e-23
     250.1      1e-23
     252.1      1e-23
     254.2      1e-23
     256.2      1e-23
     258.2      1e-23
     260.2      1e-23
     262.2      1e-23
     264.2      1e-23
     266.2      1e-23
     268.2      1e-23
     270.2      1e-23
     272.2      1e-23
     274.2      1e-23
     276.3      1e-23
     278.3      1e-23
     280.3      1e-23
     282.3      1e-23
     284.3      1e-23
     286.3      1e-23
     288.3      1e-23
     290.3      1e-23
     292.3      1e-23
     294.3      1e-23
     296.3      1e-23
     298.4      1e-23
     300.4      1e-23
     302.4      1e-23
     304.4      1e-23
     306.4      1e-23
     308.4      1e-23
     310.4      1e-23
     312.4      1e-23
     314.4      1e-23
     316.4      1e-23
     318.4      1e-23
