     1.005  3.148e+10
     3.014  7.879e+10
     5.023  1.015e+11
     7.032  1.231e+11
     9.041  1.419e+11
     11.05  1.596e+11
     13.06  1.724e+11
     15.07  1.846e+11
     17.08  1.943e+11
     19.09  2.016e+11
      21.1  2.064e+11
      23.1  2.099e+11
     25.11  2.136e+11
     27.12  2.168e+11
     29.13  2.189e+11
     31.14  2.204e+11
     33.15  2.221e+11
     35.16  2.234e+11
     37.17  2.244e+11
     39.18  2.252e+11
     41.19  2.262e+11
      43.2  2.267e+11
      45.2  2.276e+11
     47.21  2.282e+11
     49.22   2.29e+11
     51.23  2.293e+11
     53.24  2.298e+11
     55.25  2.306e+11
     57.26  2.312e+11
     59.27  2.315e+11
     61.28   2.32e+11
     63.29  2.329e+11
      65.3  2.335e+11
      67.3  2.346e+11
     69.31  2.358e+11
     71.32  2.363e+11
     73.33  2.367e+11
     75.34  2.373e+11
     77.35  2.381e+11
     79.36  2.386e+11
     81.37  2.392e+11
     83.38  2.397e+11
     85.39  2.406e+11
      87.4  2.413e+11
      89.4  2.419e+11
     91.41  2.429e+11
     93.42   2.44e+11
     95.43  2.444e+11
     97.44  2.449e+11
     99.45  2.452e+11
     101.5  2.456e+11
     103.5  2.458e+11
     105.5   2.46e+11
     107.5  2.462e+11
     109.5  2.462e+11
     111.5  2.464e+11
     113.5  2.464e+11
     115.5  2.465e+11
     117.5  2.466e+11
     119.5  2.467e+11
     121.6  2.468e+11
     123.6  2.469e+11
     125.6  2.469e+11
     127.6  2.471e+11
     129.6  2.474e+11
     131.6  2.475e+11
     133.6  2.476e+11
     135.6  2.478e+11
     137.6  2.481e+11
     139.6  2.482e+11
     141.6  2.483e+11
     143.7  2.485e+11
     145.7  2.486e+11
     147.7  2.488e+11
     149.7  2.494e+11
     151.7    2.5e+11
     153.7  2.505e+11
     155.7  2.507e+11
     157.7  2.509e+11
     159.7  2.511e+11
     161.7  2.512e+11
     163.7  2.512e+11
     165.8  2.513e+11
     167.8  2.514e+11
     169.8  2.514e+11
     171.8  2.516e+11
     173.8  2.516e+11
     175.8  2.516e+11
     177.8  2.517e+11
     179.8  2.517e+11
     181.8  2.518e+11
     183.8  2.518e+11
     185.8  2.518e+11
     187.9   2.52e+11
     189.9   2.52e+11
     191.9  2.522e+11
     193.9  2.522e+11
     195.9  2.523e+11
     197.9  2.525e+11
     199.9  2.525e+11
     201.9  2.526e+11
     203.9  2.527e+11
     205.9  2.528e+11
     207.9  2.529e+11
       210  2.529e+11
       212   2.53e+11
       214  2.531e+11
       216  2.533e+11
       218  2.533e+11
       220  2.533e+11
       222  2.533e+11
       224  2.534e+11
       226  2.534e+11
       228  2.534e+11
       230  2.534e+11
     232.1  2.534e+11
     234.1  2.534e+11
     236.1  2.534e+11
     238.1  2.534e+11
     240.1  2.535e+11
     242.1  2.535e+11
     244.1  2.535e+11
     246.1  2.535e+11
     248.1  2.535e+11
     250.1  2.535e+11
     252.1  2.535e+11
     254.2  2.535e+11
     256.2  2.535e+11
     258.2  2.535e+11
     260.2  2.535e+11
     262.2  2.535e+11
     264.2  2.535e+11
     266.2  2.535e+11
     268.2  2.535e+11
     270.2  2.535e+11
     272.2  2.535e+11
     274.2  2.535e+11
     276.3  2.535e+11
     278.3  2.535e+11
     280.3  2.535e+11
     282.3  2.535e+11
     284.3  2.535e+11
     286.3  2.535e+11
     288.3  2.535e+11
     290.3  2.535e+11
     292.3  2.535e+11
     294.3  2.535e+11
     296.3  2.535e+11
     298.4  2.535e+11
     300.4  2.535e+11
     302.4  2.535e+11
     304.4  2.535e+11
     306.4  2.535e+11
     308.4  2.535e+11
     310.4  2.535e+11
     312.4  2.535e+11
     314.4  2.535e+11
     316.4  2.535e+11
     318.4  2.535e+11
