     1.005      15.27
     3.014      18.19
     5.023       18.9
     7.032      19.27
     9.041      19.72
     11.05      20.05
     13.06      20.42
     15.07      20.71
     17.08      21.14
     19.09      21.65
      21.1      21.92
      23.1      22.45
     25.11      22.22
     27.12      23.09
     29.13       23.4
     31.14       23.8
     33.15      23.57
     35.16      24.02
     37.17      24.17
     39.18      24.18
     41.19      24.67
      43.2      24.48
      45.2      24.17
     47.21      24.53
     49.22      24.72
     51.23       25.4
     53.24      24.65
     55.25      24.59
     57.26      25.22
     59.27      25.42
     61.28      25.07
     63.29      25.25
      65.3       25.2
      67.3      24.21
     69.31      25.38
     71.32      25.76
     73.33      25.11
     75.34      24.72
     77.35      25.06
     79.36      24.97
     81.37      24.86
     83.38      25.15
     85.39      25.23
      87.4      25.67
      89.4       25.8
     91.41      25.27
     93.42      25.81
     95.43      26.28
     97.44      26.28
     99.45      26.72
     101.5       26.6
     103.5      27.29
     105.5      27.18
     107.5      27.63
     109.5      28.42
     111.5      28.71
     113.5      28.13
     115.5      27.88
     117.5      28.35
     119.5      28.39
     121.6      28.04
     123.6      28.25
     125.6      27.82
     127.6       27.3
     129.6      27.56
     131.6      27.97
     133.6      27.17
     135.6      27.55
     137.6      27.94
     139.6      28.03
     141.6       28.4
     143.7      28.31
     145.7      27.77
     147.7      27.21
     149.7      26.43
     151.7      26.93
     153.7      27.13
     155.7      27.46
     157.7      27.83
     159.7      28.18
     161.7      28.72
     163.7      29.11
     165.8      28.68
     167.8      29.27
     169.8      29.74
     171.8      28.55
     173.8      29.29
     175.8      28.88
     177.8      29.78
     179.8      29.84
     181.8      30.82
     183.8      30.01
     185.8      28.39
     187.9      29.72
     189.9      28.49
     191.9       28.8
     193.9      29.14
     195.9      28.56
     197.9      28.67
     199.9      29.33
     201.9      28.96
     203.9      28.89
     205.9      29.02
     207.9      29.47
       210      28.94
       212      28.85
       214      29.07
       216      29.21
       218      30.02
       220      31.76
       222      29.99
       224      29.39
       226      31.57
       228      34.23
       230      35.52
     232.1      35.52
     234.1      32.91
     236.1      29.89
     238.1      29.33
     240.1       32.4
     242.1      35.52
     244.1      35.52
     246.1      35.52
     248.1      35.52
     250.1      35.52
     252.1      35.52
     254.2      35.52
     256.2      35.52
     258.2      35.52
     260.2      35.52
     262.2      35.52
     264.2      35.52
     266.2      35.52
     268.2      35.52
     270.2      35.52
     272.2      35.52
     274.2      35.52
     276.3      35.52
     278.3      35.52
     280.3      35.52
     282.3      35.52
     284.3      35.52
     286.3      35.52
     288.3      35.52
     290.3      35.52
     292.3      35.52
     294.3      35.52
     296.3      35.52
     298.4      35.52
     300.4      35.52
     302.4      35.52
     304.4      35.52
     306.4      35.52
     308.4      35.52
     310.4      35.52
     312.4      35.52
     314.4      35.52
     316.4      35.52
     318.4      35.52
