     3.017  1.118e+09
     5.029  2.074e+08
      7.04   1.27e+08
     9.052  7.275e+07
     11.06  4.672e+07
     13.07  3.009e+07
     15.09  2.238e+07
      17.1  1.562e+07
     19.11  1.201e+07
     21.12  1.164e+07
     23.13   8.83e+06
     25.14  6.068e+06
     27.16  4.648e+06
     29.17  5.339e+06
     31.18  3.469e+06
     33.19   5.12e+06
      35.2  4.124e+06
     37.21  3.408e+06
     39.22  4.011e+06
     41.24  4.037e+06
     43.25  3.079e+06
     45.26  2.914e+06
     47.27  2.437e+06
     49.28  1.632e+06
     51.29  1.509e+06
      53.3  1.389e+06
     55.32  1.717e+06
     57.33   1.57e+06
     59.34  1.569e+06
     61.35  1.445e+06
     63.36  1.315e+06
     65.37  1.633e+06
     67.38  2.397e+06
      69.4  1.786e+06
     71.41  1.662e+06
     73.42  2.357e+06
     75.43  3.716e+06
     77.44  1.451e+06
     79.45  1.402e+06
     81.47  9.471e+05
     83.48  1.392e+06
     85.49  1.044e+06
      87.5  1.152e+06
     89.51   9.49e+05
     91.52  1.185e+06
     93.53  1.155e+06
     95.55  1.954e+06
     97.56  1.292e+06
     99.57  1.487e+06
     101.6  8.117e+05
     103.6  1.162e+06
     105.6  2.012e+06
     107.6  1.158e+06
     109.6  5.676e+05
     111.6  5.921e+05
     113.6  5.995e+05
     115.7  5.909e+05
     117.7  1.258e+06
     119.7  5.966e+05
     121.7   5.47e+05
     123.7  6.279e+05
     125.7  5.908e+05
     127.7  5.499e+05
     129.7  5.534e+05
     131.8  6.196e+05
     133.8  4.476e+05
     135.8  4.547e+05
     137.8   2.46e+05
     139.8  2.348e+05
     141.8  2.601e+05
     143.8  1.715e+05
     145.8  1.232e+05
     147.8   1.92e+05
     149.9   2.16e+05
     151.9  1.215e+05
     153.9  2.536e+05
     155.9  2.012e+05
     157.9  1.238e+05
     159.9  1.176e+05
     161.9  3.987e+04
     163.9  8.024e+04
     165.9  9.566e+04
       168  5.551e+04
       170  1.827e+04
       172  5.541e+04
       174  5.368e+04
       176  5.432e+04
       178  3.791e+04
       180  1.714e+04
       182          0
     184.1          0
     186.1          0
     188.1  1.596e+04
     190.1  3.281e+04
     192.1  1.662e+04
     194.1  1.616e+04
     196.1  1.483e+04
     198.1          0
     200.1          0
     202.2          0
     204.2  1.483e+04
     206.2          0
     208.2          0
     210.2          0
     212.2          0
     214.2          0
     216.2          0
     218.2          0
     220.3          0
     222.3          0
     224.3          0
     226.3          0
     228.3          0
     230.3          0
     232.3          0
     234.3          0
     236.3          0
     238.4          0
     240.4          0
     242.4          0
     244.4          0
     246.4          0
     248.4          0
     250.4          0
     252.4          0
     254.5          0
     256.5          0
     258.5          0
     260.5          0
     262.5          0
     264.5          0
     266.5          0
