     1.006  2.861e-16
     3.017  2.708e-17
     5.029  9.558e-18
      7.04  8.446e-18
     9.052  4.454e-18
     11.06  3.762e-18
     13.07  2.451e-18
     15.09  1.928e-18
      17.1  1.318e-18
     19.11   1.44e-18
     21.12  1.355e-18
     23.13  9.256e-19
     25.14  5.562e-19
     27.16  6.043e-19
     29.17  1.194e-18
     31.18  1.414e-18
     33.19   1.24e-18
      35.2  6.462e-19
     37.21  4.915e-19
     39.22  4.558e-19
     41.24  3.753e-19
     43.25  3.542e-19
     45.26  2.721e-19
     47.27  2.796e-19
     49.28  1.997e-19
     51.29  1.424e-19
      53.3  1.679e-19
     55.32  2.017e-19
     57.33  1.471e-19
     59.34  1.482e-19
     61.35   1.26e-19
     63.36  1.411e-19
     65.37  3.534e-19
     67.38  3.132e-19
      69.4  2.752e-19
     71.41   2.06e-19
     73.42  3.026e-19
     75.43  2.481e-19
     77.44  1.522e-19
     79.45  1.096e-19
     81.47  9.482e-20
     83.48  1.221e-19
     85.49  1.079e-19
      87.5  9.589e-20
     89.51  1.336e-19
     91.52  1.392e-19
     93.53  1.481e-19
     95.55  1.784e-19
     97.56  1.476e-19
     99.57  1.199e-19
     101.6  8.373e-20
     103.6  1.369e-19
     105.6  1.547e-19
     107.6  8.045e-20
     109.6  7.546e-20
     111.6  5.835e-20
     113.6  7.357e-20
     115.7  9.575e-20
     117.7  9.717e-20
     119.7  5.551e-20
     121.7  6.338e-20
     123.7  7.628e-20
     125.7  6.586e-20
     127.7  6.019e-20
     129.7  8.516e-20
     131.8  4.348e-20
     133.8  5.598e-20
     135.8  3.307e-20
     137.8   2.51e-20
     139.8  2.566e-20
     141.8  2.449e-20
     143.8  1.431e-20
     145.8  1.833e-20
     147.8  2.276e-20
     149.9  1.347e-20
     151.9  3.908e-20
     153.9  5.555e-20
     155.9  2.059e-20
     157.9  1.217e-20
     159.9  9.701e-21
     161.9  8.969e-21
     163.9  6.559e-21
     165.9  9.469e-21
       168  4.889e-21
       170  4.736e-21
       172  5.336e-21
       174  4.272e-21
       176  4.118e-21
       178  2.475e-21
       180  1.262e-21
       182      1e-23
     184.1      1e-23
     186.1  7.484e-22
     188.1  1.817e-21
     190.1  2.781e-21
     192.1  1.618e-21
     194.1  2.248e-21
     196.1  1.316e-23
     198.1      1e-23
     200.1  2.167e-22
     202.2  1.935e-21
     204.2  1.452e-22
     206.2      1e-23
     208.2      1e-23
     210.2      1e-23
     212.2      1e-23
     214.2      1e-23
     216.2      1e-23
     218.2      1e-23
     220.3      1e-23
     222.3      1e-23
     224.3      1e-23
     226.3      1e-23
     228.3      1e-23
     230.3      1e-23
     232.3      1e-23
     234.3      1e-23
     236.3      1e-23
     238.4      1e-23
     240.4      1e-23
     242.4      1e-23
     244.4      1e-23
     246.4      1e-23
     248.4      1e-23
     250.4      1e-23
     252.4      1e-23
     254.5      1e-23
     256.5      1e-23
     258.5      1e-23
     260.5      1e-23
     262.5      1e-23
     264.5      1e-23
     266.5      1e-23
