     1.006  2.628e+10
     3.017  6.891e+10
     5.029  8.209e+10
      7.04   9.34e+10
     9.052  1.017e+11
     11.06  1.083e+11
     13.07  1.132e+11
     15.09  1.175e+11
      17.1  1.209e+11
     19.11  1.238e+11
     21.12  1.269e+11
     23.13  1.295e+11
     25.14  1.314e+11
     27.16   1.33e+11
     29.17  1.349e+11
     31.18  1.363e+11
     33.19  1.385e+11
      35.2  1.403e+11
     37.21  1.419e+11
     39.22  1.439e+11
     41.24   1.46e+11
     43.25  1.477e+11
     45.26  1.493e+11
     47.27  1.508e+11
     49.28  1.518e+11
     51.29  1.528e+11
      53.3  1.537e+11
     55.32  1.549e+11
     57.33  1.561e+11
     59.34  1.572e+11
     61.35  1.584e+11
     63.36  1.594e+11
     65.37  1.608e+11
     67.38  1.628e+11
      69.4  1.644e+11
     71.41  1.659e+11
     73.42  1.681e+11
     75.43  1.716e+11
     77.44   1.73e+11
     79.45  1.744e+11
     81.47  1.754e+11
     83.48  1.769e+11
     85.49   1.78e+11
      87.5  1.793e+11
     89.51  1.803e+11
     91.52  1.817e+11
     93.53  1.831e+11
     95.55  1.854e+11
     97.56   1.87e+11
     99.57  1.889e+11
     101.6    1.9e+11
     103.6  1.915e+11
     105.6  1.942e+11
     107.6  1.957e+11
     109.6  1.965e+11
     111.6  1.974e+11
     113.6  1.982e+11
     115.7  1.991e+11
     117.7   2.01e+11
     119.7  2.019e+11
     121.7  2.027e+11
     123.7  2.037e+11
     125.7  2.046e+11
     127.7  2.055e+11
     129.7  2.064e+11
     131.8  2.074e+11
     133.8  2.082e+11
     135.8   2.09e+11
     137.8  2.094e+11
     139.8  2.098e+11
     141.8  2.103e+11
     143.8  2.106e+11
     145.8  2.108e+11
     147.8  2.112e+11
     149.9  2.116e+11
     151.9  2.118e+11
     153.9  2.123e+11
     155.9  2.127e+11
     157.9   2.13e+11
     159.9  2.132e+11
     161.9  2.133e+11
     163.9  2.135e+11
     165.9  2.137e+11
       168  2.138e+11
       170  2.138e+11
       172  2.139e+11
       174   2.14e+11
       176  2.142e+11
       178  2.143e+11
       180  2.143e+11
       182  2.143e+11
     184.1  2.143e+11
     186.1  2.143e+11
     188.1  2.143e+11
     190.1  2.144e+11
     192.1  2.144e+11
     194.1  2.145e+11
     196.1  2.145e+11
     198.1  2.145e+11
     200.1  2.145e+11
     202.2  2.145e+11
     204.2  2.146e+11
     206.2  2.146e+11
     208.2  2.146e+11
     210.2  2.146e+11
     212.2  2.146e+11
     214.2  2.146e+11
     216.2  2.146e+11
     218.2  2.146e+11
     220.3  2.146e+11
     222.3  2.146e+11
     224.3  2.146e+11
     226.3  2.146e+11
     228.3  2.146e+11
     230.3  2.146e+11
     232.3  2.146e+11
     234.3  2.146e+11
     236.3  2.146e+11
     238.4  2.146e+11
     240.4  2.146e+11
     242.4  2.146e+11
     244.4  2.146e+11
     246.4  2.146e+11
     248.4  2.146e+11
     250.4  2.146e+11
     252.4  2.146e+11
     254.5  2.146e+11
     256.5  2.146e+11
     258.5  2.146e+11
     260.5  2.146e+11
     262.5  2.146e+11
     264.5  2.146e+11
     266.5  2.146e+11
