     1.006      16.87
     3.017      19.43
     5.029      20.57
      7.04       20.7
     9.052      21.39
     11.06      21.58
     13.07      22.04
     15.09       22.3
      17.1      22.72
     19.11      22.62
     21.12      22.69
     23.13       23.1
     25.14      23.65
     27.16      23.56
     29.17      22.82
     31.18      22.64
     33.19      22.78
      35.2      23.49
     37.21      23.79
     39.22      23.87
     41.24      24.08
     43.25      24.14
     45.26      24.43
     47.27       24.4
     49.28      24.76
     51.29      25.13
      53.3      24.95
     55.32      24.75
     57.33       25.1
     59.34      25.09
     61.35      25.27
     63.36      25.14
     65.37      24.15
     67.38      24.28
      69.4      24.42
     71.41      24.73
     73.42      24.31
     75.43      24.53
     77.44      25.06
     79.45      25.42
     81.47      25.57
     83.48       25.3
     85.49      25.43
      87.5      25.56
     89.51       25.2
     91.52      25.16
     93.53      25.09
     95.55      24.89
     97.56      25.09
     99.57      25.32
     101.6      25.71
     103.6      25.17
     105.6      25.04
     107.6      25.75
     109.6      25.82
     111.6       26.1
     113.6      25.85
     115.7      25.56
     117.7      25.55
     119.7      26.16
     121.7      26.01
     123.7      25.81
     125.7      25.97
     127.7      26.07
     129.7      25.69
     131.8      26.42
     133.8      26.15
     135.8      26.72
     137.8      27.02
     139.8      26.99
     141.8      27.04
     143.8      27.63
     145.8      27.36
     147.8      27.12
     149.9      27.69
     151.9      26.54
     153.9      26.15
     155.9      27.23
     157.9       27.8
     159.9      28.05
     161.9      28.13
     163.9      28.47
     165.9      28.08
       168      28.79
       170      28.83
       172       28.7
       174      28.94
       176      28.98
       178      29.53
       180      30.26
       182      35.52
     184.1      35.52
     186.1      30.83
     188.1      29.87
     190.1      29.41
     192.1      29.99
     194.1      29.64
     196.1      35.22
     198.1      35.52
     200.1      32.18
     202.2       29.8
     204.2      32.61
     206.2      35.52
     208.2      35.52
     210.2      35.52
     212.2      35.52
     214.2      35.52
     216.2      35.52
     218.2      35.52
     220.3      35.52
     222.3      35.52
     224.3      35.52
     226.3      35.52
     228.3      35.52
     230.3      35.52
     232.3      35.52
     234.3      35.52
     236.3      35.52
     238.4      35.52
     240.4      35.52
     242.4      35.52
     244.4      35.52
     246.4      35.52
     248.4      35.52
     250.4      35.52
     252.4      35.52
     254.5      35.52
     256.5      35.52
     258.5      35.52
     260.5      35.52
     262.5      35.52
     264.5      35.52
     266.5      35.52
