      3.01  1.413e+09
     5.016  5.096e+08
     7.023  3.265e+08
     9.029  2.168e+08
     11.04  1.487e+08
     13.04  1.038e+08
     15.05  8.535e+07
     17.05  7.168e+07
     19.06  6.411e+07
     21.07  5.391e+07
     23.07  4.406e+07
     25.08  3.902e+07
     27.09  3.734e+07
     29.09  3.893e+07
      31.1  2.685e+07
     33.11  1.972e+07
     35.11  1.478e+07
     37.12   9.02e+06
     39.13  8.071e+06
     41.13  5.522e+06
     43.14  5.712e+06
     45.14  5.162e+06
     47.15  5.935e+06
     49.16  4.424e+06
     51.16  4.738e+06
     53.17  4.014e+06
     55.18  3.012e+06
     57.18  3.564e+06
     59.19  3.649e+06
      61.2   4.17e+06
      63.2  2.887e+06
     65.21  3.606e+06
     67.22  3.422e+06
     69.22  2.359e+06
     71.23  1.869e+06
     73.23  1.485e+06
     75.24   1.98e+06
     77.25  1.669e+06
     79.25  1.467e+06
     81.26  1.351e+06
     83.27  1.915e+06
     85.27  9.466e+05
     87.28  1.676e+06
     89.29  1.382e+06
     91.29  1.246e+06
      93.3  1.484e+06
     95.31   1.51e+06
     97.31  1.164e+06
     99.32  1.737e+06
     101.3  1.408e+06
     103.3  8.799e+05
     105.3  1.218e+06
     107.3  1.319e+06
     109.4  1.438e+06
     111.4  2.396e+06
     113.4  2.211e+06
     115.4  1.326e+06
     117.4   1.71e+06
     119.4  1.952e+06
     121.4  1.777e+06
     123.4   1.64e+06
     125.4  1.248e+06
     127.4  1.729e+06
     129.4  1.439e+06
     131.4  8.001e+05
     133.4  1.197e+06
     135.4  7.919e+05
     137.4  6.994e+05
     139.4  6.296e+05
     141.5  8.399e+05
     143.5  7.726e+05
     145.5  9.509e+05
     147.5  1.099e+06
     149.5  7.604e+05
     151.5  6.285e+05
     153.5  5.804e+05
     155.5  6.962e+05
     157.5  6.753e+05
     159.5  4.624e+05
     161.5  4.502e+05
     163.5  3.657e+05
     165.5  2.524e+05
     167.5  2.574e+05
     169.5  2.026e+05
     171.5   2.03e+05
     173.6  1.624e+05
     175.6  1.461e+05
     177.6  3.198e+05
     179.6  1.459e+05
     181.6  1.524e+05
     183.6  2.213e+05
     185.6  1.841e+05
     187.6  1.362e+05
     189.6  1.547e+05
     191.6  1.165e+05
     193.6  2.265e+05
     195.6  2.242e+05
     197.6  2.337e+05
     199.6  6.409e+05
     201.6  2.682e+05
     203.7  3.248e+05
     205.7  1.121e+05
     207.7  5.677e+04
     209.7  1.879e+05
     211.7  2.358e+05
     213.7  8.459e+04
     215.7  1.413e+05
     217.7   1.25e+05
     219.7  1.079e+05
     221.7  8.136e+04
     223.7  7.072e+04
     225.7          0
     227.7          0
     229.7  7.414e+04
     231.7  4.298e+04
     233.7  7.123e+04
     235.8  1.372e+04
     237.8   1.38e+04
     239.8  2.597e+04
     241.8          0
     243.8  1.349e+04
     245.8   2.42e+04
     247.8          0
     249.8   2.62e+04
     251.8  4.987e+04
     253.8  2.386e+04
     255.8          0
     257.8  4.704e+04
     259.8  1.173e+04
     261.8   1.21e+04
     263.8  1.152e+04
     265.9  1.229e+04
     267.9  1.112e+04
     269.9          0
     271.9          0
     273.9  2.302e+04
     275.9  3.565e+04
     277.9  3.419e+04
     279.9  1.069e+04
     281.9  4.519e+04
     283.9  1.054e+04
     285.9          0
     287.9  1.125e+04
     289.9          0
     291.9          0
     293.9          0
     295.9          0
       298          0
       300          0
       302          0
       304          0
       306          0
       308          0
       310          0
       312          0
       314          0
       316          0
       318          0
       320          0
       322          0
       324          0
       326          0
     328.1          0
     330.1          0
     332.1          0
     334.1          0
     336.1          0
     338.1          0
     340.1          0
     342.1          0
     344.1          0
     346.1          0
     348.1          0
     350.1          0
