     1.003  3.128e-16
      3.01  9.794e-17
     5.016  4.347e-17
     7.023  3.139e-17
     9.029  2.134e-17
     11.04  1.511e-17
     13.04  1.213e-17
     15.05   1.08e-17
     17.05  9.715e-18
     19.06  8.158e-18
     21.07  7.374e-18
     23.07  5.928e-18
     25.08  5.483e-18
     27.09  6.314e-18
     29.09  6.522e-18
      31.1   5.25e-18
     33.11  3.777e-18
     35.11  3.365e-18
     37.12   2.58e-18
     39.13  1.217e-18
     41.13  9.101e-19
     43.14  1.018e-18
     45.14  1.283e-18
     47.15   1.52e-18
     49.16  9.455e-19
     51.16  9.176e-19
     53.17  6.481e-19
     55.18  9.556e-19
     57.18  1.204e-18
     59.19  1.041e-18
      61.2  9.516e-19
      63.2  8.305e-19
     65.21  1.137e-18
     67.22  1.043e-18
     69.22  8.229e-19
     71.23  4.619e-19
     73.23  4.373e-19
     75.24  4.562e-19
     77.25  6.913e-19
     79.25  6.022e-19
     81.26  1.013e-18
     83.27  5.277e-19
     85.27  4.416e-19
     87.28  5.128e-19
     89.29  2.921e-19
     91.29  2.839e-19
      93.3  3.245e-19
     95.31  3.089e-19
     97.31  3.248e-19
     99.32   3.73e-19
     101.3  2.568e-19
     103.3  1.792e-19
     105.3  2.737e-19
     107.3  2.636e-19
     109.4  4.307e-19
     111.4  7.478e-19
     113.4  7.174e-19
     115.4  4.037e-19
     117.4   3.81e-19
     119.4  3.615e-19
     121.4    3.6e-19
     123.4  3.201e-19
     125.4  3.496e-19
     127.4  3.144e-19
     129.4  2.964e-19
     131.4   2.56e-19
     133.4  2.507e-19
     135.4  1.979e-19
     137.4  1.659e-19
     139.4  1.381e-19
     141.5  1.727e-19
     143.5  1.969e-19
     145.5   2.03e-19
     147.5  1.998e-19
     149.5  1.824e-19
     151.5  1.229e-19
     153.5  1.142e-19
     155.5  1.432e-19
     157.5  9.972e-20
     159.5  7.866e-20
     161.5  8.708e-20
     163.5  6.024e-20
     165.5  4.874e-20
     167.5  4.297e-20
     169.5  3.805e-20
     171.5   3.54e-20
     173.6  3.206e-20
     175.6  4.752e-20
     177.6   3.84e-20
     179.6  3.113e-20
     181.6  3.193e-20
     183.6  3.457e-20
     185.6   2.57e-20
     187.6  3.109e-20
     189.6  1.759e-20
     191.6  3.444e-20
     193.6  4.188e-20
     195.6  4.306e-20
     197.6  1.229e-19
     199.6  9.263e-20
     201.6  5.939e-20
     203.7   4.41e-20
     205.7  2.014e-20
     207.7  2.752e-20
     209.7  3.029e-20
     211.7  2.605e-20
     213.7  2.096e-20
     215.7  1.814e-20
     217.7  2.041e-20
     219.7  1.536e-20
     221.7  1.435e-20
     223.7  5.014e-21
     225.7  1.591e-21
     227.7  9.084e-21
     229.7  2.464e-20
     231.7  2.379e-20
     233.7  1.552e-20
     235.8  4.066e-21
     237.8  5.619e-21
     239.8  1.725e-21
     241.8  1.809e-21
     243.8  2.868e-21
     245.8  2.762e-21
     247.8  4.067e-21
     249.8  1.087e-20
     251.8  7.773e-21
     253.8  3.307e-21
     255.8  4.945e-21
     257.8  6.238e-21
     259.8  3.927e-21
     261.8  4.818e-21
     263.8  5.399e-21
     265.9  2.769e-21
     267.9  8.227e-22
     269.9  6.882e-22
     271.9  9.783e-21
     273.9   1.79e-20
     275.9  1.522e-20
     277.9  1.003e-20
     279.9  1.492e-20
     281.9  1.673e-20
     283.9  2.184e-21
     285.9  2.985e-21
     287.9  4.164e-21
     289.9  2.926e-22
     291.9      1e-23
     293.9      1e-23
     295.9      1e-23
       298      1e-23
       300      1e-23
       302      1e-23
       304      1e-23
       306      1e-23
       308      1e-23
       310      1e-23
       312      1e-23
       314      1e-23
       316      1e-23
       318      1e-23
       320      1e-23
       322      1e-23
       324      1e-23
       326      1e-23
     328.1      1e-23
     330.1      1e-23
     332.1      1e-23
     334.1      1e-23
     336.1      1e-23
     338.1      1e-23
     340.1      1e-23
     342.1      1e-23
     344.1      1e-23
     346.1      1e-23
     348.1      1e-23
     350.1      1e-23
