     1.003  2.774e+10
      3.01  8.137e+10
     5.016  1.136e+11
     7.023  1.425e+11
     9.029  1.672e+11
     11.04  1.879e+11
     13.04  2.049e+11
     15.05  2.211e+11
     17.05  2.365e+11
     19.06  2.519e+11
     21.07  2.662e+11
     23.07  2.791e+11
     25.08  2.914e+11
     27.09  3.041e+11
     29.09  3.184e+11
      31.1   3.29e+11
     33.11  3.372e+11
     35.11  3.437e+11
     37.12  3.479e+11
     39.13  3.519e+11
     41.13  3.548e+11
     43.14  3.579e+11
     45.14  3.608e+11
     47.15  3.644e+11
     49.16  3.671e+11
     51.16  3.702e+11
     53.17  3.729e+11
     55.18  3.749e+11
     57.18  3.775e+11
     59.19  3.802e+11
      61.2  3.835e+11
      63.2  3.858e+11
     65.21  3.887e+11
     67.22  3.916e+11
     69.22  3.937e+11
     71.23  3.954e+11
     73.23  3.967e+11
     75.24  3.986e+11
     77.25  4.002e+11
     79.25  4.017e+11
     81.26  4.031e+11
     83.27  4.051e+11
     85.27  4.061e+11
     87.28   4.08e+11
     89.29  4.095e+11
     91.29  4.109e+11
      93.3  4.127e+11
     95.31  4.145e+11
     97.31  4.159e+11
     99.32  4.181e+11
     101.3  4.199e+11
     103.3  4.211e+11
     105.3  4.227e+11
     107.3  4.245e+11
     109.4  4.264e+11
     111.4  4.298e+11
     113.4   4.33e+11
     115.4  4.349e+11
     117.4  4.374e+11
     119.4  4.404e+11
     121.4  4.431e+11
     123.4  4.456e+11
     125.4  4.476e+11
     127.4  4.504e+11
     129.4  4.527e+11
     131.4  4.541e+11
     133.4  4.561e+11
     135.4  4.574e+11
     137.4  4.586e+11
     139.4  4.597e+11
     141.5  4.612e+11
     143.5  4.626e+11
     145.5  4.644e+11
     147.5  4.664e+11
     149.5  4.678e+11
     151.5  4.691e+11
     153.5  4.702e+11
     155.5  4.715e+11
     157.5  4.729e+11
     159.5  4.738e+11
     161.5  4.747e+11
     163.5  4.755e+11
     165.5   4.76e+11
     167.5  4.765e+11
     169.5   4.77e+11
     171.5  4.774e+11
     173.6  4.778e+11
     175.6  4.781e+11
     177.6  4.788e+11
     179.6  4.791e+11
     181.6  4.795e+11
     183.6    4.8e+11
     185.6  4.804e+11
     187.6  4.808e+11
     189.6  4.811e+11
     191.6  4.814e+11
     193.6   4.82e+11
     195.6  4.825e+11
     197.6  4.831e+11
     199.6  4.847e+11
     201.6  4.854e+11
     203.7  4.862e+11
     205.7  4.865e+11
     207.7  4.867e+11
     209.7  4.872e+11
     211.7  4.878e+11
     213.7   4.88e+11
     215.7  4.884e+11
     217.7  4.887e+11
     219.7   4.89e+11
     221.7  4.893e+11
     223.7  4.895e+11
     225.7  4.895e+11
     227.7  4.895e+11
     229.7  4.897e+11
     231.7  4.898e+11
     233.7    4.9e+11
     235.8  4.901e+11
     237.8  4.901e+11
     239.8  4.902e+11
     241.8  4.902e+11
     243.8  4.902e+11
     245.8  4.903e+11
     247.8  4.903e+11
     249.8  4.904e+11
     251.8  4.905e+11
     253.8  4.906e+11
     255.8  4.906e+11
     257.8  4.908e+11
     259.8  4.908e+11
     261.8  4.908e+11
     263.8  4.909e+11
     265.9  4.909e+11
     267.9   4.91e+11
     269.9   4.91e+11
     271.9   4.91e+11
     273.9   4.91e+11
     275.9  4.912e+11
     277.9  4.913e+11
     279.9  4.913e+11
     281.9  4.915e+11
     283.9  4.915e+11
     285.9  4.915e+11
     287.9  4.916e+11
     289.9  4.916e+11
     291.9  4.916e+11
     293.9  4.916e+11
     295.9  4.916e+11
       298  4.916e+11
       300  4.916e+11
       302  4.916e+11
       304  4.916e+11
       306  4.916e+11
       308  4.916e+11
       310  4.916e+11
       312  4.916e+11
       314  4.916e+11
       316  4.916e+11
       318  4.916e+11
       320  4.916e+11
       322  4.916e+11
       324  4.916e+11
       326  4.916e+11
     328.1  4.916e+11
     330.1  4.916e+11
     332.1  4.916e+11
     334.1  4.916e+11
     336.1  4.916e+11
     338.1  4.916e+11
     340.1  4.916e+11
     342.1  4.916e+11
     344.1  4.916e+11
     346.1  4.916e+11
     348.1  4.916e+11
     350.1  4.916e+11
