     1.003      16.78
      3.01      18.04
     5.016      18.92
     7.023      19.27
     9.029      19.69
     11.04      20.07
     13.04      20.31
     15.05      20.43
     17.05      20.55
     19.06      20.74
     21.07      20.85
     23.07      21.08
     25.08      21.17
     27.09      21.02
     29.09      20.98
      31.1      21.22
     33.11      21.57
     35.11       21.7
     37.12      21.99
     39.13       22.8
     41.13      23.12
     43.14         23
     45.14      22.75
     47.15      22.56
     49.16      23.08
     51.16      23.11
     53.17      23.49
     55.18      23.07
     57.18      22.81
     59.19      22.97
      61.2      23.07
      63.2      23.22
     65.21      22.88
     67.22      22.97
     69.22      23.23
     71.23      23.85
     73.23      23.91
     75.24      23.87
     77.25      23.42
     79.25      23.57
     81.26         23
     83.27      23.71
     85.27       23.9
     87.28      23.74
     89.29      24.35
     91.29      24.38
      93.3      24.24
     95.31      24.29
     97.31      24.24
     99.32      24.09
     101.3      24.49
     103.3      24.88
     105.3      24.42
     107.3      24.46
     109.4      23.93
     111.4      23.33
     113.4      23.38
     115.4         24
     117.4      24.06
     119.4      24.12
     121.4      24.13
     123.4      24.25
     125.4      24.16
     127.4      24.27
     129.4      24.34
     131.4       24.5
     133.4      24.52
     135.4      24.77
     137.4      24.97
     139.4      25.17
     141.5      24.92
     143.5      24.78
     145.5      24.75
     147.5      24.76
     149.5      24.86
     151.5      25.29
     153.5      25.37
     155.5      25.13
     157.5      25.52
     159.5      25.78
     161.5      25.67
     163.5      26.07
     165.5       26.3
     167.5      26.43
     169.5      26.57
     171.5      26.64
     173.6      26.75
     175.6      26.32
     177.6      26.56
     179.6      26.78
     181.6      26.76
     183.6      26.67
     185.6      26.99
     187.6      26.78
     189.6       27.4
     191.6      26.67
     193.6      26.46
     195.6      26.43
     197.6      25.29
     199.6       25.6
     201.6      26.08
     203.7       26.4
     205.7      27.26
     207.7      26.92
     209.7      26.81
     211.7      26.98
     213.7      27.21
     215.7      27.37
     217.7      27.24
     219.7      27.55
     221.7      27.62
     223.7      28.77
     225.7      30.01
     227.7      28.12
     229.7      27.04
     231.7      27.08
     233.7      27.54
     235.8      28.99
     237.8      28.64
     239.8      29.92
     241.8      29.87
     243.8      29.37
     245.8      29.41
     247.8      28.99
     249.8      27.93
     251.8      28.29
     253.8      29.22
     255.8      28.78
     257.8      28.53
     259.8      29.03
     261.8      28.81
     263.8      28.69
     265.9      29.41
     267.9      30.73
     269.9      30.92
     271.9      28.04
     273.9      27.38
     275.9      27.56
     277.9      28.01
     279.9      27.58
     281.9      27.46
     283.9      29.67
     285.9      29.33
     287.9      28.97
     289.9      31.85
     291.9      35.52
     293.9      35.52
     295.9      35.52
       298      35.52
       300      35.52
       302      35.52
       304      35.52
       306      35.52
       308      35.52
       310      35.52
       312      35.52
       314      35.52
       316      35.52
       318      35.52
       320      35.52
       322      35.52
       324      35.52
       326      35.52
     328.1      35.52
     330.1      35.52
     332.1      35.52
     334.1      35.52
     336.1      35.52
     338.1      35.52
     340.1      35.52
     342.1      35.52
     344.1      35.52
     346.1      35.52
     348.1      35.52
     350.1      35.52
