     12.95   3.92e-18
     18.85  2.927e-18
     24.75  1.966e-18
     30.64  1.725e-18
     36.54  1.445e-18
     42.44   1.04e-18
     48.34  7.747e-19
     54.24  6.545e-19
     60.13  4.945e-19
     66.03   5.05e-19
     71.93  3.402e-19
     77.83  3.078e-19
     83.73  2.795e-19
     89.63  2.488e-19
     95.52  2.136e-19
     101.4  2.138e-19
     107.3  1.902e-19
     113.2  1.728e-19
     119.1  1.753e-19
       125  1.709e-19
     130.9  1.371e-19
     136.8  1.203e-19
     142.7  1.061e-19
     148.6  9.541e-20
     154.5  8.481e-20
     160.4  8.337e-20
     166.3  7.187e-20
     172.2  7.286e-20
     178.1  6.632e-20
       184  6.196e-20
     189.9  5.706e-20
     195.8  5.256e-20
     201.7  5.029e-20
     207.6  4.992e-20
     213.5  6.345e-20
     219.4  4.207e-20
     225.3  3.812e-20
     231.2  3.383e-20
     237.1  3.068e-20
       243  2.986e-20
     248.9  2.804e-20
     254.8  3.009e-20
     260.7  3.134e-20
     266.6  2.717e-20
     272.5  2.347e-20
     278.4  2.515e-20
     284.3  2.031e-20
     290.2  1.959e-20
     296.1  1.768e-20
       302  1.865e-20
     307.9  1.628e-20
     313.8  1.507e-20
     319.7  1.314e-20
     325.6  1.224e-20
     331.5  1.374e-20
     337.4  1.123e-20
     343.2   1.83e-20
     349.1  9.609e-21
