     12.95      21.53
     18.85      21.85
     24.75      22.28
     30.64      22.42
     36.54      22.62
     42.44      22.97
     48.34      23.29
     54.24      23.48
     60.13      23.78
     66.03      23.76
     71.93      24.19
     77.83       24.3
     83.73       24.4
     89.63      24.53
     95.52      24.69
     101.4      24.69
     107.3      24.82
     113.2      24.92
     119.1      24.91
       125      24.93
     130.9      25.17
     136.8      25.32
     142.7      25.45
     148.6      25.57
     154.5       25.7
     160.4      25.71
     166.3      25.87
     172.2      25.86
     178.1      25.96
       184      26.04
     189.9      26.13
     195.8      26.21
     201.7      26.26
     207.6      26.27
     213.5      26.01
     219.4      26.46
     225.3      26.56
     231.2      26.69
     237.1       26.8
       243      26.83
     248.9       26.9
     254.8      26.82
     260.7      26.78
     266.6      26.93
     272.5      27.09
     278.4      27.01
     284.3      27.25
     290.2      27.29
     296.1       27.4
       302      27.34
     307.9      27.49
     313.8      27.57
     319.7      27.72
     325.6       27.8
     331.5      27.67
     337.4      27.89
     343.2      27.36
     349.1      28.06
