           0            0
      2.0161   4.2772e+10
      4.0323   6.6506e+10
      6.0484   9.9172e+10
      8.0645   1.4513e+11
      10.081   1.9895e+11
      12.097   2.5694e+11
      14.113   3.2131e+11
      16.129   3.9034e+11
      18.145   4.5431e+11
      20.161   5.1893e+11
      22.177   5.8109e+11
      24.194   6.3847e+11
       26.21   6.9467e+11
      28.226   7.4593e+11
      30.242   7.9376e+11
      32.258   8.4038e+11
      34.274   8.8738e+11
       36.29   9.2999e+11
      38.306   9.7072e+11
      40.323   1.0081e+12
      42.339   1.0443e+12
      44.355   1.0767e+12
      46.371   1.1122e+12
      48.387   1.1457e+12
      50.403   1.1785e+12
      52.419   1.2113e+12
      54.435   1.2411e+12
      56.452   1.2721e+12
      58.468   1.3022e+12
      60.484   1.3331e+12
        62.5   1.3636e+12
      64.516   1.3908e+12
      66.532   1.4194e+12
      68.548    1.446e+12
      70.565   1.4689e+12
      72.581   1.4928e+12
      74.597   1.5179e+12
      76.613   1.5402e+12
      78.629   1.5634e+12
      80.645    1.585e+12
      82.661   1.6094e+12
      84.677   1.6312e+12
      86.694   1.6546e+12
       88.71   1.6757e+12
      90.726    1.698e+12
      92.742   1.7188e+12
      94.758   1.7417e+12
      96.774   1.7621e+12
       98.79   1.7806e+12
      100.81   1.7995e+12
      102.82   1.8177e+12
      104.84   1.8358e+12
      106.85   1.8524e+12
      108.87   1.8689e+12
      110.89   1.8856e+12
       112.9   1.9012e+12
      114.92   1.9179e+12
      116.94    1.934e+12
      118.95   1.9491e+12
      120.97   1.9632e+12
      122.98   1.9769e+12
         125   1.9919e+12
      127.02   2.0074e+12
      129.03   2.0214e+12
      131.05   2.0345e+12
      133.06    2.048e+12
      135.08    2.061e+12
       137.1   2.0724e+12
      139.11   2.0831e+12
      141.13   2.0957e+12
      143.15   2.1073e+12
      145.16   2.1192e+12
      147.18   2.1314e+12
      149.19   2.1417e+12
      151.21   2.1532e+12
      153.23   2.1653e+12
      155.24   2.1766e+12
      157.26   2.1883e+12
      159.27   2.1985e+12
      161.29   2.2092e+12
      163.31   2.2194e+12
      165.32     2.23e+12
      167.34   2.2397e+12
      169.35     2.25e+12
      171.37   2.2584e+12
      173.39   2.2678e+12
       175.4   2.2777e+12
      177.42    2.287e+12
      179.44   2.2955e+12
      181.45    2.304e+12
      183.47   2.3124e+12
      185.48   2.3217e+12
       187.5    2.332e+12
      189.52   2.3425e+12
      191.53   2.3516e+12
      193.55   2.3606e+12
      195.56   2.3705e+12
      197.58   2.3802e+12
       199.6   2.3897e+12
      201.61   2.3974e+12
      203.63   2.4061e+12
      205.65   2.4147e+12
      207.66   2.4238e+12
      209.68   2.4317e+12
      211.69   2.4407e+12
      213.71    2.449e+12
      215.73   2.4571e+12
      217.74    2.465e+12
      219.76   2.4723e+12
      221.77   2.4796e+12
      223.79    2.488e+12
      225.81   2.4956e+12
      227.82   2.5032e+12
      229.84   2.5105e+12
      231.85   2.5181e+12
      233.87   2.5248e+12
      235.89   2.5321e+12
       237.9   2.5391e+12
      239.92   2.5458e+12
      241.94   2.5523e+12
      243.95   2.5588e+12
      245.97   2.5659e+12
      247.98   2.5723e+12
         250            0
