           0            0
      2.0161   4.3885e+10
      4.0323   8.9075e+10
      6.0484    1.446e+11
      8.0645   2.0705e+11
      10.081   2.6984e+11
      12.097   3.3613e+11
      14.113   3.9943e+11
      16.129   4.5467e+11
      18.145   5.0766e+11
      20.161   5.5839e+11
      22.177    6.056e+11
      24.194   6.4939e+11
       26.21   6.9203e+11
      28.226   7.3539e+11
      30.242   7.7481e+11
      32.258   8.1296e+11
      34.274   8.5076e+11
       36.29   8.8749e+11
      38.306   9.2514e+11
      40.323   9.6286e+11
      42.339   9.9838e+11
      44.355   1.0333e+12
      46.371   1.0643e+12
      48.387   1.0976e+12
      50.403   1.1306e+12
      52.419   1.1642e+12
      54.435   1.1965e+12
      56.452   1.2287e+12
      58.468   1.2584e+12
      60.484   1.2875e+12
        62.5   1.3167e+12
      64.516    1.346e+12
      66.532   1.3742e+12
      68.548   1.4003e+12
      70.565   1.4232e+12
      72.581   1.4472e+12
      74.597   1.4691e+12
      76.613   1.4913e+12
      78.629   1.5131e+12
      80.645   1.5342e+12
      82.661    1.554e+12
      84.677   1.5778e+12
      86.694      1.6e+12
       88.71   1.6232e+12
      90.726    1.646e+12
      92.742    1.667e+12
      94.758    1.686e+12
      96.774   1.7055e+12
       98.79   1.7247e+12
      100.81   1.7437e+12
      102.82   1.7618e+12
      104.84   1.7809e+12
      106.85   1.8004e+12
      108.87   1.8173e+12
      110.89   1.8344e+12
       112.9     1.85e+12
      114.92   1.8666e+12
      116.94   1.8806e+12
      118.95   1.8941e+12
      120.97   1.9078e+12
      122.98     1.92e+12
         125   1.9314e+12
      127.02    1.943e+12
      129.03   1.9559e+12
      131.05   1.9678e+12
      133.06   1.9792e+12
      135.08   1.9901e+12
       137.1   2.0002e+12
      139.11   2.0097e+12
      141.13   2.0203e+12
      143.15   2.0306e+12
      145.16   2.0412e+12
      147.18    2.049e+12
      149.19   2.0582e+12
      151.21    2.067e+12
      153.23   2.0761e+12
      155.24    2.085e+12
      157.26   2.0945e+12
      159.27   2.1033e+12
      161.29   2.1134e+12
      163.31   2.1224e+12
      165.32   2.1314e+12
      167.34   2.1404e+12
      169.35    2.148e+12
      171.37   2.1562e+12
      173.39   2.1645e+12
       175.4   2.1721e+12
      177.42   2.1793e+12
      179.44   2.1858e+12
      181.45   2.1947e+12
      183.47   2.2037e+12
      185.48   2.2109e+12
       187.5   2.2185e+12
      189.52   2.2246e+12
      191.53   2.2307e+12
      193.55   2.2375e+12
      195.56    2.244e+12
      197.58   2.2506e+12
       199.6   2.2564e+12
      201.61   2.2621e+12
      203.63   2.2683e+12
      205.65   2.2743e+12
      207.66   2.2802e+12
      209.68   2.2859e+12
      211.69   2.2914e+12
      213.71   2.2975e+12
      215.73   2.3024e+12
      217.74   2.3071e+12
      219.76   2.3122e+12
      221.77   2.3163e+12
      223.79    2.321e+12
      225.81   2.3252e+12
      227.82   2.3304e+12
      229.84    2.337e+12
      231.85   2.3439e+12
      233.87   2.3488e+12
      235.89   2.3528e+12
       237.9   2.3567e+12
      239.92   2.3599e+12
      241.94    2.363e+12
      243.95   2.3656e+12
      245.97   2.3687e+12
      247.98   2.3711e+12
         250            0
