           0            0
      2.0161    3.302e+10
      4.0323    8.352e+10
      6.0484   1.3272e+11
      8.0645   1.7801e+11
      10.081   2.2438e+11
      12.097   2.7002e+11
      14.113   3.1347e+11
      16.129   3.5432e+11
      18.145    3.921e+11
      20.161   4.2911e+11
      22.177   4.6563e+11
      24.194    4.978e+11
       26.21   5.2736e+11
      28.226   5.5932e+11
      30.242   5.9049e+11
      32.258   6.1995e+11
      34.274   6.4709e+11
       36.29   6.7359e+11
      38.306   6.9957e+11
      40.323    7.237e+11
      42.339   7.5008e+11
      44.355   7.7504e+11
      46.371   7.9937e+11
      48.387   8.2337e+11
      50.403   8.4717e+11
      52.419    8.715e+11
      54.435   8.9405e+11
      56.452   9.1514e+11
      58.468   9.3617e+11
      60.484    9.541e+11
        62.5   9.7285e+11
      64.516   9.9075e+11
      66.532   1.0072e+12
      68.548   1.0239e+12
      70.565   1.0407e+12
      72.581   1.0589e+12
      74.597   1.0763e+12
      76.613   1.0915e+12
      78.629   1.1081e+12
      80.645   1.1239e+12
      82.661   1.1391e+12
      84.677   1.1532e+12
      86.694   1.1687e+12
       88.71    1.183e+12
      90.726    1.196e+12
      92.742   1.2092e+12
      94.758   1.2221e+12
      96.774   1.2331e+12
       98.79   1.2429e+12
      100.81   1.2522e+12
      102.82   1.2613e+12
      104.84   1.2706e+12
      106.85    1.279e+12
      108.87   1.2881e+12
      110.89   1.2969e+12
       112.9   1.3057e+12
      114.92   1.3135e+12
      116.94    1.321e+12
      118.95   1.3291e+12
      120.97    1.337e+12
      122.98    1.345e+12
         125   1.3535e+12
      127.02   1.3625e+12
      129.03   1.3696e+12
      131.05   1.3773e+12
      133.06   1.3846e+12
      135.08   1.3912e+12
       137.1   1.3973e+12
      139.11   1.4037e+12
      141.13   1.4105e+12
      143.15   1.4173e+12
      145.16   1.4236e+12
      147.18   1.4299e+12
      149.19   1.4371e+12
      151.21   1.4445e+12
      153.23   1.4511e+12
      155.24   1.4584e+12
      157.26   1.4643e+12
      159.27   1.4707e+12
      161.29   1.4769e+12
      163.31   1.4829e+12
      165.32   1.4884e+12
      167.34    1.494e+12
      169.35   1.4993e+12
      171.37   1.5051e+12
      173.39   1.5116e+12
       175.4   1.5172e+12
      177.42   1.5217e+12
      179.44   1.5264e+12
      181.45   1.5319e+12
      183.47   1.5373e+12
      185.48   1.5426e+12
       187.5   1.5466e+12
      189.52   1.5505e+12
      191.53   1.5546e+12
      193.55    1.559e+12
      195.56    1.565e+12
      197.58   1.5705e+12
       199.6   1.5741e+12
      201.61   1.5783e+12
      203.63   1.5825e+12
      205.65   1.5868e+12
      207.66   1.5915e+12
      209.68   1.5956e+12
      211.69   1.5996e+12
      213.71   1.6044e+12
      215.73   1.6085e+12
      217.74   1.6125e+12
      219.76   1.6163e+12
      221.77     1.62e+12
      223.79   1.6243e+12
      225.81   1.6279e+12
      227.82   1.6316e+12
      229.84    1.635e+12
      231.85   1.6388e+12
      233.87   1.6429e+12
      235.89   1.6462e+12
       237.9   1.6489e+12
      239.92   1.6514e+12
      241.94   1.6539e+12
      243.95   1.6564e+12
      245.97   1.6589e+12
      247.98   1.6608e+12
         250            0
