           0            0
      2.0161   2.3991e+10
      4.0323   5.9481e+10
      6.0484   1.1044e+11
      8.0645   1.6835e+11
      10.081   2.3242e+11
      12.097   2.9749e+11
      14.113   3.5972e+11
      16.129   4.2225e+11
      18.145   4.8406e+11
      20.161   5.4965e+11
      22.177   6.1521e+11
      24.194   6.7782e+11
       26.21   7.4134e+11
      28.226     8.05e+11
      30.242   8.6619e+11
      32.258   9.2878e+11
      34.274   9.8948e+11
       36.29    1.052e+12
      38.306    1.112e+12
      40.323   1.1723e+12
      42.339   1.2314e+12
      44.355   1.2954e+12
      46.371   1.3513e+12
      48.387   1.4061e+12
      50.403   1.4595e+12
      52.419   1.5133e+12
      54.435   1.5642e+12
      56.452   1.6149e+12
      58.468   1.6664e+12
      60.484   1.7169e+12
        62.5   1.7652e+12
      64.516   1.8124e+12
      66.532   1.8578e+12
      68.548   1.9007e+12
      70.565   1.9473e+12
      72.581   1.9936e+12
      74.597   2.0374e+12
      76.613     2.08e+12
      78.629   2.1209e+12
      80.645   2.1612e+12
      82.661   2.1979e+12
      84.677   2.2361e+12
      86.694   2.2719e+12
       88.71   2.3072e+12
      90.726   2.3416e+12
      92.742   2.3775e+12
      94.758   2.4121e+12
      96.774   2.4494e+12
       98.79   2.4856e+12
      100.81   2.5218e+12
      102.82    2.557e+12
      104.84   2.5904e+12
      106.85   2.6203e+12
      108.87   2.6519e+12
      110.89   2.6823e+12
       112.9   2.7132e+12
      114.92   2.7455e+12
      116.94   2.7742e+12
      118.95   2.8047e+12
      120.97   2.8326e+12
      122.98   2.8608e+12
         125   2.8889e+12
      127.02   2.9208e+12
      129.03   2.9531e+12
      131.05   2.9828e+12
      133.06     3.01e+12
      135.08   3.0373e+12
       137.1   3.0646e+12
      139.11   3.0936e+12
      141.13   3.1197e+12
      143.15   3.1479e+12
      145.16   3.1758e+12
      147.18   3.2026e+12
      149.19   3.2292e+12
      151.21   3.2552e+12
      153.23   3.2816e+12
      155.24   3.3071e+12
      157.26   3.3342e+12
      159.27   3.3589e+12
      161.29   3.3839e+12
      163.31   3.4083e+12
      165.32   3.4332e+12
      167.34   3.4605e+12
      169.35   3.4842e+12
      171.37   3.5091e+12
      173.39   3.5317e+12
       175.4    3.556e+12
      177.42   3.5792e+12
      179.44    3.603e+12
      181.45   3.6257e+12
      183.47   3.6494e+12
      185.48   3.6726e+12
       187.5   3.6983e+12
      189.52   3.7206e+12
      191.53   3.7455e+12
      193.55   3.7677e+12
      195.56   3.7931e+12
      197.58   3.8168e+12
       199.6   3.8411e+12
      201.61   3.8669e+12
      203.63   3.8912e+12
      205.65   3.9154e+12
      207.66   3.9395e+12
      209.68   3.9647e+12
      211.69   3.9898e+12
      213.71   4.0137e+12
      215.73   4.0385e+12
      217.74   4.0624e+12
      219.76   4.0859e+12
      221.77   4.1127e+12
      223.79   4.1385e+12
      225.81   4.1644e+12
      227.82   4.1887e+12
      229.84   4.2145e+12
      231.85   4.2407e+12
      233.87   4.2657e+12
      235.89    4.288e+12
       237.9   4.3101e+12
      239.92   4.3302e+12
      241.94   4.3529e+12
      243.95   4.3745e+12
      245.97   4.3958e+12
      247.98   4.4172e+12
         250            0
