           0            0
      2.0161   3.3264e+10
      4.0323   7.6888e+10
      6.0484   1.1513e+11
      8.0645   1.4601e+11
      10.081   1.7501e+11
      12.097   2.0329e+11
      14.113    2.303e+11
      16.129   2.6112e+11
      18.145   2.9058e+11
      20.161   3.1959e+11
      22.177   3.4989e+11
      24.194   3.8106e+11
       26.21   4.1009e+11
      28.226   4.3829e+11
      30.242    4.663e+11
      32.258   4.9453e+11
      34.274   5.2241e+11
       36.29   5.4922e+11
      38.306   5.7193e+11
      40.323   5.9715e+11
      42.339   6.2067e+11
      44.355    6.424e+11
      46.371   6.6493e+11
      48.387   6.8461e+11
      50.403    7.036e+11
      52.419   7.2205e+11
      54.435   7.3991e+11
      56.452   7.5723e+11
      58.468   7.7127e+11
      60.484   7.8631e+11
        62.5   7.9949e+11
      64.516   8.1304e+11
      66.532   8.2628e+11
      68.548   8.3957e+11
      70.565   8.5258e+11
      72.581    8.648e+11
      74.597   8.7597e+11
      76.613   8.8605e+11
      78.629   8.9748e+11
      80.645   9.0919e+11
      82.661   9.1975e+11
      84.677   9.2925e+11
      86.694   9.3801e+11
       88.71   9.4529e+11
      90.726   9.5294e+11
      92.742   9.6143e+11
      94.758   9.6813e+11
      96.774   9.7617e+11
       98.79   9.8547e+11
      100.81   9.9303e+11
      102.82    9.995e+11
      104.84   1.0067e+12
      106.85   1.0137e+12
      108.87   1.0211e+12
      110.89   1.0288e+12
       112.9    1.037e+12
      114.92   1.0437e+12
      116.94   1.0491e+12
      118.95    1.055e+12
      120.97   1.0605e+12
      122.98   1.0655e+12
         125   1.0701e+12
      127.02   1.0755e+12
      129.03   1.0817e+12
      131.05   1.0878e+12
      133.06   1.0922e+12
      135.08   1.0978e+12
       137.1   1.1018e+12
      139.11   1.1058e+12
      141.13   1.1093e+12
      143.15   1.1124e+12
      145.16   1.1152e+12
      147.18   1.1181e+12
      149.19   1.1214e+12
      151.21   1.1246e+12
      153.23   1.1268e+12
      155.24   1.1292e+12
      157.26   1.1317e+12
      159.27   1.1345e+12
      161.29   1.1374e+12
      163.31   1.1405e+12
      165.32   1.1431e+12
      167.34   1.1455e+12
      169.35   1.1474e+12
      171.37   1.1495e+12
      173.39   1.1517e+12
       175.4   1.1537e+12
      177.42   1.1557e+12
      179.44   1.1572e+12
      181.45    1.159e+12
      183.47   1.1609e+12
      185.48   1.1626e+12
       187.5   1.1647e+12
      189.52   1.1663e+12
      191.53   1.1682e+12
      193.55   1.1697e+12
      195.56   1.1711e+12
      197.58    1.173e+12
       199.6   1.1749e+12
      201.61   1.1773e+12
      203.63   1.1806e+12
      205.65   1.1842e+12
      207.66   1.1863e+12
      209.68   1.1881e+12
      211.69   1.1897e+12
      213.71    1.191e+12
      215.73   1.1925e+12
      217.74   1.1942e+12
      219.76   1.1971e+12
      221.77   1.1984e+12
      223.79   1.1995e+12
      225.81   1.2006e+12
      227.82   1.2016e+12
      229.84   1.2027e+12
      231.85   1.2035e+12
      233.87   1.2048e+12
      235.89   1.2056e+12
       237.9   1.2065e+12
      239.92   1.2073e+12
      241.94   1.2081e+12
      243.95   1.2089e+12
      245.97   1.2097e+12
      247.98   1.2104e+12
         250            0
