           0            0
      2.0161   2.6922e+10
      4.0323   5.8754e+10
      6.0484   1.0368e+11
      8.0645   1.5163e+11
      10.081   2.0454e+11
      12.097   2.5628e+11
      14.113   3.1061e+11
      16.129   3.6805e+11
      18.145   4.2825e+11
      20.161   4.9131e+11
      22.177   5.5687e+11
      24.194   6.1948e+11
       26.21   6.8436e+11
      28.226   7.5152e+11
      30.242   8.1754e+11
      32.258    8.856e+11
      34.274   9.5288e+11
       36.29   1.0199e+12
      38.306    1.085e+12
      40.323   1.1449e+12
      42.339   1.2084e+12
      44.355   1.2725e+12
      46.371   1.3371e+12
      48.387   1.3996e+12
      50.403   1.4653e+12
      52.419   1.5311e+12
      54.435   1.5972e+12
      56.452   1.6624e+12
      58.468   1.7245e+12
      60.484   1.7844e+12
        62.5    1.843e+12
      64.516   1.9032e+12
      66.532   1.9608e+12
      68.548   2.0156e+12
      70.565     2.07e+12
      72.581   2.1244e+12
      74.597   2.1776e+12
      76.613   2.2245e+12
      78.629   2.2701e+12
      80.645     2.32e+12
      82.661   2.3655e+12
      84.677   2.4086e+12
      86.694   2.4509e+12
       88.71   2.4915e+12
      90.726   2.5299e+12
      92.742   2.5665e+12
      94.758   2.6034e+12
      96.774   2.6377e+12
       98.79   2.6722e+12
      100.81   2.7055e+12
      102.82   2.7385e+12
      104.84   2.7729e+12
      106.85   2.8069e+12
      108.87    2.842e+12
      110.89   2.8742e+12
       112.9   2.9064e+12
      114.92   2.9387e+12
      116.94   2.9708e+12
      118.95   3.0003e+12
      120.97   3.0313e+12
      122.98   3.0617e+12
         125   3.0921e+12
      127.02   3.1197e+12
      129.03   3.1485e+12
      131.05   3.1773e+12
      133.06   3.2037e+12
      135.08    3.229e+12
       137.1   3.2562e+12
      139.11   3.2837e+12
      141.13   3.3127e+12
      143.15   3.3434e+12
      145.16   3.3726e+12
      147.18   3.3984e+12
      149.19   3.4253e+12
      151.21     3.45e+12
      153.23   3.4735e+12
      155.24   3.4974e+12
      157.26   3.5216e+12
      159.27   3.5438e+12
      161.29   3.5655e+12
      163.31   3.5869e+12
      165.32   3.6071e+12
      167.34   3.6279e+12
      169.35    3.647e+12
      171.37   3.6662e+12
      173.39   3.6849e+12
       175.4   3.7047e+12
      177.42   3.7223e+12
      179.44   3.7411e+12
      181.45   3.7597e+12
      183.47   3.7761e+12
      185.48   3.7915e+12
       187.5   3.8087e+12
      189.52   3.8262e+12
      191.53   3.8432e+12
      193.55   3.8594e+12
      195.56   3.8757e+12
      197.58   3.8904e+12
       199.6   3.9066e+12
      201.61   3.9214e+12
      203.63    3.938e+12
      205.65   3.9534e+12
      207.66    3.968e+12
      209.68   3.9838e+12
      211.69   3.9994e+12
      213.71   4.0155e+12
      215.73   4.0326e+12
      217.74   4.0507e+12
      219.76    4.067e+12
      221.77   4.0822e+12
      223.79   4.0968e+12
      225.81   4.1117e+12
      227.82   4.1248e+12
      229.84   4.1389e+12
      231.85   4.1542e+12
      233.87   4.1716e+12
      235.89   4.1865e+12
       237.9   4.2014e+12
      239.92   4.2161e+12
      241.94   4.2302e+12
      243.95   4.2428e+12
      245.97   4.2562e+12
      247.98    4.268e+12
         250            0
