           0            0
      2.0161   4.5194e+10
      4.0323   9.1342e+10
      6.0484   1.2488e+11
      8.0645   1.5213e+11
      10.081   1.7266e+11
      12.097   1.9042e+11
      14.113   2.0665e+11
      16.129   2.2046e+11
      18.145    2.351e+11
      20.161   2.4767e+11
      22.177   2.5998e+11
      24.194   2.7071e+11
       26.21   2.8323e+11
      28.226    2.926e+11
      30.242   3.0173e+11
      32.258   3.0964e+11
      34.274   3.1728e+11
       36.29   3.2542e+11
      38.306   3.3356e+11
      40.323   3.4065e+11
      42.339   3.4767e+11
      44.355   3.5483e+11
      46.371   3.6216e+11
      48.387   3.6924e+11
      50.403   3.7661e+11
      52.419   3.8472e+11
      54.435   3.9068e+11
      56.452   3.9765e+11
      58.468   4.0276e+11
      60.484   4.0848e+11
        62.5    4.141e+11
      64.516   4.2032e+11
      66.532   4.2564e+11
      68.548   4.3158e+11
      70.565   4.3669e+11
      72.581   4.4225e+11
      74.597   4.4723e+11
      76.613   4.5133e+11
      78.629   4.5543e+11
      80.645   4.6058e+11
      82.661   4.6614e+11
      84.677    4.708e+11
      86.694   4.7628e+11
       88.71   4.8179e+11
      90.726   4.8692e+11
      92.742   4.9399e+11
      94.758   4.9973e+11
      96.774   5.0585e+11
       98.79   5.1183e+11
      100.81   5.1764e+11
      102.82   5.2166e+11
      104.84   5.2678e+11
      106.85   5.3109e+11
      108.87   5.3512e+11
      110.89   5.3935e+11
       112.9   5.4404e+11
      114.92   5.4844e+11
      116.94   5.5347e+11
      118.95   5.5762e+11
      120.97   5.6272e+11
      122.98   5.6849e+11
         125   5.7331e+11
      127.02   5.7781e+11
      129.03   5.8204e+11
      131.05   5.8549e+11
      133.06   5.8911e+11
      135.08   5.9242e+11
       137.1   5.9607e+11
      139.11    5.992e+11
      141.13   6.0228e+11
      143.15   6.0566e+11
      145.16   6.0882e+11
      147.18    6.119e+11
      149.19   6.1611e+11
      151.21   6.1974e+11
      153.23   6.2382e+11
      155.24    6.276e+11
      157.26   6.3077e+11
      159.27   6.3371e+11
      161.29   6.3672e+11
      163.31   6.3945e+11
      165.32   6.4324e+11
      167.34    6.466e+11
      169.35   6.4951e+11
      171.37   6.5272e+11
      173.39   6.5623e+11
       175.4   6.5973e+11
      177.42   6.6337e+11
      179.44    6.672e+11
      181.45   6.7059e+11
      183.47   6.7442e+11
      185.48   6.7882e+11
       187.5   6.8265e+11
      189.52   6.8594e+11
      191.53   6.8916e+11
      193.55    6.923e+11
      195.56   6.9613e+11
      197.58   6.9941e+11
       199.6   7.0245e+11
      201.61    7.049e+11
      203.63    7.074e+11
      205.65   7.1038e+11
      207.66   7.1329e+11
      209.68   7.1598e+11
      211.69   7.1917e+11
      213.71   7.2177e+11
      215.73   7.2416e+11
      217.74   7.2663e+11
      219.76    7.293e+11
      221.77   7.3186e+11
      223.79   7.3454e+11
      225.81   7.3706e+11
      227.82   7.3965e+11
      229.84     7.42e+11
      231.85   7.4399e+11
      233.87   7.4608e+11
      235.89   7.4837e+11
       237.9   7.5053e+11
      239.92   7.5242e+11
      241.94   7.5399e+11
      243.95   7.5571e+11
      245.97   7.5761e+11
      247.98   7.5953e+11
         250            0
