           0            0
      2.0161   1.8929e+10
      4.0323   5.3454e+10
      6.0484   1.0494e+11
      8.0645   1.5922e+11
      10.081    2.141e+11
      12.097   2.6473e+11
      14.113   3.1127e+11
      16.129   3.5871e+11
      18.145   4.0249e+11
      20.161   4.4733e+11
      22.177   4.8901e+11
      24.194   5.2899e+11
       26.21   5.6717e+11
      28.226   6.0405e+11
      30.242   6.4218e+11
      32.258   6.7779e+11
      34.274     7.16e+11
       36.29   7.5164e+11
      38.306   7.8665e+11
      40.323   8.2344e+11
      42.339    8.584e+11
      44.355   8.9361e+11
      46.371   9.3083e+11
      48.387   9.6719e+11
      50.403   1.0053e+12
      52.419   1.0447e+12
      54.435   1.0849e+12
      56.452   1.1245e+12
      58.468   1.1656e+12
      60.484   1.2068e+12
        62.5   1.2464e+12
      64.516   1.2865e+12
      66.532   1.3253e+12
      68.548   1.3606e+12
      70.565   1.3992e+12
      72.581    1.438e+12
      74.597   1.4744e+12
      76.613   1.5084e+12
      78.629   1.5426e+12
      80.645   1.5764e+12
      82.661   1.6082e+12
      84.677   1.6424e+12
      86.694   1.6759e+12
       88.71   1.7075e+12
      90.726   1.7401e+12
      92.742   1.7712e+12
      94.758   1.8021e+12
      96.774   1.8332e+12
       98.79   1.8681e+12
      100.81   1.9016e+12
      102.82   1.9349e+12
      104.84   1.9665e+12
      106.85   1.9978e+12
      108.87   2.0262e+12
      110.89   2.0572e+12
       112.9   2.0888e+12
      114.92   2.1195e+12
      116.94   2.1505e+12
      118.95   2.1826e+12
      120.97   2.2117e+12
      122.98   2.2452e+12
         125   2.2744e+12
      127.02   2.3037e+12
      129.03    2.334e+12
      131.05   2.3632e+12
      133.06   2.3932e+12
      135.08   2.4212e+12
       137.1   2.4485e+12
      139.11   2.4719e+12
      141.13   2.4981e+12
      143.15   2.5249e+12
      145.16   2.5525e+12
      147.18   2.5802e+12
      149.19   2.6068e+12
      151.21    2.633e+12
      153.23   2.6563e+12
      155.24   2.6817e+12
      157.26   2.7073e+12
      159.27    2.733e+12
      161.29   2.7571e+12
      163.31   2.7827e+12
      165.32   2.8082e+12
      167.34   2.8325e+12
      169.35   2.8566e+12
      171.37   2.8816e+12
      173.39   2.9059e+12
       175.4   2.9281e+12
      177.42   2.9514e+12
      179.44   2.9739e+12
      181.45   2.9966e+12
      183.47   3.0189e+12
      185.48   3.0432e+12
       187.5   3.0659e+12
      189.52   3.0863e+12
      191.53   3.1074e+12
      193.55   3.1285e+12
      195.56   3.1486e+12
      197.58   3.1668e+12
       199.6   3.1865e+12
      201.61   3.2045e+12
      203.63   3.2234e+12
      205.65    3.241e+12
      207.66    3.259e+12
      209.68   3.2759e+12
      211.69   3.2926e+12
      213.71   3.3091e+12
      215.73   3.3248e+12
      217.74   3.3431e+12
      219.76   3.3606e+12
      221.77   3.3767e+12
      223.79   3.3928e+12
      225.81   3.4078e+12
      227.82   3.4243e+12
      229.84   3.4405e+12
      231.85   3.4568e+12
      233.87   3.4746e+12
      235.89   3.4897e+12
       237.9   3.5037e+12
      239.92   3.5179e+12
      241.94   3.5334e+12
      243.95   3.5467e+12
      245.97   3.5606e+12
      247.98   3.5761e+12
         250            0
