           0            0
      2.0161   2.6726e+10
      4.0323    6.058e+10
      6.0484   1.0792e+11
      8.0645   1.6003e+11
      10.081   2.1763e+11
      12.097   2.7706e+11
      14.113   3.3622e+11
      16.129   3.9648e+11
      18.145     4.56e+11
      20.161   5.1942e+11
      22.177   5.8495e+11
      24.194   6.5215e+11
       26.21   7.1754e+11
      28.226    7.848e+11
      30.242   8.4906e+11
      32.258   9.1398e+11
      34.274   9.8217e+11
       36.29   1.0473e+12
      38.306   1.1155e+12
      40.323   1.1803e+12
      42.339   1.2418e+12
      44.355   1.3022e+12
      46.371   1.3618e+12
      48.387   1.4182e+12
      50.403   1.4759e+12
      52.419   1.5309e+12
      54.435   1.5875e+12
      56.452   1.6384e+12
      58.468   1.6902e+12
      60.484   1.7405e+12
        62.5   1.7915e+12
      64.516   1.8393e+12
      66.532   1.8873e+12
      68.548   1.9338e+12
      70.565   1.9809e+12
      72.581   2.0266e+12
      74.597   2.0732e+12
      76.613   2.1174e+12
      78.629   2.1598e+12
      80.645   2.2042e+12
      82.661   2.2482e+12
      84.677   2.2939e+12
      86.694   2.3396e+12
       88.71   2.3865e+12
      90.726   2.4311e+12
      92.742   2.4734e+12
      94.758   2.5123e+12
      96.774   2.5532e+12
       98.79   2.5939e+12
      100.81   2.6336e+12
      102.82   2.6722e+12
      104.84   2.7136e+12
      106.85   2.7542e+12
      108.87   2.7923e+12
      110.89   2.8311e+12
       112.9   2.8695e+12
      114.92   2.9057e+12
      116.94   2.9418e+12
      118.95   2.9791e+12
      120.97   3.0166e+12
      122.98   3.0547e+12
         125   3.0901e+12
      127.02   3.1243e+12
      129.03   3.1587e+12
      131.05   3.1919e+12
      133.06   3.2276e+12
      135.08   3.2617e+12
       137.1   3.2969e+12
      139.11   3.3332e+12
      141.13   3.3697e+12
      143.15   3.4043e+12
      145.16   3.4392e+12
      147.18   3.4732e+12
      149.19   3.5061e+12
      151.21   3.5387e+12
      153.23   3.5697e+12
      155.24   3.6019e+12
      157.26   3.6334e+12
      159.27   3.6657e+12
      161.29   3.6955e+12
      163.31   3.7241e+12
      165.32   3.7535e+12
      167.34   3.7837e+12
      169.35   3.8105e+12
      171.37   3.8385e+12
      173.39   3.8646e+12
       175.4   3.8942e+12
      177.42   3.9235e+12
      179.44   3.9522e+12
      181.45   3.9784e+12
      183.47   4.0062e+12
      185.48   4.0348e+12
       187.5   4.0608e+12
      189.52   4.0877e+12
      191.53   4.1148e+12
      193.55   4.1403e+12
      195.56   4.1648e+12
      197.58   4.1904e+12
       199.6   4.2177e+12
      201.61   4.2479e+12
      203.63    4.273e+12
      205.65      4.3e+12
      207.66   4.3245e+12
      209.68   4.3479e+12
      211.69   4.3715e+12
      213.71   4.3987e+12
      215.73   4.4204e+12
      217.74   4.4435e+12
      219.76   4.4677e+12
      221.77   4.4913e+12
      223.79   4.5151e+12
      225.81   4.5386e+12
      227.82   4.5612e+12
      229.84   4.5861e+12
      231.85   4.6115e+12
      233.87   4.6365e+12
      235.89   4.6607e+12
       237.9   4.6852e+12
      239.92   4.7077e+12
      241.94   4.7323e+12
      243.95   4.7546e+12
      245.97   4.7772e+12
      247.98   4.7996e+12
         250            0
