           0            0
      2.0161   2.6441e+10
      4.0323   5.4778e+10
      6.0484   9.5491e+10
      8.0645   1.4222e+11
      10.081   1.9099e+11
      12.097    2.458e+11
      14.113   2.9722e+11
      16.129   3.5696e+11
      18.145   4.1274e+11
      20.161    4.709e+11
      22.177   5.3082e+11
      24.194   5.9241e+11
       26.21   6.5177e+11
      28.226   7.1574e+11
      30.242   7.8023e+11
      32.258   8.4386e+11
      34.274   9.0652e+11
       36.29   9.7298e+11
      38.306   1.0381e+12
      40.323   1.1048e+12
      42.339   1.1662e+12
      44.355   1.2309e+12
      46.371   1.2964e+12
      48.387   1.3603e+12
      50.403   1.4211e+12
      52.419   1.4837e+12
      54.435   1.5455e+12
      56.452   1.6022e+12
      58.468   1.6558e+12
      60.484   1.7111e+12
        62.5   1.7653e+12
      64.516    1.821e+12
      66.532   1.8781e+12
      68.548   1.9317e+12
      70.565   1.9865e+12
      72.581   2.0409e+12
      74.597   2.0932e+12
      76.613   2.1459e+12
      78.629    2.201e+12
      80.645   2.2538e+12
      82.661   2.3043e+12
      84.677   2.3553e+12
      86.694   2.4081e+12
       88.71   2.4566e+12
      90.726   2.5077e+12
      92.742   2.5577e+12
      94.758    2.606e+12
      96.774   2.6559e+12
       98.79   2.7061e+12
      100.81   2.7559e+12
      102.82   2.8074e+12
      104.84   2.8587e+12
      106.85   2.9114e+12
      108.87   2.9635e+12
      110.89   3.0171e+12
       112.9   3.0679e+12
      114.92   3.1181e+12
      116.94   3.1713e+12
      118.95   3.2247e+12
      120.97   3.2698e+12
      122.98   3.3153e+12
         125   3.3584e+12
      127.02   3.3987e+12
      129.03   3.4409e+12
      131.05   3.4834e+12
      133.06   3.5252e+12
      135.08   3.5672e+12
       137.1     3.61e+12
      139.11   3.6531e+12
      141.13   3.6951e+12
      143.15   3.7397e+12
      145.16   3.7839e+12
      147.18   3.8248e+12
      149.19   3.8654e+12
      151.21   3.9073e+12
      153.23    3.951e+12
      155.24   3.9921e+12
      157.26    4.035e+12
      159.27   4.0756e+12
      161.29   4.1153e+12
      163.31   4.1535e+12
      165.32   4.1913e+12
      167.34   4.2269e+12
      169.35   4.2629e+12
      171.37   4.2962e+12
      173.39   4.3315e+12
       175.4   4.3635e+12
      177.42   4.3988e+12
      179.44   4.4334e+12
      181.45   4.4681e+12
      183.47   4.5045e+12
      185.48   4.5377e+12
       187.5   4.5725e+12
      189.52   4.6068e+12
      191.53   4.6434e+12
      193.55   4.6766e+12
      195.56     4.71e+12
      197.58   4.7451e+12
       199.6   4.7782e+12
      201.61   4.8113e+12
      203.63   4.8421e+12
      205.65   4.8724e+12
      207.66   4.9044e+12
      209.68   4.9312e+12
      211.69   4.9619e+12
      213.71   4.9921e+12
      215.73   5.0182e+12
      217.74   5.0436e+12
      219.76   5.0702e+12
      221.77   5.0988e+12
      223.79   5.1275e+12
      225.81    5.155e+12
      227.82   5.1833e+12
      229.84   5.2107e+12
      231.85   5.2389e+12
      233.87   5.2688e+12
      235.89   5.2971e+12
       237.9   5.3235e+12
      239.92   5.3495e+12
      241.94   5.3755e+12
      243.95   5.4022e+12
      245.97   5.4306e+12
      247.98   5.4569e+12
         250            0
