           0            0
      2.0161   1.7111e+10
      4.0323   4.6913e+10
      6.0484   8.3214e+10
      8.0645   1.2245e+11
      10.081   1.6334e+11
      12.097   2.0562e+11
      14.113   2.4748e+11
      16.129   2.8886e+11
      18.145   3.2724e+11
      20.161    3.674e+11
      22.177   4.0292e+11
      24.194   4.4145e+11
       26.21   4.7586e+11
      28.226   5.1139e+11
      30.242   5.4314e+11
      32.258    5.759e+11
      34.274   6.0762e+11
       36.29   6.3712e+11
      38.306   6.6713e+11
      40.323   6.9694e+11
      42.339   7.2569e+11
      44.355   7.5204e+11
      46.371   7.7865e+11
      48.387   8.0484e+11
      50.403    8.295e+11
      52.419   8.5368e+11
      54.435   8.7436e+11
      56.452   8.9569e+11
      58.468   9.1845e+11
      60.484   9.4058e+11
        62.5   9.6138e+11
      64.516   9.8156e+11
      66.532   1.0029e+12
      68.548    1.024e+12
      70.565   1.0438e+12
      72.581   1.0638e+12
      74.597   1.0832e+12
      76.613   1.1036e+12
      78.629   1.1241e+12
      80.645   1.1435e+12
      82.661   1.1652e+12
      84.677   1.1878e+12
      86.694   1.2092e+12
       88.71    1.231e+12
      90.726   1.2557e+12
      92.742   1.2775e+12
      94.758   1.3001e+12
      96.774   1.3214e+12
       98.79   1.3435e+12
      100.81   1.3647e+12
      102.82   1.3862e+12
      104.84   1.4056e+12
      106.85   1.4244e+12
      108.87   1.4438e+12
      110.89   1.4632e+12
       112.9   1.4823e+12
      114.92   1.5005e+12
      116.94   1.5197e+12
      118.95   1.5392e+12
      120.97   1.5596e+12
      122.98   1.5776e+12
         125   1.5969e+12
      127.02    1.616e+12
      129.03   1.6335e+12
      131.05   1.6514e+12
      133.06   1.6686e+12
      135.08   1.6857e+12
       137.1   1.7021e+12
      139.11   1.7199e+12
      141.13   1.7362e+12
      143.15    1.753e+12
      145.16   1.7694e+12
      147.18   1.7866e+12
      149.19   1.8039e+12
      151.21   1.8207e+12
      153.23   1.8367e+12
      155.24   1.8525e+12
      157.26   1.8679e+12
      159.27   1.8826e+12
      161.29   1.8978e+12
      163.31   1.9132e+12
      165.32   1.9283e+12
      167.34   1.9441e+12
      169.35   1.9582e+12
      171.37   1.9739e+12
      173.39   1.9888e+12
       175.4   2.0028e+12
      177.42   2.0177e+12
      179.44   2.0333e+12
      181.45   2.0477e+12
      183.47   2.0617e+12
      185.48   2.0755e+12
       187.5   2.0904e+12
      189.52   2.1045e+12
      191.53   2.1191e+12
      193.55   2.1319e+12
      195.56   2.1466e+12
      197.58   2.1592e+12
       199.6    2.172e+12
      201.61   2.1853e+12
      203.63   2.1991e+12
      205.65   2.2139e+12
      207.66   2.2298e+12
      209.68   2.2445e+12
      211.69   2.2572e+12
      213.71   2.2716e+12
      215.73   2.2831e+12
      217.74   2.2961e+12
      219.76   2.3088e+12
      221.77   2.3201e+12
      223.79   2.3312e+12
      225.81   2.3425e+12
      227.82   2.3545e+12
      229.84   2.3657e+12
      231.85   2.3773e+12
      233.87    2.388e+12
      235.89   2.3984e+12
       237.9   2.4099e+12
      239.92   2.4224e+12
      241.94   2.4338e+12
      243.95   2.4443e+12
      245.97   2.4543e+12
      247.98   2.4662e+12
         250            0
