           0            0
      2.0161   1.1093e+10
      4.0323    4.646e+10
      6.0484    9.455e+10
      8.0645   1.4785e+11
      10.081   2.0094e+11
      12.097   2.6079e+11
      14.113    3.279e+11
      16.129   3.9758e+11
      18.145   4.6795e+11
      20.161   5.2264e+11
      22.177   5.6718e+11
      24.194   6.0947e+11
       26.21   6.4948e+11
      28.226   6.8632e+11
      30.242     7.19e+11
      32.258   7.5033e+11
      34.274   7.8038e+11
       36.29      8.1e+11
      38.306   8.3912e+11
      40.323   8.6554e+11
      42.339   8.9242e+11
      44.355   9.1752e+11
      46.371   9.4222e+11
      48.387   9.6634e+11
      50.403   9.8922e+11
      52.419   1.0125e+12
      54.435   1.0346e+12
      56.452   1.0562e+12
      58.468   1.0777e+12
      60.484   1.0975e+12
        62.5   1.1174e+12
      64.516   1.1388e+12
      66.532   1.1591e+12
      68.548    1.178e+12
      70.565   1.1987e+12
      72.581    1.219e+12
      74.597   1.2369e+12
      76.613   1.2553e+12
      78.629   1.2737e+12
      80.645   1.2918e+12
      82.661   1.3099e+12
      84.677   1.3291e+12
      86.694   1.3474e+12
       88.71   1.3662e+12
      90.726   1.3848e+12
      92.742   1.4018e+12
      94.758   1.4197e+12
      96.774   1.4372e+12
       98.79    1.455e+12
      100.81   1.4743e+12
      102.82    1.495e+12
      104.84   1.5155e+12
      106.85   1.5357e+12
      108.87    1.553e+12
      110.89   1.5687e+12
       112.9   1.5841e+12
      114.92   1.5984e+12
      116.94   1.6116e+12
      118.95   1.6235e+12
      120.97   1.6367e+12
      122.98   1.6488e+12
         125    1.661e+12
      127.02   1.6728e+12
      129.03   1.6835e+12
      131.05   1.6948e+12
      133.06   1.7064e+12
      135.08   1.7181e+12
       137.1   1.7308e+12
      139.11   1.7423e+12
      141.13   1.7522e+12
      143.15   1.7627e+12
      145.16   1.7723e+12
      147.18   1.7817e+12
      149.19   1.7932e+12
      151.21   1.8074e+12
      153.23   1.8188e+12
      155.24   1.8296e+12
      157.26   1.8413e+12
      159.27   1.8527e+12
      161.29   1.8632e+12
      163.31   1.8726e+12
      165.32    1.884e+12
      167.34   1.8947e+12
      169.35   1.9033e+12
      171.37   1.9124e+12
      173.39   1.9223e+12
       175.4    1.934e+12
      177.42   1.9448e+12
      179.44   1.9569e+12
      181.45   1.9694e+12
      183.47   1.9803e+12
      185.48   1.9905e+12
       187.5   1.9997e+12
      189.52   2.0103e+12
      191.53    2.021e+12
      193.55    2.032e+12
      195.56   2.0417e+12
      197.58   2.0497e+12
       199.6   2.0579e+12
      201.61   2.0662e+12
      203.63    2.074e+12
      205.65   2.0813e+12
      207.66   2.0876e+12
      209.68   2.0943e+12
      211.69   2.1014e+12
      213.71   2.1076e+12
      215.73   2.1143e+12
      217.74   2.1213e+12
      219.76   2.1279e+12
      221.77   2.1341e+12
      223.79   2.1417e+12
      225.81    2.148e+12
      227.82   2.1547e+12
      229.84   2.1616e+12
      231.85   2.1694e+12
      233.87   2.1779e+12
      235.89   2.1845e+12
       237.9   2.1911e+12
      239.92   2.1982e+12
      241.94   2.2048e+12
      243.95   2.2105e+12
      245.97   2.2157e+12
      247.98   2.2206e+12
         250            0
