           0            0
      2.0161   4.3346e+10
      4.0323   1.0901e+11
      6.0484   1.8549e+11
      8.0645   2.6419e+11
      10.081   3.3908e+11
      12.097   4.1644e+11
      14.113   4.8832e+11
      16.129   5.5792e+11
      18.145   6.2302e+11
      20.161   6.8175e+11
      22.177   7.4284e+11
      24.194   7.9765e+11
       26.21   8.4923e+11
      28.226   8.9817e+11
      30.242   9.4564e+11
      32.258   9.9368e+11
      34.274   1.0421e+12
       36.29   1.0911e+12
      38.306   1.1347e+12
      40.323    1.175e+12
      42.339    1.213e+12
      44.355   1.2494e+12
      46.371   1.2838e+12
      48.387   1.3131e+12
      50.403   1.3453e+12
      52.419   1.3755e+12
      54.435   1.4034e+12
      56.452   1.4316e+12
      58.468   1.4593e+12
      60.484   1.4877e+12
        62.5   1.5166e+12
      64.516   1.5438e+12
      66.532   1.5727e+12
      68.548   1.6021e+12
      70.565   1.6313e+12
      72.581   1.6593e+12
      74.597   1.6879e+12
      76.613   1.7171e+12
      78.629   1.7472e+12
      80.645   1.7736e+12
      82.661   1.7983e+12
      84.677   1.8238e+12
      86.694   1.8482e+12
       88.71    1.873e+12
      90.726   1.8969e+12
      92.742   1.9202e+12
      94.758   1.9433e+12
      96.774    1.965e+12
       98.79   1.9859e+12
      100.81   2.0076e+12
      102.82    2.027e+12
      104.84    2.045e+12
      106.85   2.0631e+12
      108.87   2.0812e+12
      110.89      2.1e+12
       112.9   2.1169e+12
      114.92   2.1329e+12
      116.94   2.1501e+12
      118.95   2.1661e+12
      120.97   2.1808e+12
      122.98   2.1963e+12
         125   2.2099e+12
      127.02    2.224e+12
      129.03   2.2356e+12
      131.05   2.2482e+12
      133.06   2.2597e+12
      135.08   2.2723e+12
       137.1   2.2846e+12
      139.11   2.2963e+12
      141.13    2.309e+12
      143.15   2.3209e+12
      145.16   2.3336e+12
      147.18   2.3434e+12
      149.19   2.3534e+12
      151.21   2.3637e+12
      153.23   2.3723e+12
      155.24   2.3801e+12
      157.26   2.3891e+12
      159.27    2.397e+12
      161.29   2.4039e+12
      163.31   2.4115e+12
      165.32    2.418e+12
      167.34   2.4247e+12
      169.35   2.4322e+12
      171.37   2.4384e+12
      173.39   2.4448e+12
       175.4   2.4517e+12
      177.42   2.4576e+12
      179.44   2.4639e+12
      181.45   2.4702e+12
      183.47   2.4759e+12
      185.48   2.4827e+12
       187.5   2.4882e+12
      189.52   2.4938e+12
      191.53   2.4995e+12
      193.55   2.5044e+12
      195.56   2.5098e+12
      197.58    2.515e+12
       199.6   2.5201e+12
      201.61   2.5249e+12
      203.63   2.5309e+12
      205.65   2.5363e+12
      207.66   2.5412e+12
      209.68    2.546e+12
      211.69   2.5505e+12
      213.71   2.5549e+12
      215.73   2.5592e+12
      217.74   2.5635e+12
      219.76   2.5677e+12
      221.77   2.5712e+12
      223.79   2.5758e+12
      225.81   2.5797e+12
      227.82   2.5831e+12
      229.84   2.5871e+12
      231.85   2.5902e+12
      233.87   2.5938e+12
      235.89   2.5974e+12
       237.9   2.6007e+12
      239.92   2.6037e+12
      241.94   2.6069e+12
      243.95   2.6099e+12
      245.97    2.613e+12
      247.98   2.6158e+12
         250            0
