           0            0
      2.0161   3.3214e+10
      4.0323     8.37e+10
      6.0484   1.3376e+11
      8.0645    1.816e+11
      10.081   2.2741e+11
      12.097   2.7169e+11
      14.113   3.1767e+11
      16.129   3.6196e+11
      18.145   4.0105e+11
      20.161   4.3988e+11
      22.177   4.7368e+11
      24.194   5.1108e+11
       26.21   5.4756e+11
      28.226    5.804e+11
      30.242   6.1315e+11
      32.258   6.4738e+11
      34.274   6.7989e+11
       36.29   7.0908e+11
      38.306   7.3586e+11
      40.323   7.6193e+11
      42.339   7.9128e+11
      44.355   8.2148e+11
      46.371    8.491e+11
      48.387   8.7519e+11
      50.403   8.9966e+11
      52.419   9.2184e+11
      54.435   9.4392e+11
      56.452   9.6628e+11
      58.468   9.8669e+11
      60.484   1.0063e+12
        62.5   1.0224e+12
      64.516   1.0394e+12
      66.532   1.0557e+12
      68.548   1.0708e+12
      70.565   1.0843e+12
      72.581   1.0993e+12
      74.597   1.1128e+12
      76.613    1.127e+12
      78.629   1.1411e+12
      80.645   1.1548e+12
      82.661   1.1658e+12
      84.677   1.1778e+12
      86.694     1.19e+12
       88.71   1.2018e+12
      90.726   1.2149e+12
      92.742   1.2258e+12
      94.758   1.2365e+12
      96.774   1.2465e+12
       98.79   1.2565e+12
      100.81   1.2653e+12
      102.82   1.2744e+12
      104.84   1.2842e+12
      106.85   1.2956e+12
      108.87   1.3054e+12
      110.89   1.3144e+12
       112.9   1.3234e+12
      114.92   1.3325e+12
      116.94   1.3417e+12
      118.95   1.3499e+12
      120.97   1.3581e+12
      122.98   1.3662e+12
         125   1.3754e+12
      127.02   1.3836e+12
      129.03   1.3914e+12
      131.05   1.3991e+12
      133.06   1.4056e+12
      135.08   1.4127e+12
       137.1   1.4199e+12
      139.11   1.4267e+12
      141.13   1.4322e+12
      143.15   1.4385e+12
      145.16    1.446e+12
      147.18    1.454e+12
      149.19   1.4632e+12
      151.21   1.4733e+12
      153.23    1.484e+12
      155.24   1.4922e+12
      157.26   1.4998e+12
      159.27   1.5066e+12
      161.29   1.5129e+12
      163.31   1.5186e+12
      165.32   1.5242e+12
      167.34   1.5313e+12
      169.35   1.5384e+12
      171.37   1.5449e+12
      173.39   1.5524e+12
       175.4   1.5603e+12
      177.42   1.5667e+12
      179.44   1.5716e+12
      181.45   1.5775e+12
      183.47   1.5834e+12
      185.48   1.5899e+12
       187.5   1.5964e+12
      189.52   1.6035e+12
      191.53   1.6103e+12
      193.55   1.6161e+12
      195.56   1.6218e+12
      197.58   1.6277e+12
       199.6   1.6323e+12
      201.61   1.6383e+12
      203.63   1.6442e+12
      205.65    1.649e+12
      207.66   1.6547e+12
      209.68   1.6607e+12
      211.69   1.6673e+12
      213.71   1.6751e+12
      215.73   1.6834e+12
      217.74   1.6909e+12
      219.76   1.6973e+12
      221.77   1.7038e+12
      223.79   1.7094e+12
      225.81   1.7155e+12
      227.82    1.722e+12
      229.84   1.7295e+12
      231.85   1.7353e+12
      233.87    1.741e+12
      235.89   1.7471e+12
       237.9   1.7546e+12
      239.92   1.7642e+12
      241.94   1.7707e+12
      243.95   1.7776e+12
      245.97    1.783e+12
      247.98    1.788e+12
         250            0
