           0            0
      2.0161   2.0301e+10
      4.0323   5.2018e+10
      6.0484   9.7136e+10
      8.0645   1.4928e+11
      10.081   2.0787e+11
      12.097   2.6764e+11
      14.113   3.2446e+11
      16.129   3.7805e+11
      18.145   4.3141e+11
      20.161   4.8358e+11
      22.177   5.3455e+11
      24.194   5.8483e+11
       26.21   6.3502e+11
      28.226   6.8582e+11
      30.242   7.3218e+11
      32.258   7.8113e+11
      34.274   8.2975e+11
       36.29   8.7642e+11
      38.306   9.2313e+11
      40.323   9.7176e+11
      42.339   1.0198e+12
      44.355   1.0697e+12
      46.371   1.1196e+12
      48.387   1.1708e+12
      50.403   1.2238e+12
      52.419   1.2726e+12
      54.435   1.3242e+12
      56.452   1.3741e+12
      58.468   1.4221e+12
      60.484   1.4701e+12
        62.5   1.5157e+12
      64.516   1.5613e+12
      66.532   1.6061e+12
      68.548   1.6496e+12
      70.565   1.6897e+12
      72.581   1.7301e+12
      74.597   1.7685e+12
      76.613   1.8037e+12
      78.629   1.8385e+12
      80.645   1.8712e+12
      82.661   1.9016e+12
      84.677   1.9306e+12
      86.694   1.9589e+12
       88.71   1.9855e+12
      90.726   2.0117e+12
      92.742    2.035e+12
      94.758   2.0579e+12
      96.774   2.0799e+12
       98.79   2.1024e+12
      100.81   2.1222e+12
      102.82   2.1433e+12
      104.84   2.1627e+12
      106.85   2.1803e+12
      108.87    2.199e+12
      110.89    2.217e+12
       112.9   2.2336e+12
      114.92   2.2497e+12
      116.94   2.2667e+12
      118.95   2.2831e+12
      120.97   2.2991e+12
      122.98   2.3153e+12
         125   2.3296e+12
      127.02   2.3434e+12
      129.03   2.3565e+12
      131.05   2.3691e+12
      133.06   2.3817e+12
      135.08   2.3942e+12
       137.1   2.4078e+12
      139.11   2.4199e+12
      141.13   2.4311e+12
      143.15   2.4416e+12
      145.16   2.4525e+12
      147.18   2.4645e+12
      149.19   2.4753e+12
      151.21   2.4871e+12
      153.23   2.4971e+12
      155.24   2.5067e+12
      157.26   2.5174e+12
      159.27   2.5271e+12
      161.29   2.5365e+12
      163.31   2.5464e+12
      165.32   2.5562e+12
      167.34   2.5651e+12
      169.35    2.574e+12
      171.37   2.5826e+12
      173.39   2.5907e+12
       175.4   2.5987e+12
      177.42    2.608e+12
      179.44    2.617e+12
      181.45   2.6251e+12
      183.47   2.6322e+12
      185.48   2.6406e+12
       187.5   2.6491e+12
      189.52   2.6588e+12
      191.53   2.6676e+12
      193.55   2.6768e+12
      195.56   2.6851e+12
      197.58    2.694e+12
       199.6   2.7027e+12
      201.61   2.7102e+12
      203.63   2.7183e+12
      205.65   2.7267e+12
      207.66   2.7361e+12
      209.68   2.7449e+12
      211.69   2.7529e+12
      213.71   2.7615e+12
      215.73   2.7684e+12
      217.74   2.7755e+12
      219.76   2.7821e+12
      221.77   2.7891e+12
      223.79   2.7958e+12
      225.81   2.8029e+12
      227.82   2.8093e+12
      229.84   2.8167e+12
      231.85   2.8243e+12
      233.87   2.8326e+12
      235.89   2.8423e+12
       237.9     2.85e+12
      239.92   2.8566e+12
      241.94   2.8627e+12
      243.95   2.8689e+12
      245.97   2.8752e+12
      247.98   2.8812e+12
         250            0
