           0            0
      2.0161   4.5298e+10
      4.0323   6.6761e+10
      6.0484   1.0007e+11
      8.0645    1.425e+11
      10.081   1.9519e+11
      12.097   2.5218e+11
      14.113   3.0914e+11
      16.129   3.7057e+11
      18.145   4.3261e+11
      20.161   4.9365e+11
      22.177     5.54e+11
      24.194   6.1355e+11
       26.21     6.76e+11
      28.226   7.3762e+11
      30.242   8.0153e+11
      32.258   8.5977e+11
      34.274   9.1667e+11
       36.29   9.7379e+11
      38.306    1.034e+12
      40.323   1.0925e+12
      42.339   1.1502e+12
      44.355   1.2113e+12
      46.371   1.2703e+12
      48.387   1.3289e+12
      50.403   1.3893e+12
      52.419   1.4496e+12
      54.435   1.5047e+12
      56.452   1.5563e+12
      58.468   1.6077e+12
      60.484   1.6598e+12
        62.5   1.7112e+12
      64.516   1.7621e+12
      66.532    1.814e+12
      68.548   1.8664e+12
      70.565    1.916e+12
      72.581   1.9649e+12
      74.597    2.013e+12
      76.613   2.0607e+12
      78.629   2.1094e+12
      80.645    2.155e+12
      82.661   2.2061e+12
      84.677    2.253e+12
      86.694   2.3026e+12
       88.71   2.3509e+12
      90.726   2.4053e+12
      92.742   2.4577e+12
      94.758    2.513e+12
      96.774   2.5681e+12
       98.79   2.6231e+12
      100.81   2.6734e+12
      102.82   2.7217e+12
      104.84   2.7703e+12
      106.85   2.8181e+12
      108.87   2.8688e+12
      110.89   2.9178e+12
       112.9    2.966e+12
      114.92   3.0156e+12
      116.94    3.064e+12
      118.95   3.1139e+12
      120.97   3.1616e+12
      122.98   3.2071e+12
         125   3.2511e+12
      127.02   3.2934e+12
      129.03   3.3345e+12
      131.05    3.376e+12
      133.06   3.4183e+12
      135.08   3.4603e+12
       137.1   3.5029e+12
      139.11   3.5508e+12
      141.13   3.5978e+12
      143.15   3.6404e+12
      145.16   3.6825e+12
      147.18   3.7262e+12
      149.19   3.7673e+12
      151.21   3.8066e+12
      153.23   3.8473e+12
      155.24   3.8869e+12
      157.26   3.9283e+12
      159.27   3.9689e+12
      161.29   4.0084e+12
      163.31   4.0453e+12
      165.32   4.0886e+12
      167.34   4.1269e+12
      169.35   4.1692e+12
      171.37   4.2109e+12
      173.39    4.253e+12
       175.4   4.2939e+12
      177.42   4.3325e+12
      179.44   4.3722e+12
      181.45   4.4102e+12
      183.47   4.4479e+12
      185.48   4.4833e+12
       187.5   4.5228e+12
      189.52   4.5604e+12
      191.53   4.5974e+12
      193.55   4.6322e+12
      195.56   4.6695e+12
      197.58   4.7035e+12
       199.6   4.7388e+12
      201.61   4.7748e+12
      203.63   4.8103e+12
      205.65   4.8467e+12
      207.66   4.8816e+12
      209.68   4.9185e+12
      211.69   4.9509e+12
      213.71   4.9849e+12
      215.73   5.0182e+12
      217.74   5.0499e+12
      219.76   5.0829e+12
      221.77   5.1166e+12
      223.79   5.1493e+12
      225.81   5.1826e+12
      227.82   5.2148e+12
      229.84   5.2479e+12
      231.85   5.2814e+12
      233.87   5.3175e+12
      235.89   5.3552e+12
       237.9   5.3909e+12
      239.92   5.4251e+12
      241.94   5.4587e+12
      243.95   5.4886e+12
      245.97   5.5214e+12
      247.98   5.5533e+12
         250            0
