           0            0
      2.0161   2.8186e+10
      4.0323   6.4999e+10
      6.0484   1.1703e+11
      8.0645   1.7749e+11
      10.081   2.4231e+11
      12.097   3.0506e+11
      14.113   3.7129e+11
      16.129   4.3777e+11
      18.145   5.0197e+11
      20.161   5.6717e+11
      22.177   6.3315e+11
      24.194   6.9965e+11
       26.21    7.673e+11
      28.226   8.3278e+11
      30.242   9.0129e+11
      32.258   9.6789e+11
      34.274   1.0326e+12
       36.29   1.0949e+12
      38.306   1.1583e+12
      40.323    1.219e+12
      42.339   1.2751e+12
      44.355   1.3298e+12
      46.371   1.3869e+12
      48.387   1.4443e+12
      50.403   1.5009e+12
      52.419   1.5549e+12
      54.435   1.6068e+12
      56.452   1.6577e+12
      58.468   1.7106e+12
      60.484   1.7619e+12
        62.5   1.8121e+12
      64.516   1.8623e+12
      66.532   1.9119e+12
      68.548    1.961e+12
      70.565   2.0079e+12
      72.581   2.0548e+12
      74.597   2.1012e+12
      76.613   2.1452e+12
      78.629   2.1871e+12
      80.645   2.2289e+12
      82.661   2.2722e+12
      84.677   2.3165e+12
      86.694    2.359e+12
       88.71   2.4028e+12
      90.726   2.4438e+12
      92.742   2.4863e+12
      94.758   2.5268e+12
      96.774   2.5672e+12
       98.79   2.6086e+12
      100.81   2.6463e+12
      102.82   2.6844e+12
      104.84   2.7193e+12
      106.85   2.7548e+12
      108.87   2.7902e+12
      110.89   2.8233e+12
       112.9   2.8569e+12
      114.92   2.8911e+12
      116.94    2.924e+12
      118.95   2.9583e+12
      120.97   2.9943e+12
      122.98   3.0278e+12
         125   3.0592e+12
      127.02   3.0911e+12
      129.03   3.1258e+12
      131.05   3.1609e+12
      133.06   3.1917e+12
      135.08   3.2234e+12
       137.1   3.2527e+12
      139.11   3.2818e+12
      141.13   3.3129e+12
      143.15   3.3414e+12
      145.16   3.3708e+12
      147.18   3.3979e+12
      149.19   3.4235e+12
      151.21   3.4487e+12
      153.23   3.4712e+12
      155.24   3.4929e+12
      157.26   3.5155e+12
      159.27   3.5377e+12
      161.29    3.562e+12
      163.31   3.5837e+12
      165.32   3.6046e+12
      167.34    3.624e+12
      169.35   3.6428e+12
      171.37   3.6634e+12
      173.39   3.6837e+12
       175.4   3.7024e+12
      177.42   3.7225e+12
      179.44   3.7415e+12
      181.45   3.7608e+12
      183.47   3.7789e+12
      185.48   3.7968e+12
       187.5   3.8159e+12
      189.52   3.8358e+12
      191.53   3.8547e+12
      193.55   3.8717e+12
      195.56   3.8892e+12
      197.58   3.9053e+12
       199.6   3.9221e+12
      201.61   3.9387e+12
      203.63    3.954e+12
      205.65   3.9688e+12
      207.66   3.9835e+12
      209.68   3.9982e+12
      211.69   4.0115e+12
      213.71   4.0253e+12
      215.73   4.0384e+12
      217.74   4.0515e+12
      219.76   4.0644e+12
      221.77    4.079e+12
      223.79   4.0917e+12
      225.81   4.1044e+12
      227.82   4.1178e+12
      229.84   4.1308e+12
      231.85   4.1438e+12
      233.87   4.1566e+12
      235.89    4.168e+12
       237.9   4.1799e+12
      239.92   4.1914e+12
      241.94   4.2025e+12
      243.95   4.2142e+12
      245.97   4.2249e+12
      247.98   4.2341e+12
         250            0
