           0            0
      2.0161    2.492e+10
      4.0323   6.0899e+10
      6.0484   9.7995e+10
      8.0645   1.3159e+11
      10.081   1.6745e+11
      12.097   2.0339e+11
      14.113   2.3856e+11
      16.129   2.7163e+11
      18.145   3.0278e+11
      20.161   3.3163e+11
      22.177   3.5881e+11
      24.194   3.8588e+11
       26.21   4.1173e+11
      28.226   4.3948e+11
      30.242   4.6663e+11
      32.258   4.9326e+11
      34.274   5.1749e+11
       36.29   5.3984e+11
      38.306   5.6221e+11
      40.323   5.8697e+11
      42.339   6.1116e+11
      44.355     6.36e+11
      46.371    6.597e+11
      48.387   6.8557e+11
      50.403    7.084e+11
      52.419   7.2825e+11
      54.435   7.4627e+11
      56.452   7.6122e+11
      58.468   7.7662e+11
      60.484   7.9168e+11
        62.5   8.0719e+11
      64.516   8.2077e+11
      66.532   8.3412e+11
      68.548   8.4739e+11
      70.565   8.6009e+11
      72.581   8.7236e+11
      74.597   8.8511e+11
      76.613   8.9807e+11
      78.629     9.11e+11
      80.645    9.219e+11
      82.661   9.3472e+11
      84.677   9.4609e+11
      86.694   9.5818e+11
       88.71   9.6982e+11
      90.726   9.7988e+11
      92.742    9.902e+11
      94.758   1.0002e+12
      96.774   1.0107e+12
       98.79   1.0226e+12
      100.81   1.0344e+12
      102.82   1.0451e+12
      104.84   1.0565e+12
      106.85   1.0672e+12
      108.87   1.0773e+12
      110.89    1.087e+12
       112.9   1.0969e+12
      114.92   1.1069e+12
      116.94    1.116e+12
      118.95   1.1263e+12
      120.97   1.1367e+12
      122.98   1.1466e+12
         125   1.1557e+12
      127.02   1.1656e+12
      129.03   1.1753e+12
      131.05   1.1846e+12
      133.06   1.1935e+12
      135.08   1.2024e+12
       137.1   1.2113e+12
      139.11   1.2206e+12
      141.13   1.2289e+12
      143.15   1.2368e+12
      145.16   1.2442e+12
      147.18   1.2516e+12
      149.19   1.2596e+12
      151.21   1.2663e+12
      153.23   1.2733e+12
      155.24   1.2807e+12
      157.26   1.2874e+12
      159.27   1.2937e+12
      161.29   1.3001e+12
      163.31   1.3058e+12
      165.32   1.3119e+12
      167.34    1.319e+12
      169.35   1.3252e+12
      171.37   1.3319e+12
      173.39    1.339e+12
       175.4   1.3452e+12
      177.42   1.3512e+12
      179.44   1.3567e+12
      181.45   1.3634e+12
      183.47   1.3701e+12
      185.48   1.3773e+12
       187.5   1.3851e+12
      189.52    1.392e+12
      191.53   1.3983e+12
      193.55   1.4062e+12
      195.56   1.4129e+12
      197.58   1.4187e+12
       199.6   1.4242e+12
      201.61    1.429e+12
      203.63   1.4359e+12
      205.65    1.442e+12
      207.66   1.4477e+12
      209.68   1.4531e+12
      211.69   1.4582e+12
      213.71   1.4637e+12
      215.73   1.4693e+12
      217.74   1.4751e+12
      219.76   1.4812e+12
      221.77   1.4877e+12
      223.79   1.4946e+12
      225.81   1.5009e+12
      227.82   1.5061e+12
      229.84   1.5113e+12
      231.85   1.5165e+12
      233.87   1.5213e+12
      235.89   1.5262e+12
       237.9   1.5307e+12
      239.92   1.5361e+12
      241.94   1.5406e+12
      243.95   1.5453e+12
      245.97   1.5496e+12
      247.98   1.5535e+12
         250            0
