           0            0
      2.0161   2.4704e+10
      4.0323   6.2337e+10
      6.0484   9.8911e+10
      8.0645   1.3345e+11
      10.081   1.6669e+11
      12.097   1.9842e+11
      14.113   2.2789e+11
      16.129   2.5694e+11
      18.145   2.8551e+11
      20.161   3.1164e+11
      22.177   3.3742e+11
      24.194   3.6099e+11
       26.21   3.8359e+11
      28.226   4.0571e+11
      30.242   4.2436e+11
      32.258   4.4258e+11
      34.274   4.6091e+11
       36.29    4.764e+11
      38.306   4.9103e+11
      40.323   5.0431e+11
      42.339   5.1707e+11
      44.355   5.3005e+11
      46.371   5.4379e+11
      48.387   5.5691e+11
      50.403   5.7023e+11
      52.419   5.8408e+11
      54.435    5.972e+11
      56.452   6.1006e+11
      58.468    6.224e+11
      60.484    6.349e+11
        62.5   6.4563e+11
      64.516   6.5495e+11
      66.532   6.6507e+11
      68.548    6.746e+11
      70.565   6.8386e+11
      72.581   6.9216e+11
      74.597   7.0141e+11
      76.613   7.0851e+11
      78.629   7.1807e+11
      80.645   7.2611e+11
      82.661   7.3393e+11
      84.677   7.4214e+11
      86.694   7.4985e+11
       88.71   7.5755e+11
      90.726   7.6474e+11
      92.742   7.7194e+11
      94.758   7.7897e+11
      96.774   7.8609e+11
       98.79   7.9392e+11
      100.81   8.0047e+11
      102.82   8.0794e+11
      104.84   8.1552e+11
      106.85   8.2269e+11
      108.87   8.2973e+11
      110.89   8.3718e+11
       112.9   8.4377e+11
      114.92   8.5034e+11
      116.94   8.5757e+11
      118.95   8.6607e+11
      120.97   8.7403e+11
      122.98   8.8375e+11
         125   8.9117e+11
      127.02   8.9858e+11
      129.03   9.0562e+11
      131.05   9.1241e+11
      133.06     9.18e+11
      135.08   9.2377e+11
       137.1   9.3052e+11
      139.11   9.3593e+11
      141.13   9.4216e+11
      143.15     9.49e+11
      145.16   9.5565e+11
      147.18   9.6223e+11
      149.19   9.6771e+11
      151.21   9.7336e+11
      153.23   9.7854e+11
      155.24   9.8286e+11
      157.26   9.8768e+11
      159.27   9.9277e+11
      161.29   9.9733e+11
      163.31    1.002e+12
      165.32   1.0071e+12
      167.34   1.0127e+12
      169.35   1.0185e+12
      171.37   1.0243e+12
      173.39   1.0317e+12
       175.4   1.0402e+12
      177.42    1.046e+12
      179.44   1.0517e+12
      181.45   1.0577e+12
      183.47   1.0631e+12
      185.48   1.0681e+12
       187.5   1.0733e+12
      189.52   1.0779e+12
      191.53   1.0824e+12
      193.55   1.0871e+12
      195.56   1.0909e+12
      197.58   1.0951e+12
       199.6   1.0988e+12
      201.61    1.103e+12
      203.63   1.1067e+12
      205.65   1.1108e+12
      207.66   1.1143e+12
      209.68   1.1184e+12
      211.69   1.1226e+12
      213.71   1.1264e+12
      215.73     1.13e+12
      217.74   1.1342e+12
      219.76   1.1378e+12
      221.77   1.1411e+12
      223.79   1.1448e+12
      225.81   1.1483e+12
      227.82   1.1517e+12
      229.84   1.1551e+12
      231.85   1.1582e+12
      233.87   1.1614e+12
      235.89   1.1645e+12
       237.9   1.1678e+12
      239.92   1.1708e+12
      241.94   1.1743e+12
      243.95   1.1781e+12
      245.97   1.1811e+12
      247.98   1.1846e+12
         250            0
