           0            0
      2.0161   9.9393e+09
      4.0323   2.8387e+10
      6.0484    5.131e+10
      8.0645   7.0947e+10
      10.081    8.738e+10
      12.097   1.0155e+11
      14.113   1.1845e+11
      16.129   1.3262e+11
      18.145   1.4784e+11
      20.161   1.6281e+11
      22.177   1.7796e+11
      24.194    1.943e+11
       26.21    2.092e+11
      28.226   2.2552e+11
      30.242   2.4208e+11
      32.258   2.5841e+11
      34.274   2.7468e+11
       36.29   2.8843e+11
      38.306   3.0174e+11
      40.323   3.1564e+11
      42.339   3.2857e+11
      44.355   3.4148e+11
      46.371   3.5355e+11
      48.387   3.6495e+11
      50.403   3.7585e+11
      52.419   3.8729e+11
      54.435   3.9821e+11
      56.452   4.0834e+11
      58.468   4.1789e+11
      60.484   4.2859e+11
        62.5   4.3951e+11
      64.516   4.4959e+11
      66.532   4.5917e+11
      68.548   4.6805e+11
      70.565   4.7649e+11
      72.581   4.8435e+11
      74.597   4.9306e+11
      76.613   5.0111e+11
      78.629   5.1017e+11
      80.645    5.187e+11
      82.661   5.2653e+11
      84.677   5.3431e+11
      86.694   5.4178e+11
       88.71   5.4951e+11
      90.726   5.5767e+11
      92.742   5.6405e+11
      94.758   5.7105e+11
      96.774   5.7774e+11
       98.79    5.837e+11
      100.81   5.9034e+11
      102.82   5.9717e+11
      104.84   6.0223e+11
      106.85   6.0719e+11
      108.87   6.1306e+11
      110.89   6.1843e+11
       112.9   6.2349e+11
      114.92   6.2907e+11
      116.94   6.3456e+11
      118.95   6.4035e+11
      120.97    6.475e+11
      122.98    6.532e+11
         125   6.5922e+11
      127.02   6.6416e+11
      129.03   6.6937e+11
      131.05   6.7482e+11
      133.06    6.793e+11
      135.08   6.8427e+11
       137.1   6.8945e+11
      139.11   6.9468e+11
      141.13   6.9941e+11
      143.15    7.043e+11
      145.16   7.0947e+11
      147.18   7.1411e+11
      149.19   7.1883e+11
      151.21   7.2321e+11
      153.23   7.2732e+11
      155.24   7.3198e+11
      157.26   7.3755e+11
      159.27   7.4239e+11
      161.29   7.4652e+11
      163.31    7.524e+11
      165.32   7.5718e+11
      167.34   7.6245e+11
      169.35   7.6677e+11
      171.37   7.7053e+11
      173.39   7.7453e+11
       175.4   7.7908e+11
      177.42   7.8288e+11
      179.44   7.8733e+11
      181.45   7.9166e+11
      183.47   7.9629e+11
      185.48   8.0084e+11
       187.5   8.0611e+11
      189.52   8.1018e+11
      191.53   8.1502e+11
      193.55   8.1906e+11
      195.56   8.2335e+11
      197.58   8.2663e+11
       199.6   8.3042e+11
      201.61   8.3347e+11
      203.63   8.3723e+11
      205.65   8.4029e+11
      207.66   8.4407e+11
      209.68   8.4776e+11
      211.69   8.5315e+11
      213.71   8.5789e+11
      215.73   8.6242e+11
      217.74   8.6709e+11
      219.76   8.7059e+11
      221.77   8.7454e+11
      223.79    8.778e+11
      225.81   8.8051e+11
      227.82   8.8402e+11
      229.84   8.8782e+11
      231.85   8.9082e+11
      233.87   8.9329e+11
      235.89   8.9594e+11
       237.9   8.9844e+11
      239.92   9.0119e+11
      241.94   9.0448e+11
      243.95   9.0769e+11
      245.97   9.1043e+11
      247.98   9.1289e+11
         250            0
