           0            0
      2.0161   2.3577e+10
      4.0323    6.345e+10
      6.0484   1.1175e+11
      8.0645   1.5994e+11
      10.081   2.1203e+11
      12.097   2.6515e+11
      14.113    3.143e+11
      16.129   3.6385e+11
      18.145   4.1297e+11
      20.161   4.6209e+11
      22.177   5.1186e+11
      24.194    5.612e+11
       26.21   6.0613e+11
      28.226    6.558e+11
      30.242   7.0581e+11
      32.258   7.5448e+11
      34.274   7.9997e+11
       36.29   8.4525e+11
      38.306    8.903e+11
      40.323   9.3452e+11
      42.339    9.778e+11
      44.355   1.0226e+12
      46.371   1.0667e+12
      48.387   1.1123e+12
      50.403   1.1534e+12
      52.419   1.1947e+12
      54.435   1.2342e+12
      56.452   1.2715e+12
      58.468     1.31e+12
      60.484   1.3501e+12
        62.5   1.3886e+12
      64.516   1.4253e+12
      66.532   1.4637e+12
      68.548    1.499e+12
      70.565   1.5334e+12
      72.581   1.5676e+12
      74.597   1.6019e+12
      76.613    1.637e+12
      78.629   1.6694e+12
      80.645   1.7024e+12
      82.661   1.7359e+12
      84.677   1.7688e+12
      86.694   1.8003e+12
       88.71   1.8315e+12
      90.726   1.8627e+12
      92.742   1.8933e+12
      94.758   1.9253e+12
      96.774   1.9558e+12
       98.79   1.9841e+12
      100.81   2.0122e+12
      102.82   2.0397e+12
      104.84    2.071e+12
      106.85   2.0989e+12
      108.87   2.1261e+12
      110.89   2.1544e+12
       112.9   2.1813e+12
      114.92   2.2065e+12
      116.94   2.2346e+12
      118.95   2.2594e+12
      120.97    2.287e+12
      122.98   2.3131e+12
         125   2.3406e+12
      127.02   2.3671e+12
      129.03   2.3935e+12
      131.05   2.4209e+12
      133.06    2.446e+12
      135.08    2.472e+12
       137.1   2.4994e+12
      139.11   2.5251e+12
      141.13   2.5523e+12
      143.15   2.5785e+12
      145.16   2.6051e+12
      147.18    2.632e+12
      149.19   2.6592e+12
      151.21   2.6881e+12
      153.23   2.7185e+12
      155.24   2.7478e+12
      157.26   2.7776e+12
      159.27   2.8079e+12
      161.29   2.8366e+12
      163.31   2.8627e+12
      165.32   2.8882e+12
      167.34   2.9141e+12
      169.35   2.9401e+12
      171.37   2.9652e+12
      173.39   2.9893e+12
       175.4   3.0141e+12
      177.42    3.043e+12
      179.44   3.0716e+12
      181.45   3.0994e+12
      183.47   3.1225e+12
      185.48   3.1454e+12
       187.5   3.1682e+12
      189.52     3.19e+12
      191.53   3.2132e+12
      193.55   3.2392e+12
      195.56   3.2655e+12
      197.58   3.2936e+12
       199.6   3.3191e+12
      201.61   3.3417e+12
      203.63   3.3615e+12
      205.65    3.381e+12
      207.66   3.4001e+12
      209.68   3.4195e+12
      211.69   3.4389e+12
      213.71   3.4561e+12
      215.73   3.4744e+12
      217.74   3.4903e+12
      219.76   3.5068e+12
      221.77   3.5211e+12
      223.79   3.5369e+12
      225.81   3.5516e+12
      227.82   3.5675e+12
      229.84   3.5817e+12
      231.85   3.5974e+12
      233.87   3.6117e+12
      235.89   3.6267e+12
       237.9   3.6403e+12
      239.92   3.6535e+12
      241.94   3.6676e+12
      243.95   3.6808e+12
      245.97   3.6962e+12
      247.98   3.7102e+12
         250            0
