           0            0
      2.0161   3.5972e+10
      4.0323   7.9977e+10
      6.0484   1.1564e+11
      8.0645   1.4915e+11
      10.081   1.7869e+11
      12.097    2.031e+11
      14.113   2.2392e+11
      16.129   2.4365e+11
      18.145   2.6273e+11
      20.161   2.7977e+11
      22.177   2.9701e+11
      24.194   3.1028e+11
       26.21   3.2735e+11
      28.226   3.4278e+11
      30.242   3.5894e+11
      32.258   3.7546e+11
      34.274   3.9258e+11
       36.29   4.0884e+11
      38.306   4.2468e+11
      40.323   4.3974e+11
      42.339   4.5416e+11
      44.355   4.6945e+11
      46.371   4.8516e+11
      48.387   4.9822e+11
      50.403   5.1054e+11
      52.419   5.2279e+11
      54.435   5.3541e+11
      56.452   5.4693e+11
      58.468   5.5847e+11
      60.484      5.7e+11
        62.5   5.8089e+11
      64.516   5.9037e+11
      66.532   6.0015e+11
      68.548   6.0975e+11
      70.565   6.1977e+11
      72.581   6.2866e+11
      74.597   6.3788e+11
      76.613   6.4655e+11
      78.629    6.538e+11
      80.645   6.6222e+11
      82.661    6.688e+11
      84.677    6.758e+11
      86.694    6.823e+11
       88.71   6.8943e+11
      90.726   6.9508e+11
      92.742   7.0163e+11
      94.758   7.0869e+11
      96.774   7.1568e+11
       98.79   7.2128e+11
      100.81   7.2756e+11
      102.82   7.3303e+11
      104.84   7.3874e+11
      106.85   7.4411e+11
      108.87    7.503e+11
      110.89   7.5613e+11
       112.9   7.6272e+11
      114.92   7.6872e+11
      116.94   7.7303e+11
      118.95   7.7732e+11
      120.97   7.8195e+11
      122.98   7.8599e+11
         125   7.9022e+11
      127.02   7.9416e+11
      129.03   7.9744e+11
      131.05   8.0062e+11
      133.06   8.0424e+11
      135.08   8.0746e+11
       137.1    8.103e+11
      139.11   8.1298e+11
      141.13   8.1591e+11
      143.15   8.1845e+11
      145.16   8.2114e+11
      147.18   8.2348e+11
      149.19   8.2631e+11
      151.21   8.2894e+11
      153.23   8.3097e+11
      155.24   8.3338e+11
      157.26    8.363e+11
      159.27    8.385e+11
      161.29    8.407e+11
      163.31   8.4309e+11
      165.32   8.4531e+11
      167.34   8.4787e+11
      169.35   8.5114e+11
      171.37   8.5388e+11
      173.39   8.5613e+11
       175.4   8.5918e+11
      177.42   8.6134e+11
      179.44   8.6441e+11
      181.45   8.6663e+11
      183.47    8.693e+11
      185.48   8.7208e+11
       187.5   8.7454e+11
      189.52   8.7671e+11
      191.53   8.7961e+11
      193.55   8.8214e+11
      195.56   8.8445e+11
      197.58   8.8682e+11
       199.6   8.8874e+11
      201.61   8.9035e+11
      203.63   8.9249e+11
      205.65   8.9439e+11
      207.66   8.9557e+11
      209.68   8.9682e+11
      211.69   8.9839e+11
      213.71   8.9956e+11
      215.73    9.013e+11
      217.74   9.0261e+11
      219.76   9.0372e+11
      221.77   9.0471e+11
      223.79   9.0574e+11
      225.81   9.0694e+11
      227.82    9.076e+11
      229.84   9.0862e+11
      231.85   9.0968e+11
      233.87   9.1092e+11
      235.89   9.1183e+11
       237.9   9.1255e+11
      239.92   9.1356e+11
      241.94   9.1486e+11
      243.95   9.1584e+11
      245.97   9.1649e+11
      247.98   9.1732e+11
         250            0
