           0            0
      2.0161   2.7407e+10
      4.0323   4.8597e+10
      6.0484   8.3464e+10
      8.0645   1.2486e+11
      10.081   1.7421e+11
      12.097   2.2287e+11
      14.113   2.7808e+11
      16.129   3.3181e+11
      18.145   3.8342e+11
      20.161   4.3765e+11
      22.177   4.9021e+11
      24.194   5.4227e+11
       26.21   5.9396e+11
      28.226   6.4406e+11
      30.242   6.9286e+11
      32.258   7.4238e+11
      34.274   7.8928e+11
       36.29   8.3723e+11
      38.306   8.8462e+11
      40.323   9.3296e+11
      42.339   9.7704e+11
      44.355   1.0216e+12
      46.371   1.0643e+12
      48.387   1.1079e+12
      50.403   1.1499e+12
      52.419   1.1899e+12
      54.435   1.2328e+12
      56.452   1.2723e+12
      58.468   1.3099e+12
      60.484   1.3491e+12
        62.5   1.3868e+12
      64.516    1.423e+12
      66.532   1.4606e+12
      68.548   1.4964e+12
      70.565   1.5325e+12
      72.581   1.5713e+12
      74.597    1.608e+12
      76.613    1.644e+12
      78.629    1.678e+12
      80.645   1.7124e+12
      82.661   1.7481e+12
      84.677   1.7829e+12
      86.694   1.8177e+12
       88.71   1.8513e+12
      90.726    1.886e+12
      92.742   1.9206e+12
      94.758    1.954e+12
      96.774    1.989e+12
       98.79   2.0256e+12
      100.81   2.0615e+12
      102.82   2.0963e+12
      104.84   2.1297e+12
      106.85   2.1638e+12
      108.87   2.1972e+12
      110.89   2.2289e+12
       112.9   2.2625e+12
      114.92   2.2955e+12
      116.94   2.3288e+12
      118.95   2.3611e+12
      120.97   2.3931e+12
      122.98   2.4249e+12
         125   2.4563e+12
      127.02   2.4863e+12
      129.03    2.517e+12
      131.05   2.5481e+12
      133.06   2.5769e+12
      135.08   2.6063e+12
       137.1   2.6356e+12
      139.11   2.6657e+12
      141.13   2.6947e+12
      143.15   2.7278e+12
      145.16   2.7619e+12
      147.18   2.7937e+12
      149.19   2.8252e+12
      151.21    2.859e+12
      153.23   2.8925e+12
      155.24   2.9249e+12
      157.26   2.9565e+12
      159.27   2.9848e+12
      161.29   3.0121e+12
      163.31   3.0383e+12
      165.32   3.0669e+12
      167.34   3.0937e+12
      169.35   3.1197e+12
      171.37   3.1432e+12
      173.39   3.1679e+12
       175.4   3.1912e+12
      177.42   3.2157e+12
      179.44   3.2389e+12
      181.45   3.2638e+12
      183.47   3.2888e+12
      185.48   3.3136e+12
       187.5   3.3379e+12
      189.52   3.3613e+12
      191.53   3.3841e+12
      193.55   3.4053e+12
      195.56   3.4273e+12
      197.58   3.4481e+12
       199.6   3.4677e+12
      201.61   3.4903e+12
      203.63    3.512e+12
      205.65   3.5307e+12
      207.66    3.551e+12
      209.68   3.5741e+12
      211.69   3.5942e+12
      213.71   3.6155e+12
      215.73   3.6358e+12
      217.74   3.6571e+12
      219.76    3.677e+12
      221.77   3.6969e+12
      223.79   3.7179e+12
      225.81   3.7386e+12
      227.82   3.7571e+12
      229.84   3.7775e+12
      231.85   3.7986e+12
      233.87   3.8174e+12
      235.89   3.8365e+12
       237.9   3.8559e+12
      239.92    3.876e+12
      241.94   3.8963e+12
      243.95    3.917e+12
      245.97   3.9372e+12
      247.98   3.9548e+12
         250            0
