           0            0
      2.0161   3.1112e+10
      4.0323   6.8296e+10
      6.0484   1.2068e+11
      8.0645   1.8801e+11
      10.081   2.5489e+11
      12.097   3.2927e+11
      14.113   3.9858e+11
      16.129   4.6962e+11
      18.145   5.3718e+11
      20.161   6.0504e+11
      22.177   6.7391e+11
      24.194    7.387e+11
       26.21   8.0235e+11
      28.226   8.6719e+11
      30.242   9.3087e+11
      32.258   9.9202e+11
      34.274   1.0481e+12
       36.29    1.105e+12
      38.306   1.1625e+12
      40.323   1.2172e+12
      42.339   1.2683e+12
      44.355   1.3186e+12
      46.371   1.3673e+12
      48.387   1.4154e+12
      50.403   1.4625e+12
      52.419   1.5076e+12
      54.435   1.5526e+12
      56.452   1.5972e+12
      58.468   1.6402e+12
      60.484   1.6822e+12
        62.5    1.723e+12
      64.516   1.7627e+12
      66.532   1.8027e+12
      68.548   1.8416e+12
      70.565   1.8789e+12
      72.581   1.9185e+12
      74.597   1.9547e+12
      76.613   1.9917e+12
      78.629   2.0294e+12
      80.645   2.0637e+12
      82.661   2.1023e+12
      84.677   2.1385e+12
      86.694   2.1762e+12
       88.71   2.2115e+12
      90.726   2.2452e+12
      92.742   2.2799e+12
      94.758   2.3147e+12
      96.774    2.348e+12
       98.79   2.3786e+12
      100.81   2.4105e+12
      102.82   2.4414e+12
      104.84   2.4706e+12
      106.85   2.5012e+12
      108.87   2.5327e+12
      110.89   2.5631e+12
       112.9   2.5958e+12
      114.92   2.6285e+12
      116.94   2.6624e+12
      118.95   2.6979e+12
      120.97   2.7346e+12
      122.98   2.7735e+12
         125   2.8085e+12
      127.02   2.8476e+12
      129.03   2.8877e+12
      131.05   2.9244e+12
      133.06   2.9666e+12
      135.08   3.0079e+12
       137.1   3.0486e+12
      139.11   3.0886e+12
      141.13   3.1218e+12
      143.15   3.1573e+12
      145.16   3.1916e+12
      147.18   3.2257e+12
      149.19   3.2561e+12
      151.21   3.2868e+12
      153.23   3.3191e+12
      155.24   3.3486e+12
      157.26   3.3789e+12
      159.27   3.4093e+12
      161.29   3.4386e+12
      163.31   3.4659e+12
      165.32   3.4919e+12
      167.34   3.5171e+12
      169.35   3.5419e+12
      171.37    3.566e+12
      173.39   3.5883e+12
       175.4   3.6126e+12
      177.42   3.6328e+12
      179.44   3.6548e+12
      181.45   3.6774e+12
      183.47   3.7004e+12
      185.48   3.7216e+12
       187.5   3.7424e+12
      189.52   3.7635e+12
      191.53    3.784e+12
      193.55   3.8057e+12
      195.56   3.8268e+12
      197.58   3.8496e+12
       199.6   3.8716e+12
      201.61   3.8927e+12
      203.63   3.9121e+12
      205.65   3.9329e+12
      207.66    3.951e+12
      209.68   3.9683e+12
      211.69   3.9853e+12
      213.71   4.0033e+12
      215.73   4.0214e+12
      217.74   4.0385e+12
      219.76   4.0558e+12
      221.77   4.0732e+12
      223.79   4.0898e+12
      225.81   4.1073e+12
      227.82   4.1248e+12
      229.84   4.1418e+12
      231.85   4.1585e+12
      233.87    4.174e+12
      235.89   4.1897e+12
       237.9   4.2067e+12
      239.92   4.2232e+12
      241.94   4.2425e+12
      243.95   4.2614e+12
      245.97   4.2797e+12
      247.98   4.2982e+12
         250            0
