           0            0
      2.0161   9.7196e+09
      4.0323   3.8963e+10
      6.0484   8.0709e+10
      8.0645   1.2986e+11
      10.081   1.8062e+11
      12.097   2.3211e+11
      14.113   2.9161e+11
      16.129   3.4773e+11
      18.145   4.1422e+11
      20.161   4.7405e+11
      22.177   5.2948e+11
      24.194   5.8358e+11
       26.21   6.3616e+11
      28.226   6.8467e+11
      30.242   7.3517e+11
      32.258   7.8438e+11
      34.274    8.302e+11
       36.29   8.7538e+11
      38.306   9.1858e+11
      40.323    9.565e+11
      42.339   9.9745e+11
      44.355   1.0366e+12
      46.371   1.0741e+12
      48.387    1.112e+12
      50.403   1.1493e+12
      52.419   1.1884e+12
      54.435   1.2264e+12
      56.452   1.2614e+12
      58.468   1.2969e+12
      60.484   1.3333e+12
        62.5    1.369e+12
      64.516   1.4057e+12
      66.532   1.4438e+12
      68.548     1.48e+12
      70.565   1.5173e+12
      72.581   1.5526e+12
      74.597    1.589e+12
      76.613   1.6215e+12
      78.629   1.6526e+12
      80.645   1.6844e+12
      82.661   1.7148e+12
      84.677   1.7447e+12
      86.694   1.7753e+12
       88.71   1.8064e+12
      90.726    1.838e+12
      92.742   1.8683e+12
      94.758   1.9014e+12
      96.774   1.9312e+12
       98.79   1.9619e+12
      100.81   1.9895e+12
      102.82   2.0152e+12
      104.84    2.043e+12
      106.85   2.0693e+12
      108.87   2.0935e+12
      110.89   2.1211e+12
       112.9   2.1462e+12
      114.92   2.1716e+12
      116.94   2.1957e+12
      118.95   2.2211e+12
      120.97   2.2444e+12
      122.98   2.2695e+12
         125   2.2935e+12
      127.02   2.3166e+12
      129.03   2.3429e+12
      131.05   2.3658e+12
      133.06   2.3899e+12
      135.08   2.4131e+12
       137.1   2.4366e+12
      139.11    2.459e+12
      141.13   2.4846e+12
      143.15   2.5072e+12
      145.16   2.5323e+12
      147.18    2.556e+12
      149.19   2.5791e+12
      151.21    2.604e+12
      153.23    2.628e+12
      155.24   2.6524e+12
      157.26   2.6757e+12
      159.27   2.6992e+12
      161.29    2.722e+12
      163.31    2.744e+12
      165.32    2.767e+12
      167.34   2.7886e+12
      169.35   2.8115e+12
      171.37   2.8342e+12
      173.39   2.8548e+12
       175.4   2.8772e+12
      177.42   2.8993e+12
      179.44   2.9208e+12
      181.45   2.9412e+12
      183.47   2.9626e+12
      185.48   2.9811e+12
       187.5   3.0008e+12
      189.52    3.021e+12
      191.53   3.0418e+12
      193.55    3.062e+12
      195.56   3.0812e+12
      197.58   3.1025e+12
       199.6   3.1221e+12
      201.61   3.1437e+12
      203.63    3.168e+12
      205.65   3.1909e+12
      207.66   3.2133e+12
      209.68   3.2352e+12
      211.69   3.2569e+12
      213.71    3.278e+12
      215.73   3.2975e+12
      217.74   3.3154e+12
      219.76   3.3338e+12
      221.77   3.3517e+12
      223.79   3.3704e+12
      225.81     3.39e+12
      227.82   3.4084e+12
      229.84   3.4269e+12
      231.85   3.4448e+12
      233.87   3.4613e+12
      235.89   3.4789e+12
       237.9   3.4956e+12
      239.92   3.5126e+12
      241.94   3.5306e+12
      243.95   3.5491e+12
      245.97   3.5662e+12
      247.98   3.5849e+12
         250            0
