           0            0
      2.0161   3.2916e+10
      4.0323   5.9345e+10
      6.0484   9.6412e+10
      8.0645   1.4343e+11
      10.081    1.947e+11
      12.097   2.5381e+11
      14.113    3.144e+11
      16.129   3.7841e+11
      18.145   4.4773e+11
      20.161   5.1506e+11
      22.177   5.8348e+11
      24.194   6.5174e+11
       26.21    7.197e+11
      28.226   7.8801e+11
      30.242   8.5558e+11
      32.258   9.2127e+11
      34.274   9.8846e+11
       36.29   1.0545e+12
      38.306   1.1196e+12
      40.323   1.1827e+12
      42.339   1.2396e+12
      44.355   1.3029e+12
      46.371   1.3628e+12
      48.387   1.4182e+12
      50.403   1.4721e+12
      52.419   1.5283e+12
      54.435   1.5821e+12
      56.452   1.6376e+12
      58.468   1.6918e+12
      60.484   1.7491e+12
        62.5   1.8037e+12
      64.516   1.8574e+12
      66.532   1.9122e+12
      68.548   1.9636e+12
      70.565   2.0145e+12
      72.581   2.0644e+12
      74.597   2.1132e+12
      76.613   2.1643e+12
      78.629   2.2138e+12
      80.645   2.2625e+12
      82.661   2.3086e+12
      84.677   2.3564e+12
      86.694   2.4041e+12
       88.71   2.4508e+12
      90.726   2.4963e+12
      92.742   2.5437e+12
      94.758   2.5906e+12
      96.774   2.6364e+12
       98.79    2.683e+12
      100.81   2.7268e+12
      102.82   2.7718e+12
      104.84   2.8173e+12
      106.85   2.8617e+12
      108.87   2.9074e+12
      110.89   2.9539e+12
       112.9    2.998e+12
      114.92   3.0393e+12
      116.94   3.0836e+12
      118.95   3.1291e+12
      120.97    3.176e+12
      122.98   3.2231e+12
         125   3.2647e+12
      127.02    3.306e+12
      129.03   3.3431e+12
      131.05   3.3817e+12
      133.06   3.4178e+12
      135.08   3.4531e+12
       137.1   3.4875e+12
      139.11   3.5246e+12
      141.13    3.561e+12
      143.15   3.5967e+12
      145.16   3.6323e+12
      147.18   3.6668e+12
      149.19   3.6985e+12
      151.21   3.7311e+12
      153.23   3.7648e+12
      155.24   3.7971e+12
      157.26   3.8302e+12
      159.27   3.8609e+12
      161.29   3.8914e+12
      163.31    3.922e+12
      165.32   3.9511e+12
      167.34   3.9822e+12
      169.35    4.016e+12
      171.37    4.049e+12
      173.39   4.0792e+12
       175.4   4.1083e+12
      177.42   4.1372e+12
      179.44   4.1644e+12
      181.45   4.1912e+12
      183.47   4.2186e+12
      185.48   4.2462e+12
       187.5   4.2727e+12
      189.52    4.298e+12
      191.53   4.3265e+12
      193.55   4.3536e+12
      195.56   4.3829e+12
      197.58   4.4107e+12
       199.6   4.4405e+12
      201.61   4.4676e+12
      203.63   4.4954e+12
      205.65   4.5232e+12
      207.66   4.5501e+12
      209.68   4.5767e+12
      211.69   4.6016e+12
      213.71   4.6258e+12
      215.73    4.652e+12
      217.74   4.6763e+12
      219.76   4.7012e+12
      221.77   4.7244e+12
      223.79   4.7498e+12
      225.81   4.7738e+12
      227.82   4.7992e+12
      229.84   4.8233e+12
      231.85   4.8464e+12
      233.87   4.8688e+12
      235.89   4.8921e+12
       237.9   4.9146e+12
      239.92   4.9391e+12
      241.94   4.9655e+12
      243.95   4.9912e+12
      245.97   5.0144e+12
      247.98   5.0373e+12
         250            0
