           0            0
      2.0161   1.6995e+10
      4.0323   3.5723e+10
      6.0484   6.0305e+10
      8.0645   8.7141e+10
      10.081   1.1573e+11
      12.097   1.4781e+11
      14.113   1.8203e+11
      16.129   2.1847e+11
      18.145   2.5687e+11
      20.161   2.9544e+11
      22.177   3.3444e+11
      24.194   3.7254e+11
       26.21   4.1017e+11
      28.226   4.5044e+11
      30.242   4.8986e+11
      32.258    5.299e+11
      34.274    5.714e+11
       36.29   6.1113e+11
      38.306   6.4984e+11
      40.323   6.9023e+11
      42.339   7.2684e+11
      44.355   7.6731e+11
      46.371   8.0786e+11
      48.387   8.4667e+11
      50.403   8.8363e+11
      52.419   9.2277e+11
      54.435   9.5983e+11
      56.452   9.9638e+11
      58.468    1.034e+12
      60.484   1.0673e+12
        62.5   1.1013e+12
      64.516   1.1351e+12
      66.532   1.1669e+12
      68.548   1.1982e+12
      70.565   1.2302e+12
      72.581   1.2624e+12
      74.597   1.2942e+12
      76.613   1.3259e+12
      78.629   1.3584e+12
      80.645    1.392e+12
      82.661   1.4252e+12
      84.677   1.4587e+12
      86.694   1.4903e+12
       88.71   1.5216e+12
      90.726   1.5531e+12
      92.742   1.5846e+12
      94.758   1.6153e+12
      96.774   1.6464e+12
       98.79   1.6765e+12
      100.81   1.7058e+12
      102.82   1.7339e+12
      104.84   1.7607e+12
      106.85   1.7869e+12
      108.87   1.8148e+12
      110.89   1.8403e+12
       112.9   1.8679e+12
      114.92   1.8935e+12
      116.94   1.9175e+12
      118.95    1.942e+12
      120.97   1.9668e+12
      122.98   1.9912e+12
         125    2.016e+12
      127.02   2.0386e+12
      129.03   2.0629e+12
      131.05   2.0859e+12
      133.06   2.1081e+12
      135.08   2.1303e+12
       137.1   2.1527e+12
      139.11   2.1738e+12
      141.13   2.1957e+12
      143.15   2.2164e+12
      145.16   2.2361e+12
      147.18   2.2555e+12
      149.19   2.2778e+12
      151.21   2.2972e+12
      153.23   2.3193e+12
      155.24   2.3395e+12
      157.26   2.3598e+12
      159.27   2.3802e+12
      161.29      2.4e+12
      163.31   2.4203e+12
      165.32   2.4404e+12
      167.34     2.46e+12
      169.35   2.4826e+12
      171.37   2.5038e+12
      173.39   2.5231e+12
       175.4   2.5437e+12
      177.42   2.5634e+12
      179.44   2.5828e+12
      181.45   2.6031e+12
      183.47   2.6202e+12
      185.48   2.6395e+12
       187.5   2.6597e+12
      189.52   2.6778e+12
      191.53   2.6976e+12
      193.55   2.7181e+12
      195.56   2.7381e+12
      197.58   2.7576e+12
       199.6   2.7763e+12
      201.61   2.7948e+12
      203.63   2.8153e+12
      205.65    2.834e+12
      207.66   2.8519e+12
      209.68   2.8699e+12
      211.69    2.888e+12
      213.71   2.9065e+12
      215.73   2.9249e+12
      217.74   2.9438e+12
      219.76   2.9624e+12
      221.77     2.98e+12
      223.79   2.9963e+12
      225.81   3.0139e+12
      227.82     3.03e+12
      229.84   3.0472e+12
      231.85   3.0665e+12
      233.87   3.0825e+12
      235.89   3.0987e+12
       237.9   3.1155e+12
      239.92   3.1317e+12
      241.94   3.1492e+12
      243.95   3.1679e+12
      245.97   3.1856e+12
      247.98   3.2021e+12
         250            0
