           0            0
      2.0161   3.6152e+10
      4.0323   8.8801e+10
      6.0484    1.361e+11
      8.0645   1.8395e+11
      10.081   2.3075e+11
      12.097   2.7961e+11
      14.113   3.2417e+11
      16.129   3.6877e+11
      18.145   4.1206e+11
      20.161   4.5457e+11
      22.177   4.9592e+11
      24.194   5.4041e+11
       26.21   5.8365e+11
      28.226   6.2727e+11
      30.242   6.7099e+11
      32.258   7.1312e+11
      34.274   7.5579e+11
       36.29   7.9581e+11
      38.306    8.363e+11
      40.323   8.7696e+11
      42.339   9.1652e+11
      44.355    9.579e+11
      46.371   9.9867e+11
      48.387   1.0368e+12
      50.403   1.0763e+12
      52.419   1.1171e+12
      54.435   1.1641e+12
      56.452    1.211e+12
      58.468   1.2537e+12
      60.484   1.2937e+12
        62.5   1.3279e+12
      64.516   1.3621e+12
      66.532   1.3956e+12
      68.548   1.4314e+12
      70.565   1.4665e+12
      72.581    1.508e+12
      74.597   1.5501e+12
      76.613   1.5898e+12
      78.629   1.6261e+12
      80.645   1.6551e+12
      82.661   1.6826e+12
      84.677   1.7085e+12
      86.694   1.7328e+12
       88.71   1.7564e+12
      90.726   1.7806e+12
      92.742   1.8061e+12
      94.758   1.8323e+12
      96.774   1.8551e+12
       98.79   1.8793e+12
      100.81   1.9042e+12
      102.82   1.9322e+12
      104.84    1.958e+12
      106.85   1.9797e+12
      108.87   1.9977e+12
      110.89   2.0142e+12
       112.9   2.0308e+12
      114.92   2.0478e+12
      116.94   2.0628e+12
      118.95   2.0785e+12
      120.97   2.0922e+12
      122.98   2.1046e+12
         125   2.1179e+12
      127.02   2.1314e+12
      129.03   2.1436e+12
      131.05   2.1555e+12
      133.06   2.1647e+12
      135.08   2.1728e+12
       137.1   2.1817e+12
      139.11   2.1895e+12
      141.13   2.1991e+12
      143.15   2.2089e+12
      145.16   2.2175e+12
      147.18   2.2253e+12
      149.19   2.2317e+12
      151.21   2.2405e+12
      153.23   2.2494e+12
      155.24   2.2575e+12
      157.26   2.2659e+12
      159.27   2.2742e+12
      161.29   2.2816e+12
      163.31   2.2895e+12
      165.32    2.297e+12
      167.34   2.3047e+12
      169.35   2.3136e+12
      171.37   2.3221e+12
      173.39   2.3296e+12
       175.4   2.3355e+12
      177.42   2.3434e+12
      179.44    2.351e+12
      181.45   2.3584e+12
      183.47   2.3674e+12
      185.48   2.3759e+12
       187.5    2.385e+12
      189.52   2.3936e+12
      191.53   2.4023e+12
      193.55    2.409e+12
      195.56   2.4165e+12
      197.58   2.4217e+12
       199.6   2.4277e+12
      201.61   2.4334e+12
      203.63   2.4389e+12
      205.65   2.4436e+12
      207.66    2.448e+12
      209.68   2.4525e+12
      211.69   2.4585e+12
      213.71   2.4635e+12
      215.73   2.4677e+12
      217.74    2.472e+12
      219.76   2.4765e+12
      221.77   2.4802e+12
      223.79   2.4842e+12
      225.81   2.4881e+12
      227.82   2.4927e+12
      229.84   2.4973e+12
      231.85   2.5017e+12
      233.87   2.5061e+12
      235.89   2.5111e+12
       237.9   2.5165e+12
      239.92   2.5209e+12
      241.94   2.5262e+12
      243.95   2.5306e+12
      245.97   2.5346e+12
      247.98   2.5383e+12
         250            0
