           0            0
      2.0161   1.5224e+10
      4.0323   3.7766e+10
      6.0484   6.7078e+10
      8.0645   9.8171e+10
      10.081   1.3051e+11
      12.097   1.6093e+11
      14.113   1.9121e+11
      16.129   2.2106e+11
      18.145   2.5403e+11
      20.161   2.8721e+11
      22.177   3.1866e+11
      24.194   3.5172e+11
       26.21   3.8195e+11
      28.226   4.1271e+11
      30.242   4.4166e+11
      32.258   4.6832e+11
      34.274   4.9464e+11
       36.29   5.1785e+11
      38.306    5.403e+11
      40.323   5.6242e+11
      42.339   5.8542e+11
      44.355   6.0947e+11
      46.371   6.2972e+11
      48.387   6.5245e+11
      50.403   6.7261e+11
      52.419   6.9078e+11
      54.435   7.1009e+11
      56.452    7.292e+11
      58.468   7.4741e+11
      60.484   7.6533e+11
        62.5    7.824e+11
      64.516   8.0102e+11
      66.532   8.1905e+11
      68.548    8.368e+11
      70.565   8.5424e+11
      72.581   8.7278e+11
      74.597   8.8885e+11
      76.613   9.0594e+11
      78.629   9.2292e+11
      80.645   9.4029e+11
      82.661   9.5549e+11
      84.677   9.7108e+11
      86.694   9.8668e+11
       88.71    1.003e+12
      90.726   1.0167e+12
      92.742   1.0316e+12
      94.758   1.0465e+12
      96.774   1.0606e+12
       98.79   1.0744e+12
      100.81   1.0887e+12
      102.82   1.1017e+12
      104.84   1.1154e+12
      106.85   1.1293e+12
      108.87   1.1427e+12
      110.89   1.1551e+12
       112.9   1.1679e+12
      114.92   1.1808e+12
      116.94   1.1936e+12
      118.95   1.2061e+12
      120.97   1.2166e+12
      122.98   1.2277e+12
         125   1.2394e+12
      127.02   1.2508e+12
      129.03   1.2628e+12
      131.05   1.2735e+12
      133.06   1.2854e+12
      135.08   1.2973e+12
       137.1   1.3093e+12
      139.11   1.3205e+12
      141.13   1.3318e+12
      143.15   1.3425e+12
      145.16   1.3531e+12
      147.18   1.3638e+12
      149.19   1.3758e+12
      151.21   1.3877e+12
      153.23   1.3995e+12
      155.24   1.4105e+12
      157.26   1.4215e+12
      159.27    1.434e+12
      161.29   1.4453e+12
      163.31   1.4566e+12
      165.32   1.4667e+12
      167.34    1.477e+12
      169.35   1.4876e+12
      171.37   1.4977e+12
      173.39   1.5065e+12
       175.4    1.516e+12
      177.42   1.5248e+12
      179.44   1.5351e+12
      181.45   1.5447e+12
      183.47   1.5529e+12
      185.48   1.5611e+12
       187.5   1.5707e+12
      189.52     1.58e+12
      191.53   1.5893e+12
      193.55    1.597e+12
      195.56   1.6056e+12
      197.58   1.6134e+12
       199.6   1.6212e+12
      201.61   1.6304e+12
      203.63   1.6391e+12
      205.65   1.6476e+12
      207.66   1.6601e+12
      209.68   1.6707e+12
      211.69   1.6829e+12
      213.71   1.6933e+12
      215.73   1.7042e+12
      217.74   1.7145e+12
      219.76   1.7243e+12
      221.77   1.7344e+12
      223.79   1.7424e+12
      225.81   1.7506e+12
      227.82   1.7584e+12
      229.84   1.7656e+12
      231.85   1.7733e+12
      233.87   1.7819e+12
      235.89   1.7895e+12
       237.9   1.7967e+12
      239.92   1.8037e+12
      241.94   1.8107e+12
      243.95   1.8171e+12
      245.97   1.8247e+12
      247.98   1.8318e+12
         250            0
