           0            0
      2.0161   3.8201e+10
      4.0323   8.1225e+10
      6.0484   1.3707e+11
      8.0645   1.9425e+11
      10.081   2.4901e+11
      12.097   2.9808e+11
      14.113    3.438e+11
      16.129   3.8379e+11
      18.145    4.238e+11
      20.161   4.6283e+11
      22.177   5.0468e+11
      24.194   5.4788e+11
       26.21    5.862e+11
      28.226   6.2158e+11
      30.242    6.573e+11
      32.258   6.9282e+11
      34.274   7.2721e+11
       36.29    7.636e+11
      38.306   8.0024e+11
      40.323   8.3782e+11
      42.339    8.758e+11
      44.355   9.1127e+11
      46.371   9.4374e+11
      48.387   9.7557e+11
      50.403   1.0064e+12
      52.419   1.0378e+12
      54.435   1.0666e+12
      56.452   1.0926e+12
      58.468   1.1188e+12
      60.484   1.1445e+12
        62.5   1.1713e+12
      64.516   1.1982e+12
      66.532   1.2233e+12
      68.548   1.2466e+12
      70.565   1.2691e+12
      72.581   1.2918e+12
      74.597   1.3146e+12
      76.613    1.338e+12
      78.629   1.3586e+12
      80.645   1.3811e+12
      82.661   1.4023e+12
      84.677   1.4213e+12
      86.694    1.441e+12
       88.71   1.4618e+12
      90.726    1.482e+12
      92.742   1.5016e+12
      94.758   1.5223e+12
      96.774   1.5402e+12
       98.79   1.5579e+12
      100.81   1.5763e+12
      102.82   1.5955e+12
      104.84   1.6136e+12
      106.85   1.6322e+12
      108.87   1.6494e+12
      110.89   1.6671e+12
       112.9   1.6859e+12
      114.92   1.7052e+12
      116.94   1.7217e+12
      118.95   1.7357e+12
      120.97   1.7487e+12
      122.98   1.7626e+12
         125   1.7748e+12
      127.02   1.7876e+12
      129.03   1.7991e+12
      131.05   1.8117e+12
      133.06   1.8227e+12
      135.08   1.8369e+12
       137.1   1.8502e+12
      139.11   1.8649e+12
      141.13   1.8776e+12
      143.15   1.8916e+12
      145.16   1.9049e+12
      147.18   1.9177e+12
      149.19   1.9305e+12
      151.21   1.9431e+12
      153.23    1.954e+12
      155.24   1.9659e+12
      157.26    1.978e+12
      159.27   1.9896e+12
      161.29   2.0004e+12
      163.31   2.0112e+12
      165.32   2.0229e+12
      167.34   2.0328e+12
      169.35   2.0435e+12
      171.37   2.0531e+12
      173.39   2.0637e+12
       175.4   2.0744e+12
      177.42   2.0857e+12
      179.44   2.0968e+12
      181.45   2.1098e+12
      183.47   2.1208e+12
      185.48   2.1321e+12
       187.5   2.1434e+12
      189.52    2.154e+12
      191.53   2.1644e+12
      193.55   2.1749e+12
      195.56   2.1851e+12
      197.58   2.1954e+12
       199.6   2.2057e+12
      201.61   2.2164e+12
      203.63    2.227e+12
      205.65   2.2368e+12
      207.66   2.2454e+12
      209.68   2.2542e+12
      211.69   2.2627e+12
      213.71   2.2703e+12
      215.73   2.2788e+12
      217.74   2.2868e+12
      219.76   2.2945e+12
      221.77   2.3013e+12
      223.79   2.3094e+12
      225.81   2.3172e+12
      227.82   2.3246e+12
      229.84   2.3316e+12
      231.85   2.3383e+12
      233.87   2.3438e+12
      235.89   2.3501e+12
       237.9   2.3562e+12
      239.92   2.3627e+12
      241.94   2.3681e+12
      243.95   2.3744e+12
      245.97   2.3811e+12
      247.98    2.387e+12
         250            0
