           0            0
      2.0161   5.5103e+09
      4.0323   1.9773e+10
      6.0484   4.1845e+10
      8.0645   7.1127e+10
      10.081   1.0171e+11
      12.097   1.3482e+11
      14.113   1.6501e+11
      16.129   1.9703e+11
      18.145   2.2855e+11
      20.161    2.565e+11
      22.177   2.8714e+11
      24.194   3.1742e+11
       26.21   3.4483e+11
      28.226   3.7198e+11
      30.242   3.9988e+11
      32.258   4.2725e+11
      34.274   4.5867e+11
       36.29    4.919e+11
      38.306   5.2448e+11
      40.323    5.573e+11
      42.339   5.9594e+11
      44.355   6.3925e+11
      46.371   6.8447e+11
      48.387   7.2168e+11
      50.403    7.526e+11
      52.419   7.7953e+11
      54.435   8.0332e+11
      56.452    8.248e+11
      58.468   8.4594e+11
      60.484   8.6546e+11
        62.5   8.8519e+11
      64.516   9.0187e+11
      66.532   9.1889e+11
      68.548   9.3553e+11
      70.565   9.5223e+11
      72.581   9.6763e+11
      74.597   9.8145e+11
      76.613   9.9546e+11
      78.629   1.0092e+12
      80.645   1.0248e+12
      82.661   1.0388e+12
      84.677   1.0565e+12
      86.694   1.0743e+12
       88.71   1.0909e+12
      90.726   1.1052e+12
      92.742   1.1206e+12
      94.758   1.1342e+12
      96.774    1.148e+12
       98.79   1.1628e+12
      100.81    1.176e+12
      102.82    1.192e+12
      104.84   1.2074e+12
      106.85   1.2252e+12
      108.87   1.2462e+12
      110.89   1.2687e+12
       112.9   1.2874e+12
      114.92    1.307e+12
      116.94   1.3247e+12
      118.95   1.3423e+12
      120.97     1.36e+12
      122.98   1.3777e+12
         125   1.3945e+12
      127.02   1.4107e+12
      129.03   1.4261e+12
      131.05    1.441e+12
      133.06   1.4559e+12
      135.08   1.4711e+12
       137.1   1.4854e+12
      139.11   1.4997e+12
      141.13   1.5127e+12
      143.15   1.5252e+12
      145.16   1.5376e+12
      147.18   1.5504e+12
      149.19   1.5632e+12
      151.21   1.5755e+12
      153.23   1.5879e+12
      155.24   1.5981e+12
      157.26   1.6092e+12
      159.27   1.6198e+12
      161.29     1.63e+12
      163.31   1.6404e+12
      165.32   1.6491e+12
      167.34   1.6581e+12
      169.35   1.6671e+12
      171.37    1.676e+12
      173.39   1.6854e+12
       175.4   1.6929e+12
      177.42   1.7008e+12
      179.44   1.7087e+12
      181.45   1.7169e+12
      183.47   1.7249e+12
      185.48   1.7329e+12
       187.5   1.7401e+12
      189.52   1.7469e+12
      191.53   1.7543e+12
      193.55   1.7609e+12
      195.56   1.7691e+12
      197.58   1.7781e+12
       199.6   1.7864e+12
      201.61   1.7936e+12
      203.63   1.7993e+12
      205.65   1.8067e+12
      207.66   1.8136e+12
      209.68   1.8186e+12
      211.69   1.8244e+12
      213.71   1.8296e+12
      215.73   1.8348e+12
      217.74     1.84e+12
      219.76   1.8448e+12
      221.77   1.8509e+12
      223.79   1.8555e+12
      225.81     1.86e+12
      227.82   1.8638e+12
      229.84   1.8676e+12
      231.85   1.8725e+12
      233.87   1.8766e+12
      235.89   1.8808e+12
       237.9    1.885e+12
      239.92   1.8897e+12
      241.94   1.8938e+12
      243.95   1.8974e+12
      245.97   1.9022e+12
      247.98   1.9059e+12
         250            0
