           0            0
      2.0161   3.4649e+10
      4.0323   7.7417e+10
      6.0484   1.4046e+11
      8.0645   2.1724e+11
      10.081    2.987e+11
      12.097   3.8574e+11
      14.113   4.7449e+11
      16.129   5.6269e+11
      18.145   6.5126e+11
      20.161   7.4088e+11
      22.177    8.283e+11
      24.194   9.1332e+11
       26.21   9.9909e+11
      28.226   1.0826e+12
      30.242   1.1628e+12
      32.258   1.2439e+12
      34.274   1.3214e+12
       36.29   1.3982e+12
      38.306   1.4722e+12
      40.323   1.5485e+12
      42.339   1.6202e+12
      44.355     1.69e+12
      46.371   1.7602e+12
      48.387    1.828e+12
      50.403   1.8917e+12
      52.419   1.9571e+12
      54.435   2.0167e+12
      56.452   2.0779e+12
      58.468   2.1348e+12
      60.484   2.1948e+12
        62.5   2.2507e+12
      64.516    2.306e+12
      66.532   2.3605e+12
      68.548   2.4136e+12
      70.565   2.4685e+12
      72.581   2.5233e+12
      74.597   2.5768e+12
      76.613   2.6281e+12
      78.629   2.6809e+12
      80.645    2.731e+12
      82.661   2.7826e+12
      84.677   2.8292e+12
      86.694    2.875e+12
       88.71    2.921e+12
      90.726   2.9704e+12
      92.742   3.0163e+12
      94.758    3.061e+12
      96.774   3.1046e+12
       98.79   3.1477e+12
      100.81   3.1885e+12
      102.82   3.2284e+12
      104.84   3.2666e+12
      106.85   3.3064e+12
      108.87   3.3479e+12
      110.89   3.3875e+12
       112.9   3.4275e+12
      114.92   3.4657e+12
      116.94   3.5026e+12
      118.95   3.5399e+12
      120.97   3.5747e+12
      122.98   3.6123e+12
         125   3.6492e+12
      127.02   3.6855e+12
      129.03   3.7214e+12
      131.05   3.7572e+12
      133.06   3.7921e+12
      135.08   3.8248e+12
       137.1    3.859e+12
      139.11   3.8927e+12
      141.13   3.9275e+12
      143.15   3.9603e+12
      145.16   3.9917e+12
      147.18   4.0222e+12
      149.19   4.0503e+12
      151.21   4.0798e+12
      153.23   4.1111e+12
      155.24    4.142e+12
      157.26    4.172e+12
      159.27   4.2013e+12
      161.29   4.2332e+12
      163.31   4.2634e+12
      165.32   4.2917e+12
      167.34   4.3217e+12
      169.35   4.3501e+12
      171.37   4.3787e+12
      173.39   4.4057e+12
       175.4   4.4327e+12
      177.42   4.4594e+12
      179.44   4.4844e+12
      181.45   4.5098e+12
      183.47   4.5319e+12
      185.48   4.5546e+12
       187.5   4.5779e+12
      189.52   4.5998e+12
      191.53   4.6224e+12
      193.55   4.6429e+12
      195.56   4.6645e+12
      197.58   4.6858e+12
       199.6   4.7072e+12
      201.61   4.7272e+12
      203.63   4.7483e+12
      205.65   4.7706e+12
      207.66   4.7922e+12
      209.68   4.8117e+12
      211.69   4.8307e+12
      213.71   4.8507e+12
      215.73   4.8682e+12
      217.74    4.884e+12
      219.76   4.9024e+12
      221.77   4.9216e+12
      223.79   4.9398e+12
      225.81   4.9585e+12
      227.82   4.9781e+12
      229.84   4.9943e+12
      231.85   5.0098e+12
      233.87    5.026e+12
      235.89   5.0415e+12
       237.9   5.0562e+12
      239.92   5.0716e+12
      241.94   5.0886e+12
      243.95   5.1054e+12
      245.97   5.1198e+12
      247.98   5.1352e+12
         250            0
