           0            0
      2.0161   8.4852e+10
      4.0323    1.434e+11
      6.0484   2.1083e+11
      8.0645   2.7572e+11
      10.081    3.331e+11
      12.097   3.8895e+11
      14.113   4.3906e+11
      16.129   4.8138e+11
      18.145    5.226e+11
      20.161    5.613e+11
      22.177    5.952e+11
      24.194   6.2809e+11
       26.21   6.6023e+11
      28.226   6.8852e+11
      30.242   7.1655e+11
      32.258   7.4187e+11
      34.274   7.6388e+11
       36.29   7.8669e+11
      38.306   8.1046e+11
      40.323   8.3028e+11
      42.339   8.4905e+11
      44.355   8.6731e+11
      46.371   8.8471e+11
      48.387   9.0268e+11
      50.403   9.1879e+11
      52.419   9.3476e+11
      54.435   9.5109e+11
      56.452   9.6888e+11
      58.468   9.8416e+11
      60.484   9.9639e+11
        62.5   1.0087e+12
      64.516   1.0199e+12
      66.532   1.0297e+12
      68.548   1.0406e+12
      70.565   1.0502e+12
      72.581   1.0583e+12
      74.597   1.0677e+12
      76.613   1.0763e+12
      78.629   1.0849e+12
      80.645   1.0929e+12
      82.661   1.1024e+12
      84.677   1.1116e+12
      86.694   1.1196e+12
       88.71   1.1258e+12
      90.726   1.1312e+12
      92.742   1.1369e+12
      94.758   1.1426e+12
      96.774    1.148e+12
       98.79   1.1529e+12
      100.81   1.1585e+12
      102.82   1.1632e+12
      104.84   1.1674e+12
      106.85   1.1723e+12
      108.87   1.1761e+12
      110.89   1.1805e+12
       112.9   1.1844e+12
      114.92   1.1886e+12
      116.94   1.1939e+12
      118.95   1.1989e+12
      120.97   1.2034e+12
      122.98   1.2072e+12
         125   1.2107e+12
      127.02    1.215e+12
      129.03   1.2192e+12
      131.05   1.2241e+12
      133.06   1.2302e+12
      135.08   1.2374e+12
       137.1    1.243e+12
      139.11   1.2475e+12
      141.13   1.2521e+12
      143.15   1.2556e+12
      145.16   1.2592e+12
      147.18    1.263e+12
      149.19   1.2664e+12
      151.21   1.2695e+12
      153.23   1.2729e+12
      155.24   1.2776e+12
      157.26   1.2819e+12
      159.27   1.2849e+12
      161.29   1.2881e+12
      163.31   1.2904e+12
      165.32   1.2924e+12
      167.34   1.2944e+12
      169.35   1.2961e+12
      171.37   1.2981e+12
      173.39   1.3006e+12
       175.4   1.3039e+12
      177.42   1.3075e+12
      179.44   1.3102e+12
      181.45   1.3122e+12
      183.47    1.315e+12
      185.48   1.3176e+12
       187.5   1.3204e+12
      189.52   1.3222e+12
      191.53   1.3244e+12
      193.55   1.3265e+12
      195.56   1.3287e+12
      197.58   1.3309e+12
       199.6   1.3323e+12
      201.61   1.3343e+12
      203.63   1.3357e+12
      205.65   1.3375e+12
      207.66   1.3396e+12
      209.68    1.341e+12
      211.69   1.3426e+12
      213.71   1.3445e+12
      215.73   1.3455e+12
      217.74   1.3483e+12
      219.76   1.3505e+12
      221.77   1.3521e+12
      223.79   1.3533e+12
      225.81   1.3543e+12
      227.82   1.3551e+12
      229.84   1.3562e+12
      231.85    1.357e+12
      233.87   1.3579e+12
      235.89   1.3591e+12
       237.9   1.3606e+12
      239.92   1.3621e+12
      241.94    1.363e+12
      243.95   1.3641e+12
      245.97   1.3651e+12
      247.98   1.3661e+12
         250            0
