           0            0
      2.0161   3.6722e+10
      4.0323   8.5612e+10
      6.0484   1.2407e+11
      8.0645    1.569e+11
      10.081   1.8707e+11
      12.097   2.1741e+11
      14.113   2.4816e+11
      16.129   2.7537e+11
      18.145   3.0232e+11
      20.161   3.3297e+11
      22.177    3.626e+11
      24.194   3.9804e+11
       26.21   4.3414e+11
      28.226   4.6461e+11
      30.242   4.9196e+11
      32.258   5.1812e+11
      34.274   5.4735e+11
       36.29   5.7693e+11
      38.306   6.0733e+11
      40.323   6.3358e+11
      42.339   6.5835e+11
      44.355   6.8356e+11
      46.371   7.0746e+11
      48.387   7.3057e+11
      50.403     7.53e+11
      52.419    7.762e+11
      54.435   7.9777e+11
      56.452   8.1944e+11
      58.468   8.4078e+11
      60.484   8.5984e+11
        62.5   8.7806e+11
      64.516   8.9515e+11
      66.532   9.1322e+11
      68.548   9.2961e+11
      70.565   9.4686e+11
      72.581   9.6594e+11
      74.597    9.842e+11
      76.613   1.0012e+12
      78.629   1.0175e+12
      80.645   1.0326e+12
      82.661   1.0454e+12
      84.677   1.0589e+12
      86.694   1.0723e+12
       88.71   1.0855e+12
      90.726   1.0969e+12
      92.742   1.1074e+12
      94.758   1.1185e+12
      96.774    1.129e+12
       98.79   1.1409e+12
      100.81   1.1539e+12
      102.82    1.165e+12
      104.84   1.1757e+12
      106.85   1.1861e+12
      108.87   1.1956e+12
      110.89   1.2057e+12
       112.9   1.2148e+12
      114.92   1.2245e+12
      116.94   1.2329e+12
      118.95   1.2407e+12
      120.97   1.2477e+12
      122.98   1.2562e+12
         125    1.263e+12
      127.02   1.2711e+12
      129.03   1.2797e+12
      131.05   1.2894e+12
      133.06   1.2986e+12
      135.08   1.3073e+12
       137.1   1.3172e+12
      139.11   1.3257e+12
      141.13   1.3341e+12
      143.15   1.3407e+12
      145.16   1.3476e+12
      147.18   1.3534e+12
      149.19   1.3592e+12
      151.21   1.3657e+12
      153.23   1.3713e+12
      155.24   1.3765e+12
      157.26   1.3817e+12
      159.27   1.3867e+12
      161.29   1.3917e+12
      163.31    1.397e+12
      165.32   1.4026e+12
      167.34    1.408e+12
      169.35   1.4137e+12
      171.37   1.4206e+12
      173.39    1.428e+12
       175.4   1.4343e+12
      177.42   1.4406e+12
      179.44   1.4466e+12
      181.45    1.452e+12
      183.47   1.4565e+12
      185.48   1.4606e+12
       187.5   1.4645e+12
      189.52    1.468e+12
      191.53   1.4718e+12
      193.55   1.4761e+12
      195.56   1.4801e+12
      197.58   1.4844e+12
       199.6   1.4885e+12
      201.61   1.4922e+12
      203.63    1.496e+12
      205.65   1.4998e+12
      207.66   1.5032e+12
      209.68   1.5063e+12
      211.69   1.5098e+12
      213.71   1.5128e+12
      215.73    1.516e+12
      217.74    1.519e+12
      219.76   1.5216e+12
      221.77   1.5245e+12
      223.79   1.5273e+12
      225.81   1.5297e+12
      227.82   1.5326e+12
      229.84   1.5361e+12
      231.85    1.539e+12
      233.87   1.5421e+12
      235.89   1.5443e+12
       237.9   1.5465e+12
      239.92   1.5496e+12
      241.94   1.5513e+12
      243.95    1.553e+12
      245.97   1.5549e+12
      247.98   1.5565e+12
         250            0
