           0            0
      2.0161   1.3714e+10
      4.0323   3.8821e+10
      6.0484   6.2111e+10
      8.0645   8.2746e+10
      10.081   1.0317e+11
      12.097   1.2472e+11
      14.113   1.4505e+11
      16.129   1.6789e+11
      18.145   1.9022e+11
      20.161    2.137e+11
      22.177   2.3867e+11
      24.194   2.6389e+11
       26.21   2.9049e+11
      28.226   3.1731e+11
      30.242   3.4441e+11
      32.258   3.7271e+11
      34.274   3.9896e+11
       36.29   4.2797e+11
      38.306   4.5525e+11
      40.323   4.8303e+11
      42.339   5.0829e+11
      44.355   5.3457e+11
      46.371   5.6056e+11
      48.387   5.8385e+11
      50.403   6.0999e+11
      52.419   6.3573e+11
      54.435   6.6103e+11
      56.452   6.8674e+11
      58.468   7.0992e+11
      60.484   7.3512e+11
        62.5    7.602e+11
      64.516   7.8432e+11
      66.532   8.0874e+11
      68.548   8.3337e+11
      70.565   8.5725e+11
      72.581   8.7878e+11
      74.597   8.9964e+11
      76.613    9.193e+11
      78.629   9.3902e+11
      80.645   9.5728e+11
      82.661   9.7351e+11
      84.677   9.8971e+11
      86.694   1.0024e+12
       88.71   1.0151e+12
      90.726   1.0273e+12
      92.742   1.0395e+12
      94.758   1.0508e+12
      96.774   1.0626e+12
       98.79   1.0737e+12
      100.81   1.0867e+12
      102.82   1.1001e+12
      104.84   1.1116e+12
      106.85   1.1228e+12
      108.87   1.1352e+12
      110.89   1.1454e+12
       112.9   1.1561e+12
      114.92   1.1663e+12
      116.94   1.1767e+12
      118.95   1.1876e+12
      120.97   1.1989e+12
      122.98   1.2098e+12
         125   1.2208e+12
      127.02   1.2313e+12
      129.03    1.241e+12
      131.05   1.2513e+12
      133.06   1.2605e+12
      135.08   1.2707e+12
       137.1   1.2812e+12
      139.11   1.2908e+12
      141.13   1.3007e+12
      143.15   1.3109e+12
      145.16   1.3214e+12
      147.18   1.3312e+12
      149.19   1.3415e+12
      151.21   1.3506e+12
      153.23   1.3604e+12
      155.24   1.3698e+12
      157.26   1.3805e+12
      159.27   1.3917e+12
      161.29   1.4039e+12
      163.31    1.415e+12
      165.32   1.4265e+12
      167.34   1.4372e+12
      169.35   1.4472e+12
      171.37   1.4568e+12
      173.39   1.4678e+12
       175.4   1.4779e+12
      177.42   1.4882e+12
      179.44   1.4991e+12
      181.45     1.51e+12
      183.47     1.52e+12
      185.48   1.5302e+12
       187.5     1.54e+12
      189.52   1.5501e+12
      191.53   1.5605e+12
      193.55   1.5689e+12
      195.56    1.577e+12
      197.58   1.5856e+12
       199.6   1.5942e+12
      201.61   1.6024e+12
      203.63   1.6099e+12
      205.65   1.6174e+12
      207.66   1.6263e+12
      209.68   1.6352e+12
      211.69    1.642e+12
      213.71   1.6514e+12
      215.73    1.661e+12
      217.74   1.6694e+12
      219.76   1.6773e+12
      221.77   1.6848e+12
      223.79   1.6925e+12
      225.81   1.7004e+12
      227.82   1.7081e+12
      229.84   1.7146e+12
      231.85   1.7219e+12
      233.87   1.7276e+12
      235.89   1.7343e+12
       237.9   1.7408e+12
      239.92   1.7464e+12
      241.94   1.7522e+12
      243.95   1.7585e+12
      245.97   1.7644e+12
      247.98   1.7713e+12
         250            0
