           0            0
      2.0161   3.0477e+10
      4.0323   7.1389e+10
      6.0484   1.0993e+11
      8.0645   1.4583e+11
      10.081   1.8212e+11
      12.097   2.1748e+11
      14.113   2.5018e+11
      16.129   2.7905e+11
      18.145   3.0571e+11
      20.161    3.297e+11
      22.177   3.5088e+11
      24.194   3.6821e+11
       26.21   3.8512e+11
      28.226   4.0181e+11
      30.242   4.1522e+11
      32.258   4.2842e+11
      34.274   4.4008e+11
       36.29   4.5104e+11
      38.306   4.6137e+11
      40.323   4.7247e+11
      42.339   4.8278e+11
      44.355   4.9214e+11
      46.371   5.0278e+11
      48.387   5.1288e+11
      50.403   5.2179e+11
      52.419   5.3149e+11
      54.435   5.4242e+11
      56.452   5.5223e+11
      58.468   5.6247e+11
      60.484   5.7097e+11
        62.5   5.7905e+11
      64.516   5.8702e+11
      66.532   5.9562e+11
      68.548   6.0452e+11
      70.565   6.1321e+11
      72.581   6.2208e+11
      74.597   6.3026e+11
      76.613   6.3789e+11
      78.629   6.4518e+11
      80.645   6.5349e+11
      82.661   6.6126e+11
      84.677   6.6904e+11
      86.694   6.7603e+11
       88.71   6.8235e+11
      90.726   6.8848e+11
      92.742   6.9515e+11
      94.758   7.0135e+11
      96.774   7.0759e+11
       98.79   7.1363e+11
      100.81   7.2113e+11
      102.82   7.2745e+11
      104.84   7.3436e+11
      106.85   7.4084e+11
      108.87   7.4792e+11
      110.89     7.55e+11
       112.9   7.6218e+11
      114.92   7.6854e+11
      116.94   7.7603e+11
      118.95   7.8274e+11
      120.97   7.8929e+11
      122.98   7.9607e+11
         125   8.0288e+11
      127.02   8.0894e+11
      129.03    8.162e+11
      131.05   8.2267e+11
      133.06   8.2866e+11
      135.08    8.338e+11
       137.1   8.3928e+11
      139.11   8.4411e+11
      141.13   8.4998e+11
      143.15   8.5521e+11
      145.16   8.6071e+11
      147.18   8.6691e+11
      149.19   8.7239e+11
      151.21   8.7854e+11
      153.23   8.8326e+11
      155.24   8.8925e+11
      157.26   8.9453e+11
      159.27   8.9998e+11
      161.29   9.0511e+11
      163.31   9.1033e+11
      165.32   9.1518e+11
      167.34   9.2066e+11
      169.35   9.2618e+11
      171.37   9.3118e+11
      173.39   9.3648e+11
       175.4   9.4064e+11
      177.42   9.4479e+11
      179.44   9.4923e+11
      181.45    9.538e+11
      183.47   9.5846e+11
      185.48   9.6265e+11
       187.5   9.6681e+11
      189.52    9.711e+11
      191.53   9.7585e+11
      193.55   9.8005e+11
      195.56   9.8477e+11
      197.58   9.9053e+11
       199.6   9.9635e+11
      201.61    1.001e+12
      203.63   1.0055e+12
      205.65   1.0099e+12
      207.66   1.0143e+12
      209.68   1.0185e+12
      211.69    1.023e+12
      213.71   1.0269e+12
      215.73   1.0312e+12
      217.74   1.0354e+12
      219.76   1.0398e+12
      221.77   1.0437e+12
      223.79   1.0475e+12
      225.81   1.0512e+12
      227.82   1.0549e+12
      229.84   1.0601e+12
      231.85   1.0643e+12
      233.87    1.068e+12
      235.89   1.0717e+12
       237.9   1.0747e+12
      239.92    1.078e+12
      241.94   1.0815e+12
      243.95   1.0848e+12
      245.97    1.088e+12
      247.98    1.091e+12
         250            0
