           0            0
      2.0161   2.3377e+10
      4.0323   5.4379e+10
      6.0484   9.2299e+10
      8.0645    1.337e+11
      10.081    1.771e+11
      12.097   2.2363e+11
      14.113     2.73e+11
      16.129    3.244e+11
      18.145   3.7893e+11
      20.161   4.3094e+11
      22.177   4.7984e+11
      24.194   5.2874e+11
       26.21   5.7868e+11
      28.226   6.3014e+11
      30.242   6.8203e+11
      32.258   7.3401e+11
      34.274   7.8542e+11
       36.29   8.3913e+11
      38.306   8.9039e+11
      40.323   9.3942e+11
      42.339   9.8692e+11
      44.355    1.032e+12
      46.371   1.0766e+12
      48.387   1.1196e+12
      50.403   1.1589e+12
      52.419   1.1972e+12
      54.435   1.2347e+12
      56.452   1.2721e+12
      58.468    1.312e+12
      60.484   1.3483e+12
        62.5   1.3845e+12
      64.516   1.4217e+12
      66.532   1.4585e+12
      68.548   1.4941e+12
      70.565   1.5274e+12
      72.581   1.5605e+12
      74.597   1.5912e+12
      76.613   1.6205e+12
      78.629   1.6498e+12
      80.645   1.6771e+12
      82.661   1.7047e+12
      84.677   1.7302e+12
      86.694   1.7563e+12
       88.71   1.7812e+12
      90.726   1.8052e+12
      92.742   1.8299e+12
      94.758   1.8545e+12
      96.774   1.8793e+12
       98.79   1.9024e+12
      100.81   1.9231e+12
      102.82   1.9453e+12
      104.84   1.9679e+12
      106.85   1.9902e+12
      108.87   2.0122e+12
      110.89   2.0325e+12
       112.9   2.0516e+12
      114.92   2.0719e+12
      116.94    2.092e+12
      118.95   2.1117e+12
      120.97   2.1313e+12
      122.98   2.1515e+12
         125   2.1712e+12
      127.02   2.1895e+12
      129.03   2.2075e+12
      131.05   2.2259e+12
      133.06   2.2431e+12
      135.08   2.2589e+12
       137.1   2.2749e+12
      139.11   2.2905e+12
      141.13    2.307e+12
      143.15   2.3241e+12
      145.16   2.3396e+12
      147.18    2.354e+12
      149.19   2.3695e+12
      151.21   2.3841e+12
      153.23   2.3975e+12
      155.24   2.4128e+12
      157.26   2.4266e+12
      159.27   2.4405e+12
      161.29   2.4539e+12
      163.31   2.4673e+12
      165.32   2.4801e+12
      167.34   2.4913e+12
      169.35   2.5052e+12
      171.37   2.5174e+12
      173.39   2.5283e+12
       175.4   2.5399e+12
      177.42   2.5517e+12
      179.44   2.5631e+12
      181.45   2.5749e+12
      183.47   2.5863e+12
      185.48   2.5987e+12
       187.5   2.6121e+12
      189.52   2.6237e+12
      191.53   2.6359e+12
      193.55   2.6472e+12
      195.56   2.6575e+12
      197.58   2.6677e+12
       199.6   2.6783e+12
      201.61   2.6895e+12
      203.63   2.7002e+12
      205.65   2.7113e+12
      207.66   2.7232e+12
      209.68   2.7357e+12
      211.69   2.7467e+12
      213.71   2.7586e+12
      215.73    2.769e+12
      217.74   2.7791e+12
      219.76   2.7885e+12
      221.77   2.7985e+12
      223.79   2.8073e+12
      225.81   2.8166e+12
      227.82   2.8268e+12
      229.84   2.8369e+12
      231.85   2.8471e+12
      233.87   2.8568e+12
      235.89   2.8665e+12
       237.9    2.876e+12
      239.92   2.8862e+12
      241.94   2.8963e+12
      243.95   2.9051e+12
      245.97   2.9133e+12
      247.98   2.9216e+12
         250            0
