           0            0
      2.0161   2.6119e+10
      4.0323   5.8694e+10
      6.0484   1.0248e+11
      8.0645   1.5227e+11
      10.081   2.0474e+11
      12.097    2.572e+11
      14.113   3.0969e+11
      16.129   3.6272e+11
      18.145   4.1578e+11
      20.161   4.6793e+11
      22.177   5.2073e+11
      24.194   5.7281e+11
       26.21   6.2216e+11
      28.226   6.7234e+11
      30.242   7.2143e+11
      32.258   7.7207e+11
      34.274   8.1914e+11
       36.29   8.6884e+11
      38.306   9.1699e+11
      40.323   9.6578e+11
      42.339   1.0096e+12
      44.355   1.0578e+12
      46.371   1.1028e+12
      48.387   1.1495e+12
      50.403   1.1949e+12
      52.419    1.238e+12
      54.435   1.2807e+12
      56.452   1.3241e+12
      58.468   1.3667e+12
      60.484   1.4079e+12
        62.5   1.4495e+12
      64.516   1.4927e+12
      66.532   1.5354e+12
      68.548   1.5792e+12
      70.565   1.6234e+12
      72.581    1.666e+12
      74.597   1.7106e+12
      76.613   1.7518e+12
      78.629   1.7916e+12
      80.645   1.8331e+12
      82.661   1.8738e+12
      84.677   1.9133e+12
      86.694   1.9515e+12
       88.71   1.9913e+12
      90.726   2.0302e+12
      92.742   2.0698e+12
      94.758   2.1064e+12
      96.774   2.1476e+12
       98.79   2.1851e+12
      100.81   2.2218e+12
      102.82   2.2598e+12
      104.84   2.2946e+12
      106.85   2.3308e+12
      108.87   2.3683e+12
      110.89    2.404e+12
       112.9   2.4412e+12
      114.92   2.4772e+12
      116.94   2.5138e+12
      118.95   2.5522e+12
      120.97   2.5876e+12
      122.98   2.6225e+12
         125   2.6553e+12
      127.02   2.6869e+12
      129.03   2.7213e+12
      131.05   2.7527e+12
      133.06    2.786e+12
      135.08    2.816e+12
       137.1    2.848e+12
      139.11   2.8807e+12
      141.13   2.9131e+12
      143.15   2.9452e+12
      145.16   2.9752e+12
      147.18   3.0057e+12
      149.19   3.0357e+12
      151.21   3.0662e+12
      153.23   3.0927e+12
      155.24   3.1223e+12
      157.26   3.1498e+12
      159.27   3.1768e+12
      161.29    3.204e+12
      163.31   3.2294e+12
      165.32   3.2574e+12
      167.34   3.2861e+12
      169.35   3.3168e+12
      171.37   3.3467e+12
      173.39   3.3744e+12
       175.4      3.4e+12
      177.42   3.4254e+12
      179.44   3.4523e+12
      181.45   3.4785e+12
      183.47   3.5046e+12
      185.48   3.5294e+12
       187.5   3.5534e+12
      189.52   3.5774e+12
      191.53   3.6017e+12
      193.55   3.6271e+12
      195.56   3.6535e+12
      197.58   3.6815e+12
       199.6   3.7075e+12
      201.61   3.7329e+12
      203.63    3.759e+12
      205.65    3.787e+12
      207.66    3.816e+12
      209.68   3.8432e+12
      211.69    3.868e+12
      213.71   3.8929e+12
      215.73   3.9157e+12
      217.74   3.9382e+12
      219.76   3.9622e+12
      221.77   3.9842e+12
      223.79    4.007e+12
      225.81   4.0273e+12
      227.82   4.0495e+12
      229.84   4.0726e+12
      231.85   4.0962e+12
      233.87   4.1191e+12
      235.89   4.1411e+12
       237.9   4.1617e+12
      239.92   4.1824e+12
      241.94    4.202e+12
      243.95   4.2227e+12
      245.97   4.2431e+12
      247.98   4.2615e+12
         250            0
