           0            0
      2.0161   3.8573e+10
      4.0323   8.2351e+10
      6.0484   1.1071e+11
      8.0645   1.3587e+11
      10.081   1.5861e+11
      12.097   1.8074e+11
      14.113   2.0166e+11
      16.129   2.2163e+11
      18.145   2.4195e+11
      20.161   2.6053e+11
      22.177   2.7843e+11
      24.194   2.9565e+11
       26.21   3.1307e+11
      28.226   3.2681e+11
      30.242   3.4062e+11
      32.258     3.55e+11
      34.274   3.6793e+11
       36.29   3.7989e+11
      38.306   3.9114e+11
      40.323   4.0062e+11
      42.339    4.106e+11
      44.355   4.1967e+11
      46.371   4.2815e+11
      48.387   4.3737e+11
      50.403   4.4589e+11
      52.419   4.5334e+11
      54.435    4.618e+11
      56.452   4.6756e+11
      58.468   4.7525e+11
      60.484    4.815e+11
        62.5   4.8733e+11
      64.516   4.9494e+11
      66.532   5.0012e+11
      68.548   5.0628e+11
      70.565   5.1121e+11
      72.581   5.1627e+11
      74.597   5.2096e+11
      76.613    5.258e+11
      78.629   5.3094e+11
      80.645   5.3587e+11
      82.661   5.4083e+11
      84.677   5.4547e+11
      86.694   5.4981e+11
       88.71   5.5413e+11
      90.726   5.5791e+11
      92.742    5.625e+11
      94.758   5.6675e+11
      96.774   5.7066e+11
       98.79   5.7417e+11
      100.81   5.7752e+11
      102.82   5.8111e+11
      104.84   5.8412e+11
      106.85   5.8732e+11
      108.87   5.9049e+11
      110.89   5.9349e+11
       112.9    5.967e+11
      114.92   5.9939e+11
      116.94   6.0275e+11
      118.95   6.0538e+11
      120.97   6.0759e+11
      122.98   6.0937e+11
         125   6.1158e+11
      127.02   6.1298e+11
      129.03   6.1512e+11
      131.05   6.1734e+11
      133.06   6.1902e+11
      135.08   6.2065e+11
       137.1   6.2264e+11
      139.11   6.2505e+11
      141.13   6.2682e+11
      143.15    6.287e+11
      145.16   6.3043e+11
      147.18   6.3214e+11
      149.19   6.3414e+11
      151.21   6.3575e+11
      153.23   6.3763e+11
      155.24   6.3873e+11
      157.26      6.4e+11
      159.27   6.4126e+11
      161.29   6.4261e+11
      163.31   6.4397e+11
      165.32   6.4547e+11
      167.34   6.4697e+11
      169.35   6.4846e+11
      171.37   6.4997e+11
      173.39   6.5168e+11
       175.4   6.5286e+11
      177.42   6.5416e+11
      179.44   6.5545e+11
      181.45   6.5679e+11
      183.47   6.5803e+11
      185.48   6.5881e+11
       187.5   6.6002e+11
      189.52   6.6112e+11
      191.53   6.6272e+11
      193.55   6.6414e+11
      195.56   6.6553e+11
      197.58   6.6649e+11
       199.6   6.6747e+11
      201.61   6.6835e+11
      203.63   6.6917e+11
      205.65   6.7024e+11
      207.66   6.7108e+11
      209.68   6.7187e+11
      211.69   6.7233e+11
      213.71   6.7294e+11
      215.73   6.7387e+11
      217.74    6.746e+11
      219.76   6.7539e+11
      221.77    6.763e+11
      223.79   6.7756e+11
      225.81   6.8007e+11
      227.82   6.8254e+11
      229.84   6.8312e+11
      231.85   6.8412e+11
      233.87   6.8491e+11
      235.89   6.8552e+11
       237.9   6.8622e+11
      239.92    6.866e+11
      241.94   6.8721e+11
      243.95   6.8771e+11
      245.97   6.8817e+11
      247.98   6.8848e+11
         250            0
