           0            0
      2.0161   2.8043e+10
      4.0323   5.7187e+10
      6.0484   1.0082e+11
      8.0645    1.486e+11
      10.081   2.0276e+11
      12.097   2.5794e+11
      14.113   3.1411e+11
      16.129   3.7155e+11
      18.145   4.3473e+11
      20.161   5.0227e+11
      22.177   5.6878e+11
      24.194   6.3753e+11
       26.21   7.0892e+11
      28.226    7.778e+11
      30.242   8.4678e+11
      32.258   9.1763e+11
      34.274   9.8308e+11
       36.29   1.0499e+12
      38.306   1.1168e+12
      40.323   1.1814e+12
      42.339   1.2446e+12
      44.355   1.3047e+12
      46.371   1.3651e+12
      48.387   1.4255e+12
      50.403    1.482e+12
      52.419   1.5388e+12
      54.435   1.5968e+12
      56.452   1.6538e+12
      58.468   1.7104e+12
      60.484   1.7612e+12
        62.5   1.8161e+12
      64.516   1.8703e+12
      66.532   1.9256e+12
      68.548   1.9792e+12
      70.565   2.0319e+12
      72.581   2.0858e+12
      74.597   2.1391e+12
      76.613   2.1932e+12
      78.629   2.2466e+12
      80.645   2.2977e+12
      82.661   2.3477e+12
      84.677   2.4014e+12
      86.694    2.455e+12
       88.71   2.5086e+12
      90.726   2.5624e+12
      92.742   2.6171e+12
      94.758   2.6674e+12
      96.774   2.7195e+12
       98.79   2.7684e+12
      100.81   2.8165e+12
      102.82   2.8647e+12
      104.84   2.9152e+12
      106.85   2.9646e+12
      108.87    3.013e+12
      110.89   3.0618e+12
       112.9   3.1107e+12
      114.92   3.1594e+12
      116.94   3.2068e+12
      118.95   3.2529e+12
      120.97   3.3003e+12
      122.98   3.3454e+12
         125   3.3883e+12
      127.02   3.4315e+12
      129.03   3.4758e+12
      131.05   3.5152e+12
      133.06   3.5554e+12
      135.08   3.5958e+12
       137.1   3.6363e+12
      139.11   3.6763e+12
      141.13   3.7142e+12
      143.15   3.7533e+12
      145.16   3.7922e+12
      147.18   3.8307e+12
      149.19   3.8698e+12
      151.21   3.9102e+12
      153.23   3.9503e+12
      155.24    3.986e+12
      157.26   4.0215e+12
      159.27   4.0569e+12
      161.29   4.0916e+12
      163.31   4.1271e+12
      165.32   4.1599e+12
      167.34   4.1946e+12
      169.35   4.2279e+12
      171.37   4.2612e+12
      173.39   4.2926e+12
       175.4   4.3244e+12
      177.42   4.3552e+12
      179.44   4.3843e+12
      181.45   4.4158e+12
      183.47   4.4461e+12
      185.48   4.4732e+12
       187.5   4.5021e+12
      189.52   4.5338e+12
      191.53   4.5629e+12
      193.55    4.591e+12
      195.56   4.6192e+12
      197.58    4.646e+12
       199.6   4.6712e+12
      201.61   4.6994e+12
      203.63    4.726e+12
      205.65   4.7527e+12
      207.66   4.7799e+12
      209.68   4.8087e+12
      211.69   4.8363e+12
      213.71   4.8623e+12
      215.73   4.8899e+12
      217.74   4.9164e+12
      219.76   4.9431e+12
      221.77   4.9697e+12
      223.79   4.9951e+12
      225.81   5.0225e+12
      227.82   5.0474e+12
      229.84   5.0706e+12
      231.85   5.0947e+12
      233.87   5.1187e+12
      235.89   5.1416e+12
       237.9    5.164e+12
      239.92   5.1882e+12
      241.94   5.2101e+12
      243.95   5.2329e+12
      245.97   5.2549e+12
      247.98   5.2769e+12
         250            0
