           0            0
      2.0161   7.3643e+10
      4.0323    1.431e+11
      6.0484    2.093e+11
      8.0645   2.7567e+11
      10.081   3.4377e+11
      12.097   4.1368e+11
      14.113   4.8061e+11
      16.129   5.4325e+11
      18.145   6.0099e+11
      20.161   6.5449e+11
      22.177   7.0459e+11
      24.194   7.4493e+11
       26.21   7.8308e+11
      28.226   8.1876e+11
      30.242   8.5008e+11
      32.258   8.8051e+11
      34.274    9.097e+11
       36.29    9.356e+11
      38.306   9.6146e+11
      40.323   9.8567e+11
      42.339   1.0081e+12
      44.355   1.0309e+12
      46.371    1.053e+12
      48.387    1.073e+12
      50.403   1.0907e+12
      52.419   1.1075e+12
      54.435   1.1232e+12
      56.452   1.1404e+12
      58.468   1.1564e+12
      60.484   1.1723e+12
        62.5   1.1849e+12
      64.516   1.1983e+12
      66.532   1.2105e+12
      68.548   1.2224e+12
      70.565   1.2339e+12
      72.581   1.2459e+12
      74.597   1.2599e+12
      76.613   1.2756e+12
      78.629    1.289e+12
      80.645   1.3008e+12
      82.661   1.3134e+12
      84.677   1.3245e+12
      86.694   1.3349e+12
       88.71   1.3451e+12
      90.726   1.3545e+12
      92.742   1.3632e+12
      94.758   1.3723e+12
      96.774   1.3822e+12
       98.79   1.3923e+12
      100.81   1.4022e+12
      102.82   1.4106e+12
      104.84    1.419e+12
      106.85   1.4267e+12
      108.87   1.4342e+12
      110.89   1.4413e+12
       112.9   1.4489e+12
      114.92   1.4562e+12
      116.94   1.4633e+12
      118.95   1.4718e+12
      120.97   1.4785e+12
      122.98   1.4852e+12
         125   1.4909e+12
      127.02   1.4965e+12
      129.03   1.5024e+12
      131.05   1.5076e+12
      133.06   1.5128e+12
      135.08   1.5183e+12
       137.1   1.5236e+12
      139.11   1.5289e+12
      141.13   1.5337e+12
      143.15   1.5389e+12
      145.16   1.5438e+12
      147.18   1.5482e+12
      149.19   1.5518e+12
      151.21   1.5549e+12
      153.23   1.5585e+12
      155.24   1.5626e+12
      157.26   1.5661e+12
      159.27   1.5696e+12
      161.29   1.5728e+12
      163.31   1.5764e+12
      165.32   1.5801e+12
      167.34   1.5834e+12
      169.35   1.5867e+12
      171.37    1.591e+12
      173.39   1.5945e+12
       175.4   1.5981e+12
      177.42   1.6018e+12
      179.44   1.6069e+12
      181.45   1.6101e+12
      183.47   1.6132e+12
      185.48   1.6163e+12
       187.5   1.6196e+12
      189.52   1.6232e+12
      191.53   1.6266e+12
      193.55   1.6296e+12
      195.56   1.6334e+12
      197.58   1.6375e+12
       199.6   1.6409e+12
      201.61   1.6442e+12
      203.63    1.648e+12
      205.65    1.651e+12
      207.66   1.6535e+12
      209.68   1.6569e+12
      211.69   1.6591e+12
      213.71   1.6615e+12
      215.73   1.6643e+12
      217.74    1.667e+12
      219.76   1.6698e+12
      221.77   1.6721e+12
      223.79   1.6749e+12
      225.81   1.6776e+12
      227.82   1.6798e+12
      229.84   1.6822e+12
      231.85   1.6842e+12
      233.87   1.6866e+12
      235.89   1.6888e+12
       237.9   1.6905e+12
      239.92   1.6918e+12
      241.94   1.6934e+12
      243.95   1.6951e+12
      245.97   1.6967e+12
      247.98   1.6984e+12
         250            0
