           0            0
      2.0161   2.2241e+10
      4.0323   4.2689e+10
      6.0484   7.4781e+10
      8.0645   1.1472e+11
      10.081   1.6019e+11
      12.097   2.0723e+11
      14.113    2.559e+11
      16.129     3.08e+11
      18.145   3.5998e+11
      20.161   4.1451e+11
      22.177   4.6368e+11
      24.194   5.1979e+11
       26.21   5.7385e+11
      28.226   6.2847e+11
      30.242   6.7891e+11
      32.258   7.2826e+11
      34.274   7.7571e+11
       36.29   8.2182e+11
      38.306   8.6681e+11
      40.323   9.1143e+11
      42.339   9.5785e+11
      44.355   1.0037e+12
      46.371   1.0518e+12
      48.387   1.1011e+12
      50.403   1.1459e+12
      52.419   1.1891e+12
      54.435   1.2316e+12
      56.452   1.2756e+12
      58.468   1.3208e+12
      60.484   1.3621e+12
        62.5   1.4051e+12
      64.516   1.4494e+12
      66.532   1.4925e+12
      68.548   1.5377e+12
      70.565   1.5796e+12
      72.581   1.6218e+12
      74.597    1.663e+12
      76.613   1.7032e+12
      78.629   1.7467e+12
      80.645   1.7893e+12
      82.661   1.8289e+12
      84.677     1.87e+12
      86.694   1.9121e+12
       88.71   1.9514e+12
      90.726   1.9904e+12
      92.742   2.0317e+12
      94.758   2.0708e+12
      96.774   2.1094e+12
       98.79   2.1461e+12
      100.81   2.1826e+12
      102.82   2.2216e+12
      104.84   2.2608e+12
      106.85   2.3018e+12
      108.87    2.342e+12
      110.89    2.382e+12
       112.9   2.4192e+12
      114.92   2.4566e+12
      116.94   2.4913e+12
      118.95   2.5276e+12
      120.97   2.5609e+12
      122.98   2.5938e+12
         125   2.6267e+12
      127.02   2.6567e+12
      129.03   2.6838e+12
      131.05   2.7131e+12
      133.06   2.7426e+12
      135.08   2.7701e+12
       137.1   2.7986e+12
      139.11   2.8258e+12
      141.13   2.8539e+12
      143.15   2.8826e+12
      145.16   2.9076e+12
      147.18   2.9335e+12
      149.19   2.9605e+12
      151.21   2.9884e+12
      153.23   3.0177e+12
      155.24   3.0457e+12
      157.26   3.0719e+12
      159.27   3.0957e+12
      161.29   3.1211e+12
      163.31   3.1466e+12
      165.32   3.1732e+12
      167.34   3.1975e+12
      169.35    3.219e+12
      171.37   3.2418e+12
      173.39   3.2633e+12
       175.4   3.2839e+12
      177.42   3.3039e+12
      179.44   3.3229e+12
      181.45   3.3424e+12
      183.47   3.3619e+12
      185.48    3.381e+12
       187.5   3.4014e+12
      189.52   3.4209e+12
      191.53   3.4399e+12
      193.55   3.4577e+12
      195.56   3.4789e+12
      197.58   3.4959e+12
       199.6   3.5128e+12
      201.61   3.5297e+12
      203.63   3.5475e+12
      205.65   3.5652e+12
      207.66   3.5818e+12
      209.68   3.5998e+12
      211.69   3.6156e+12
      213.71   3.6314e+12
      215.73   3.6461e+12
      217.74   3.6634e+12
      219.76   3.6822e+12
      221.77   3.6985e+12
      223.79   3.7154e+12
      225.81   3.7319e+12
      227.82   3.7458e+12
      229.84   3.7613e+12
      231.85   3.7766e+12
      233.87   3.7922e+12
      235.89   3.8088e+12
       237.9   3.8245e+12
      239.92   3.8398e+12
      241.94   3.8542e+12
      243.95   3.8676e+12
      245.97   3.8819e+12
      247.98   3.8948e+12
         250            0
