           0            0
      2.0161   1.3851e+10
      4.0323   4.2722e+10
      6.0484   7.7527e+10
      8.0645   1.1227e+11
      10.081   1.4487e+11
      12.097   1.8247e+11
      14.113   2.1961e+11
      16.129   2.5681e+11
      18.145   2.9538e+11
      20.161   3.3342e+11
      22.177   3.7046e+11
      24.194   4.0678e+11
       26.21   4.3996e+11
      28.226   4.7107e+11
      30.242   4.9979e+11
      32.258   5.2803e+11
      34.274   5.5523e+11
       36.29   5.8259e+11
      38.306   6.0821e+11
      40.323   6.3277e+11
      42.339   6.5711e+11
      44.355   6.8181e+11
      46.371   7.0282e+11
      48.387   7.2542e+11
      50.403   7.4473e+11
      52.419   7.6388e+11
      54.435   7.8203e+11
      56.452   7.9824e+11
      58.468   8.1487e+11
      60.484    8.318e+11
        62.5   8.4746e+11
      64.516   8.6187e+11
      66.532   8.7534e+11
      68.548   8.8789e+11
      70.565   9.0029e+11
      72.581   9.1206e+11
      74.597   9.2454e+11
      76.613   9.3857e+11
      78.629   9.5239e+11
      80.645   9.6409e+11
      82.661   9.7501e+11
      84.677   9.8669e+11
      86.694   9.9871e+11
       88.71   1.0109e+12
      90.726   1.0265e+12
      92.742   1.0432e+12
      94.758   1.0575e+12
      96.774   1.0717e+12
       98.79   1.0868e+12
      100.81   1.1015e+12
      102.82   1.1162e+12
      104.84   1.1315e+12
      106.85    1.147e+12
      108.87   1.1613e+12
      110.89   1.1754e+12
       112.9   1.1891e+12
      114.92   1.2021e+12
      116.94   1.2152e+12
      118.95   1.2288e+12
      120.97   1.2423e+12
      122.98    1.257e+12
         125   1.2701e+12
      127.02   1.2835e+12
      129.03   1.2977e+12
      131.05   1.3117e+12
      133.06   1.3268e+12
      135.08   1.3423e+12
       137.1   1.3563e+12
      139.11   1.3701e+12
      141.13   1.3841e+12
      143.15   1.3974e+12
      145.16   1.4106e+12
      147.18    1.424e+12
      149.19   1.4367e+12
      151.21   1.4491e+12
      153.23   1.4604e+12
      155.24   1.4706e+12
      157.26   1.4817e+12
      159.27   1.4912e+12
      161.29   1.5023e+12
      163.31   1.5119e+12
      165.32   1.5201e+12
      167.34   1.5281e+12
      169.35   1.5364e+12
      171.37   1.5445e+12
      173.39   1.5516e+12
       175.4   1.5597e+12
      177.42   1.5659e+12
      179.44   1.5724e+12
      181.45   1.5796e+12
      183.47   1.5861e+12
      185.48   1.5934e+12
       187.5   1.6001e+12
      189.52   1.6064e+12
      191.53   1.6123e+12
      193.55   1.6176e+12
      195.56   1.6225e+12
      197.58    1.628e+12
       199.6   1.6332e+12
      201.61   1.6389e+12
      203.63   1.6441e+12
      205.65   1.6486e+12
      207.66   1.6531e+12
      209.68    1.659e+12
      211.69   1.6638e+12
      213.71   1.6697e+12
      215.73   1.6745e+12
      217.74   1.6789e+12
      219.76   1.6831e+12
      221.77   1.6876e+12
      223.79   1.6936e+12
      225.81   1.6976e+12
      227.82   1.7023e+12
      229.84    1.707e+12
      231.85    1.711e+12
      233.87   1.7152e+12
      235.89   1.7191e+12
       237.9   1.7223e+12
      239.92   1.7255e+12
      241.94   1.7283e+12
      243.95   1.7309e+12
      245.97   1.7336e+12
      247.98   1.7369e+12
         250            0
