           0            0
      2.0161   3.9796e+10
      4.0323   6.7689e+10
      6.0484   1.1208e+11
      8.0645   1.6723e+11
      10.081   2.3097e+11
      12.097   3.0075e+11
      14.113   3.6909e+11
      16.129   4.3818e+11
      18.145   5.0588e+11
      20.161   5.7796e+11
      22.177   6.4961e+11
      24.194   7.1953e+11
       26.21   7.9075e+11
      28.226   8.6039e+11
      30.242   9.3083e+11
      32.258   9.9688e+11
      34.274    1.062e+12
       36.29   1.1238e+12
      38.306   1.1823e+12
      40.323   1.2414e+12
      42.339   1.3029e+12
      44.355   1.3629e+12
      46.371   1.4158e+12
      48.387   1.4706e+12
      50.403   1.5251e+12
      52.419   1.5793e+12
      54.435    1.634e+12
      56.452   1.6871e+12
      58.468   1.7405e+12
      60.484   1.7936e+12
        62.5   1.8469e+12
      64.516   1.8992e+12
      66.532   1.9542e+12
      68.548   2.0088e+12
      70.565   2.0661e+12
      72.581   2.1211e+12
      74.597   2.1742e+12
      76.613   2.2255e+12
      78.629   2.2769e+12
      80.645   2.3288e+12
      82.661   2.3754e+12
      84.677   2.4237e+12
      86.694   2.4741e+12
       88.71   2.5191e+12
      90.726   2.5612e+12
      92.742   2.6029e+12
      94.758   2.6439e+12
      96.774    2.684e+12
       98.79   2.7275e+12
      100.81   2.7718e+12
      102.82    2.815e+12
      104.84   2.8557e+12
      106.85   2.8925e+12
      108.87   2.9295e+12
      110.89   2.9654e+12
       112.9   3.0016e+12
      114.92   3.0355e+12
      116.94   3.0682e+12
      118.95   3.1027e+12
      120.97   3.1387e+12
      122.98   3.1756e+12
         125   3.2126e+12
      127.02   3.2475e+12
      129.03    3.283e+12
      131.05   3.3166e+12
      133.06   3.3493e+12
      135.08   3.3828e+12
       137.1   3.4155e+12
      139.11   3.4487e+12
      141.13   3.4807e+12
      143.15   3.5132e+12
      145.16   3.5447e+12
      147.18   3.5742e+12
      149.19   3.6027e+12
      151.21    3.631e+12
      153.23   3.6577e+12
      155.24   3.6849e+12
      157.26   3.7101e+12
      159.27   3.7356e+12
      161.29   3.7612e+12
      163.31   3.7864e+12
      165.32   3.8112e+12
      167.34   3.8349e+12
      169.35   3.8587e+12
      171.37   3.8836e+12
      173.39    3.908e+12
       175.4   3.9321e+12
      177.42    3.956e+12
      179.44   3.9787e+12
      181.45   3.9996e+12
      183.47   4.0216e+12
      185.48   4.0428e+12
       187.5    4.065e+12
      189.52   4.0871e+12
      191.53    4.108e+12
      193.55    4.131e+12
      195.56   4.1529e+12
      197.58   4.1759e+12
       199.6   4.1986e+12
      201.61   4.2219e+12
      203.63   4.2453e+12
      205.65   4.2691e+12
      207.66   4.2914e+12
      209.68   4.3169e+12
      211.69    4.341e+12
      213.71   4.3667e+12
      215.73   4.3925e+12
      217.74   4.4186e+12
      219.76   4.4413e+12
      221.77   4.4649e+12
      223.79   4.4852e+12
      225.81   4.5088e+12
      227.82   4.5294e+12
      229.84   4.5522e+12
      231.85   4.5745e+12
      233.87   4.5966e+12
      235.89   4.6171e+12
       237.9   4.6381e+12
      239.92   4.6603e+12
      241.94   4.6819e+12
      243.95   4.7024e+12
      245.97   4.7238e+12
      247.98   4.7462e+12
         250            0
