           0            0
      2.0161   1.4668e+10
      4.0323   4.4686e+10
      6.0484   7.6523e+10
      8.0645   1.0863e+11
      10.081   1.4475e+11
      12.097   1.7905e+11
      14.113   2.1531e+11
      16.129   2.5384e+11
      18.145   2.9555e+11
      20.161   3.3588e+11
      22.177   3.7508e+11
      24.194     4.11e+11
       26.21   4.4598e+11
      28.226   4.7968e+11
      30.242   5.1436e+11
      32.258   5.4841e+11
      34.274   5.7758e+11
       36.29    6.041e+11
      38.306   6.3054e+11
      40.323   6.5507e+11
      42.339   6.8057e+11
      44.355   7.0516e+11
      46.371   7.3195e+11
      48.387   7.5669e+11
      50.403   7.8146e+11
      52.419   8.0598e+11
      54.435   8.3145e+11
      56.452   8.5514e+11
      58.468    8.778e+11
      60.484   8.9864e+11
        62.5   9.1796e+11
      64.516   9.3871e+11
      66.532   9.5833e+11
      68.548   9.7984e+11
      70.565   1.0002e+12
      72.581   1.0192e+12
      74.597   1.0368e+12
      76.613    1.055e+12
      78.629   1.0705e+12
      80.645    1.086e+12
      82.661   1.1006e+12
      84.677   1.1152e+12
      86.694   1.1304e+12
       88.71   1.1466e+12
      90.726   1.1626e+12
      92.742   1.1788e+12
      94.758   1.1925e+12
      96.774   1.2063e+12
       98.79   1.2195e+12
      100.81   1.2304e+12
      102.82   1.2417e+12
      104.84    1.253e+12
      106.85   1.2615e+12
      108.87   1.2714e+12
      110.89   1.2822e+12
       112.9   1.2924e+12
      114.92   1.3032e+12
      116.94   1.3149e+12
      118.95   1.3253e+12
      120.97   1.3364e+12
      122.98   1.3469e+12
         125   1.3569e+12
      127.02   1.3666e+12
      129.03   1.3788e+12
      131.05   1.3913e+12
      133.06   1.4038e+12
      135.08   1.4161e+12
       137.1   1.4272e+12
      139.11   1.4371e+12
      141.13   1.4482e+12
      143.15   1.4599e+12
      145.16   1.4712e+12
      147.18   1.4844e+12
      149.19   1.4967e+12
      151.21   1.5086e+12
      153.23   1.5195e+12
      155.24   1.5281e+12
      157.26   1.5373e+12
      159.27   1.5467e+12
      161.29   1.5556e+12
      163.31   1.5636e+12
      165.32   1.5714e+12
      167.34   1.5791e+12
      169.35   1.5883e+12
      171.37    1.597e+12
      173.39   1.6057e+12
       175.4   1.6129e+12
      177.42   1.6206e+12
      179.44   1.6288e+12
      181.45   1.6373e+12
      183.47   1.6448e+12
      185.48   1.6515e+12
       187.5    1.658e+12
      189.52   1.6633e+12
      191.53   1.6692e+12
      193.55   1.6749e+12
      195.56   1.6802e+12
      197.58   1.6857e+12
       199.6   1.6913e+12
      201.61   1.6969e+12
      203.63   1.7017e+12
      205.65   1.7059e+12
      207.66   1.7101e+12
      209.68   1.7143e+12
      211.69   1.7179e+12
      213.71    1.722e+12
      215.73   1.7275e+12
      217.74   1.7321e+12
      219.76   1.7356e+12
      221.77   1.7392e+12
      223.79   1.7432e+12
      225.81   1.7463e+12
      227.82   1.7502e+12
      229.84   1.7538e+12
      231.85   1.7579e+12
      233.87   1.7622e+12
      235.89   1.7663e+12
       237.9   1.7697e+12
      239.92   1.7728e+12
      241.94   1.7768e+12
      243.95     1.78e+12
      245.97   1.7829e+12
      247.98   1.7861e+12
         250            0
