           0            0
      2.0161   5.0631e+10
      4.0323   8.4965e+10
      6.0484   1.4274e+11
      8.0645   2.1244e+11
      10.081   2.9064e+11
      12.097   3.7615e+11
      14.113   4.6172e+11
      16.129   5.4984e+11
      18.145   6.3687e+11
      20.161   7.2257e+11
      22.177   8.0729e+11
      24.194   8.8793e+11
       26.21   9.6499e+11
      28.226   1.0376e+12
      30.242   1.1132e+12
      32.258   1.1841e+12
      34.274   1.2554e+12
       36.29   1.3213e+12
      38.306   1.3881e+12
      40.323    1.452e+12
      42.339   1.5125e+12
      44.355   1.5717e+12
      46.371   1.6291e+12
      48.387   1.6878e+12
      50.403    1.746e+12
      52.419   1.7983e+12
      54.435   1.8485e+12
      56.452   1.8979e+12
      58.468   1.9478e+12
      60.484   1.9945e+12
        62.5   2.0404e+12
      64.516   2.0855e+12
      66.532   2.1281e+12
      68.548   2.1715e+12
      70.565   2.2153e+12
      72.581   2.2569e+12
      74.597   2.2974e+12
      76.613   2.3388e+12
      78.629   2.3786e+12
      80.645   2.4175e+12
      82.661   2.4583e+12
      84.677   2.4976e+12
      86.694   2.5358e+12
       88.71   2.5754e+12
      90.726   2.6116e+12
      92.742   2.6456e+12
      94.758     2.68e+12
      96.774   2.7107e+12
       98.79   2.7401e+12
      100.81   2.7696e+12
      102.82   2.7987e+12
      104.84   2.8271e+12
      106.85   2.8555e+12
      108.87   2.8841e+12
      110.89   2.9119e+12
       112.9   2.9393e+12
      114.92   2.9658e+12
      116.94   2.9935e+12
      118.95   3.0191e+12
      120.97   3.0447e+12
      122.98   3.0685e+12
         125    3.093e+12
      127.02   3.1171e+12
      129.03    3.142e+12
      131.05   3.1661e+12
      133.06   3.1892e+12
      135.08   3.2122e+12
       137.1   3.2348e+12
      139.11   3.2583e+12
      141.13   3.2812e+12
      143.15   3.3047e+12
      145.16    3.328e+12
      147.18   3.3499e+12
      149.19   3.3724e+12
      151.21   3.3954e+12
      153.23   3.4175e+12
      155.24   3.4387e+12
      157.26   3.4585e+12
      159.27    3.478e+12
      161.29   3.4973e+12
      163.31   3.5173e+12
      165.32   3.5356e+12
      167.34   3.5533e+12
      169.35   3.5703e+12
      171.37   3.5874e+12
      173.39   3.6048e+12
       175.4   3.6213e+12
      177.42   3.6387e+12
      179.44   3.6545e+12
      181.45   3.6702e+12
      183.47   3.6866e+12
      185.48   3.7022e+12
       187.5   3.7169e+12
      189.52   3.7316e+12
      191.53   3.7457e+12
      193.55   3.7606e+12
      195.56   3.7754e+12
      197.58   3.7907e+12
       199.6   3.8049e+12
      201.61   3.8198e+12
      203.63   3.8347e+12
      205.65   3.8521e+12
      207.66     3.87e+12
      209.68   3.8856e+12
      211.69   3.9011e+12
      213.71   3.9162e+12
      215.73   3.9302e+12
      217.74   3.9441e+12
      219.76   3.9607e+12
      221.77   3.9759e+12
      223.79   3.9917e+12
      225.81   4.0078e+12
      227.82   4.0235e+12
      229.84   4.0383e+12
      231.85   4.0521e+12
      233.87   4.0662e+12
      235.89   4.0816e+12
       237.9   4.0967e+12
      239.92   4.1107e+12
      241.94   4.1241e+12
      243.95   4.1375e+12
      245.97   4.1504e+12
      247.98   4.1624e+12
         250            0
