           0            0
      2.0161   3.4005e+09
      4.0323   9.0399e+09
      6.0484   1.6135e+10
      8.0645   2.3929e+10
      10.081   3.2295e+10
      12.097   4.2242e+10
      14.113   5.2945e+10
      16.129   6.3306e+10
      18.145   7.5777e+10
      20.161   8.8728e+10
      22.177    1.033e+11
      24.194   1.1996e+11
       26.21   1.3765e+11
      28.226   1.5651e+11
      30.242   1.7473e+11
      32.258   1.9412e+11
      34.274   2.1099e+11
       36.29   2.2885e+11
      38.306   2.4713e+11
      40.323   2.6299e+11
      42.339   2.7786e+11
      44.355   2.9189e+11
      46.371   3.0671e+11
      48.387   3.2049e+11
      50.403   3.3258e+11
      52.419   3.4535e+11
      54.435   3.5838e+11
      56.452   3.7161e+11
      58.468   3.8568e+11
      60.484   3.9769e+11
        62.5   4.1022e+11
      64.516   4.2444e+11
      66.532   4.4009e+11
      68.548   4.5525e+11
      70.565   4.6989e+11
      72.581   4.8475e+11
      74.597    4.988e+11
      76.613   5.1238e+11
      78.629   5.2605e+11
      80.645   5.4124e+11
      82.661    5.569e+11
      84.677   5.7248e+11
      86.694   5.8828e+11
       88.71   6.0184e+11
      90.726   6.1525e+11
      92.742    6.288e+11
      94.758   6.4447e+11
      96.774   6.5753e+11
       98.79   6.7129e+11
      100.81   6.8531e+11
      102.82   7.0224e+11
      104.84   7.2561e+11
      106.85   7.5458e+11
      108.87   7.8259e+11
      110.89   8.0313e+11
       112.9   8.1808e+11
      114.92   8.3229e+11
      116.94   8.4392e+11
      118.95   8.5652e+11
      120.97   8.6671e+11
      122.98   8.7723e+11
         125   8.8671e+11
      127.02   8.9635e+11
      129.03   9.0718e+11
      131.05   9.1797e+11
      133.06   9.2838e+11
      135.08   9.3762e+11
       137.1   9.4795e+11
      139.11   9.5908e+11
      141.13   9.7064e+11
      143.15   9.8065e+11
      145.16   9.8967e+11
      147.18   9.9895e+11
      149.19   1.0091e+12
      151.21   1.0211e+12
      153.23   1.0313e+12
      155.24   1.0416e+12
      157.26   1.0532e+12
      159.27   1.0642e+12
      161.29    1.075e+12
      163.31   1.0871e+12
      165.32   1.0983e+12
      167.34   1.1114e+12
      169.35   1.1249e+12
      171.37   1.1403e+12
      173.39   1.1517e+12
       175.4    1.164e+12
      177.42   1.1787e+12
      179.44   1.1914e+12
      181.45   1.2042e+12
      183.47   1.2171e+12
      185.48   1.2305e+12
       187.5   1.2431e+12
      189.52   1.2556e+12
      191.53   1.2667e+12
      193.55   1.2784e+12
      195.56   1.2887e+12
      197.58   1.2988e+12
       199.6   1.3098e+12
      201.61   1.3204e+12
      203.63   1.3307e+12
      205.65   1.3417e+12
      207.66   1.3523e+12
      209.68   1.3648e+12
      211.69   1.3782e+12
      213.71   1.3912e+12
      215.73    1.404e+12
      217.74   1.4166e+12
      219.76   1.4288e+12
      221.77   1.4401e+12
      223.79   1.4541e+12
      225.81   1.4668e+12
      227.82   1.4787e+12
      229.84   1.4909e+12
      231.85   1.5008e+12
      233.87   1.5113e+12
      235.89    1.522e+12
       237.9   1.5336e+12
      239.92   1.5464e+12
      241.94   1.5592e+12
      243.95   1.5725e+12
      245.97   1.5847e+12
      247.98   1.5957e+12
         250            0
