           0            0
      2.0161   3.5438e+10
      4.0323   7.9313e+10
      6.0484    1.372e+11
      8.0645   1.9899e+11
      10.081   2.5837e+11
      12.097    3.181e+11
      14.113   3.7012e+11
      16.129   4.1974e+11
      18.145   4.6412e+11
      20.161   5.0986e+11
      22.177   5.5102e+11
      24.194    5.864e+11
       26.21   6.2272e+11
      28.226   6.5731e+11
      30.242   6.9108e+11
      32.258   7.2484e+11
      34.274   7.5699e+11
       36.29   7.8914e+11
      38.306   8.1792e+11
      40.323    8.446e+11
      42.339   8.7071e+11
      44.355   8.9636e+11
      46.371   9.2205e+11
      48.387   9.4443e+11
      50.403    9.668e+11
      52.419   9.9021e+11
      54.435   1.0136e+12
      56.452   1.0333e+12
      58.468   1.0504e+12
      60.484   1.0679e+12
        62.5   1.0852e+12
      64.516   1.1015e+12
      66.532   1.1173e+12
      68.548   1.1334e+12
      70.565   1.1503e+12
      72.581   1.1671e+12
      74.597   1.1854e+12
      76.613   1.2011e+12
      78.629   1.2156e+12
      80.645   1.2286e+12
      82.661   1.2412e+12
      84.677   1.2539e+12
      86.694   1.2664e+12
       88.71   1.2804e+12
      90.726   1.2948e+12
      92.742   1.3108e+12
      94.758   1.3262e+12
      96.774   1.3388e+12
       98.79   1.3493e+12
      100.81   1.3588e+12
      102.82   1.3684e+12
      104.84   1.3775e+12
      106.85    1.388e+12
      108.87   1.3986e+12
      110.89   1.4088e+12
       112.9    1.418e+12
      114.92   1.4277e+12
      116.94   1.4376e+12
      118.95   1.4481e+12
      120.97   1.4587e+12
      122.98   1.4684e+12
         125   1.4785e+12
      127.02   1.4884e+12
      129.03      1.5e+12
      131.05   1.5114e+12
      133.06   1.5252e+12
      135.08   1.5375e+12
       137.1   1.5494e+12
      139.11   1.5603e+12
      141.13   1.5725e+12
      143.15    1.584e+12
      145.16   1.5952e+12
      147.18   1.6065e+12
      149.19   1.6158e+12
      151.21    1.625e+12
      153.23   1.6347e+12
      155.24   1.6435e+12
      157.26   1.6512e+12
      159.27    1.659e+12
      161.29   1.6684e+12
      163.31   1.6765e+12
      165.32   1.6847e+12
      167.34   1.6928e+12
      169.35   1.7006e+12
      171.37   1.7087e+12
      173.39   1.7165e+12
       175.4   1.7228e+12
      177.42     1.73e+12
      179.44   1.7375e+12
      181.45   1.7445e+12
      183.47   1.7506e+12
      185.48   1.7573e+12
       187.5   1.7628e+12
      189.52   1.7675e+12
      191.53   1.7733e+12
      193.55   1.7779e+12
      195.56   1.7824e+12
      197.58   1.7877e+12
       199.6   1.7933e+12
      201.61   1.7979e+12
      203.63   1.8029e+12
      205.65   1.8084e+12
      207.66   1.8148e+12
      209.68   1.8205e+12
      211.69    1.825e+12
      213.71   1.8301e+12
      215.73    1.835e+12
      217.74   1.8407e+12
      219.76    1.846e+12
      221.77   1.8508e+12
      223.79   1.8547e+12
      225.81   1.8593e+12
      227.82   1.8641e+12
      229.84   1.8691e+12
      231.85   1.8747e+12
      233.87    1.881e+12
      235.89   1.8887e+12
       237.9    1.895e+12
      239.92      1.9e+12
      241.94   1.9053e+12
      243.95   1.9104e+12
      245.97   1.9145e+12
      247.98   1.9196e+12
         250            0
