           0            0
      2.0161   2.6706e+10
      4.0323   5.3583e+10
      6.0484   7.5137e+10
      8.0645    9.221e+10
      10.081   1.0744e+11
      12.097   1.2268e+11
      14.113   1.3756e+11
      16.129   1.5178e+11
      18.145    1.674e+11
      20.161   1.8276e+11
      22.177   1.9732e+11
      24.194   2.1024e+11
       26.21   2.2266e+11
      28.226   2.3385e+11
      30.242   2.4483e+11
      32.258   2.5546e+11
      34.274   2.6542e+11
       36.29   2.7451e+11
      38.306   2.8261e+11
      40.323   2.8984e+11
      42.339   2.9599e+11
      44.355    3.013e+11
      46.371   3.0615e+11
      48.387   3.1161e+11
      50.403   3.1702e+11
      52.419   3.2162e+11
      54.435   3.2565e+11
      56.452   3.3028e+11
      58.468   3.3452e+11
      60.484   3.3829e+11
        62.5   3.4179e+11
      64.516   3.4507e+11
      66.532    3.483e+11
      68.548    3.516e+11
      70.565   3.5509e+11
      72.581   3.5837e+11
      74.597   3.6164e+11
      76.613    3.655e+11
      78.629   3.6896e+11
      80.645   3.7195e+11
      82.661   3.7499e+11
      84.677   3.7791e+11
      86.694   3.8066e+11
       88.71   3.8362e+11
      90.726   3.8638e+11
      92.742   3.8958e+11
      94.758   3.9199e+11
      96.774   3.9412e+11
       98.79   3.9621e+11
      100.81   3.9836e+11
      102.82   4.0042e+11
      104.84   4.0206e+11
      106.85   4.0331e+11
      108.87    4.047e+11
      110.89    4.065e+11
       112.9    4.077e+11
      114.92   4.0852e+11
      116.94   4.0938e+11
      118.95   4.1068e+11
      120.97   4.1189e+11
      122.98   4.1316e+11
         125   4.1414e+11
      127.02   4.1556e+11
      129.03   4.1657e+11
      131.05   4.1793e+11
      133.06   4.1889e+11
      135.08      4.2e+11
       137.1   4.2094e+11
      139.11   4.2207e+11
      141.13   4.2294e+11
      143.15   4.2442e+11
      145.16   4.2526e+11
      147.18   4.2618e+11
      149.19   4.2763e+11
      151.21   4.2963e+11
      153.23   4.3104e+11
      155.24   4.3175e+11
      157.26   4.3267e+11
      159.27   4.3326e+11
      161.29   4.3387e+11
      163.31   4.3451e+11
      165.32   4.3526e+11
      167.34   4.3571e+11
      169.35   4.3611e+11
      171.37   4.3691e+11
      173.39   4.3752e+11
       175.4   4.3817e+11
      177.42    4.389e+11
      179.44   4.3935e+11
      181.45   4.3988e+11
      183.47   4.4026e+11
      185.48   4.4086e+11
       187.5   4.4115e+11
      189.52    4.413e+11
      191.53   4.4166e+11
      193.55   4.4213e+11
      195.56   4.4246e+11
      197.58   4.4256e+11
       199.6   4.4287e+11
      201.61   4.4302e+11
      203.63   4.4313e+11
      205.65   4.4342e+11
      207.66   4.4357e+11
      209.68   4.4385e+11
      211.69   4.4403e+11
      213.71   4.4433e+11
      215.73   4.4453e+11
      217.74   4.4459e+11
      219.76   4.4482e+11
      221.77   4.4498e+11
      223.79   4.4537e+11
      225.81   4.4563e+11
      227.82   4.4584e+11
      229.84   4.4595e+11
      231.85   4.4613e+11
      233.87   4.4616e+11
      235.89    4.462e+11
       237.9    4.463e+11
      239.92   4.4663e+11
      241.94    4.467e+11
      243.95   4.4692e+11
      245.97   4.4708e+11
      247.98   4.4718e+11
         250            0
