           0            0
      2.0161   2.4701e+10
      4.0323   6.5392e+10
      6.0484   1.0692e+11
      8.0645   1.5132e+11
      10.081   1.9447e+11
      12.097   2.4121e+11
      14.113   2.8754e+11
      16.129   3.3655e+11
      18.145    3.844e+11
      20.161   4.3473e+11
      22.177   4.7974e+11
      24.194   5.2462e+11
       26.21   5.7093e+11
      28.226   6.1517e+11
      30.242   6.5694e+11
      32.258   6.9838e+11
      34.274   7.3587e+11
       36.29   7.7552e+11
      38.306   8.1277e+11
      40.323   8.5012e+11
      42.339   8.8559e+11
      44.355   9.1967e+11
      46.371   9.5259e+11
      48.387   9.8544e+11
      50.403    1.019e+12
      52.419   1.0511e+12
      54.435   1.0836e+12
      56.452   1.1137e+12
      58.468   1.1425e+12
      60.484   1.1694e+12
        62.5   1.1962e+12
      64.516    1.222e+12
      66.532   1.2508e+12
      68.548   1.2758e+12
      70.565   1.2998e+12
      72.581   1.3234e+12
      74.597   1.3462e+12
      76.613   1.3682e+12
      78.629   1.3881e+12
      80.645   1.4091e+12
      82.661   1.4293e+12
      84.677   1.4501e+12
      86.694   1.4706e+12
       88.71   1.4901e+12
      90.726   1.5083e+12
      92.742   1.5249e+12
      94.758   1.5425e+12
      96.774   1.5591e+12
       98.79   1.5767e+12
      100.81   1.5931e+12
      102.82    1.611e+12
      104.84    1.628e+12
      106.85    1.645e+12
      108.87   1.6615e+12
      110.89   1.6794e+12
       112.9   1.6983e+12
      114.92    1.715e+12
      116.94   1.7327e+12
      118.95     1.75e+12
      120.97   1.7664e+12
      122.98   1.7816e+12
         125   1.7976e+12
      127.02    1.811e+12
      129.03   1.8255e+12
      131.05    1.839e+12
      133.06   1.8518e+12
      135.08   1.8651e+12
       137.1   1.8778e+12
      139.11    1.891e+12
      141.13   1.9037e+12
      143.15   1.9149e+12
      145.16   1.9261e+12
      147.18   1.9375e+12
      149.19   1.9469e+12
      151.21   1.9567e+12
      153.23   1.9661e+12
      155.24   1.9757e+12
      157.26   1.9863e+12
      159.27    1.996e+12
      161.29    2.006e+12
      163.31    2.015e+12
      165.32   2.0241e+12
      167.34   2.0327e+12
      169.35   2.0417e+12
      171.37   2.0511e+12
      173.39     2.06e+12
       175.4   2.0694e+12
      177.42   2.0771e+12
      179.44   2.0845e+12
      181.45   2.0945e+12
      183.47    2.102e+12
      185.48   2.1093e+12
       187.5   2.1162e+12
      189.52   2.1235e+12
      191.53   2.1306e+12
      193.55   2.1387e+12
      195.56   2.1468e+12
      197.58   2.1538e+12
       199.6   2.1604e+12
      201.61   2.1681e+12
      203.63   2.1758e+12
      205.65   2.1842e+12
      207.66   2.1923e+12
      209.68   2.2006e+12
      211.69   2.2096e+12
      213.71   2.2169e+12
      215.73    2.224e+12
      217.74   2.2307e+12
      219.76   2.2374e+12
      221.77   2.2438e+12
      223.79   2.2494e+12
      225.81   2.2549e+12
      227.82   2.2605e+12
      229.84   2.2671e+12
      231.85   2.2727e+12
      233.87   2.2781e+12
      235.89   2.2826e+12
       237.9   2.2875e+12
      239.92   2.2924e+12
      241.94   2.2974e+12
      243.95   2.3023e+12
      245.97   2.3075e+12
      247.98   2.3133e+12
         250            0
