           0            0
      2.0161   1.0712e+10
      4.0323   3.3177e+10
      6.0484   5.9234e+10
      8.0645   8.1613e+10
      10.081   1.0603e+11
      12.097   1.2763e+11
      14.113    1.495e+11
      16.129   1.7064e+11
      18.145   1.9259e+11
      20.161   2.1659e+11
      22.177    2.389e+11
      24.194   2.6049e+11
       26.21   2.8366e+11
      28.226   3.0746e+11
      30.242   3.3137e+11
      32.258   3.5441e+11
      34.274   3.7692e+11
       36.29   3.9831e+11
      38.306   4.1876e+11
      40.323   4.3838e+11
      42.339   4.5692e+11
      44.355    4.759e+11
      46.371   4.9371e+11
      48.387   5.1036e+11
      50.403   5.2672e+11
      52.419   5.4336e+11
      54.435   5.5934e+11
      56.452   5.7592e+11
      58.468   5.9045e+11
      60.484   6.0444e+11
        62.5   6.1841e+11
      64.516   6.3268e+11
      66.532   6.4566e+11
      68.548    6.578e+11
      70.565   6.6947e+11
      72.581   6.8019e+11
      74.597   6.9104e+11
      76.613   7.0084e+11
      78.629   7.0993e+11
      80.645   7.1943e+11
      82.661   7.2867e+11
      84.677   7.4006e+11
      86.694   7.4995e+11
       88.71   7.6038e+11
      90.726   7.7017e+11
      92.742    7.798e+11
      94.758   7.9078e+11
      96.774    7.999e+11
       98.79   8.0825e+11
      100.81   8.1662e+11
      102.82   8.2507e+11
      104.84   8.3288e+11
      106.85   8.4085e+11
      108.87   8.4942e+11
      110.89   8.5694e+11
       112.9   8.6429e+11
      114.92   8.7174e+11
      116.94   8.7869e+11
      118.95   8.8642e+11
      120.97   8.9291e+11
      122.98   8.9848e+11
         125   9.0508e+11
      127.02   9.1142e+11
      129.03   9.1721e+11
      131.05   9.2339e+11
      133.06   9.2908e+11
      135.08   9.3534e+11
       137.1   9.4079e+11
      139.11   9.4588e+11
      141.13   9.5122e+11
      143.15   9.5646e+11
      145.16   9.6231e+11
      147.18   9.6776e+11
      149.19   9.7206e+11
      151.21   9.7724e+11
      153.23   9.8255e+11
      155.24   9.8736e+11
      157.26   9.9249e+11
      159.27   9.9688e+11
      161.29   1.0029e+12
      163.31   1.0093e+12
      165.32   1.0147e+12
      167.34   1.0195e+12
      169.35    1.024e+12
      171.37    1.029e+12
      173.39   1.0332e+12
       175.4   1.0374e+12
      177.42   1.0416e+12
      179.44   1.0461e+12
      181.45   1.0499e+12
      183.47   1.0537e+12
      185.48   1.0575e+12
       187.5   1.0614e+12
      189.52   1.0656e+12
      191.53   1.0697e+12
      193.55   1.0742e+12
      195.56   1.0778e+12
      197.58   1.0822e+12
       199.6   1.0865e+12
      201.61   1.0901e+12
      203.63    1.094e+12
      205.65   1.0971e+12
      207.66      1.1e+12
      209.68   1.1025e+12
      211.69   1.1057e+12
      213.71    1.109e+12
      215.73   1.1117e+12
      217.74   1.1143e+12
      219.76   1.1169e+12
      221.77   1.1194e+12
      223.79   1.1216e+12
      225.81   1.1242e+12
      227.82   1.1263e+12
      229.84   1.1288e+12
      231.85   1.1303e+12
      233.87   1.1319e+12
      235.89   1.1339e+12
       237.9   1.1361e+12
      239.92   1.1384e+12
      241.94   1.1405e+12
      243.95   1.1424e+12
      245.97   1.1443e+12
      247.98   1.1459e+12
         250            0
