           0            0
      2.0161   1.8471e+10
      4.0323   4.3348e+10
      6.0484   7.8898e+10
      8.0645   1.1367e+11
      10.081   1.4975e+11
      12.097    1.864e+11
      14.113   2.2271e+11
      16.129    2.577e+11
      18.145   2.9756e+11
      20.161   3.3658e+11
      22.177   3.7301e+11
      24.194   4.1375e+11
       26.21   4.5062e+11
      28.226   4.9095e+11
      30.242   5.3151e+11
      32.258   5.7106e+11
      34.274   6.1243e+11
       36.29   6.5076e+11
      38.306   6.8865e+11
      40.323   7.2645e+11
      42.339   7.6859e+11
      44.355   8.1142e+11
      46.371    8.543e+11
      48.387   8.9644e+11
      50.403   9.3452e+11
      52.419   9.7143e+11
      54.435   1.0052e+12
      56.452   1.0399e+12
      58.468   1.0774e+12
      60.484   1.1157e+12
        62.5   1.1525e+12
      64.516   1.1923e+12
      66.532   1.2319e+12
      68.548     1.27e+12
      70.565   1.3075e+12
      72.581    1.345e+12
      74.597   1.3826e+12
      76.613   1.4224e+12
      78.629    1.463e+12
      80.645   1.5034e+12
      82.661   1.5416e+12
      84.677   1.5797e+12
      86.694   1.6197e+12
       88.71   1.6589e+12
      90.726   1.6988e+12
      92.742   1.7403e+12
      94.758   1.7823e+12
      96.774   1.8256e+12
       98.79   1.8684e+12
      100.81   1.9104e+12
      102.82   1.9551e+12
      104.84   1.9969e+12
      106.85   2.0418e+12
      108.87   2.0854e+12
      110.89   2.1304e+12
       112.9   2.1723e+12
      114.92   2.2162e+12
      116.94   2.2555e+12
      118.95   2.2932e+12
      120.97   2.3298e+12
      122.98   2.3642e+12
         125   2.3958e+12
      127.02   2.4263e+12
      129.03   2.4558e+12
      131.05   2.4874e+12
      133.06   2.5154e+12
      135.08   2.5433e+12
       137.1   2.5713e+12
      139.11   2.5988e+12
      141.13   2.6241e+12
      143.15    2.651e+12
      145.16   2.6763e+12
      147.18   2.6998e+12
      149.19    2.724e+12
      151.21   2.7477e+12
      153.23   2.7732e+12
      155.24   2.7967e+12
      157.26   2.8201e+12
      159.27   2.8408e+12
      161.29   2.8629e+12
      163.31   2.8826e+12
      165.32   2.9026e+12
      167.34   2.9227e+12
      169.35   2.9417e+12
      171.37    2.961e+12
      173.39   2.9802e+12
       175.4   3.0001e+12
      177.42   3.0206e+12
      179.44   3.0441e+12
      181.45   3.0639e+12
      183.47   3.0848e+12
      185.48   3.1049e+12
       187.5   3.1244e+12
      189.52   3.1437e+12
      191.53   3.1636e+12
      193.55   3.1842e+12
      195.56   3.2056e+12
      197.58    3.225e+12
       199.6   3.2465e+12
      201.61   3.2664e+12
      203.63   3.2866e+12
      205.65   3.3064e+12
      207.66   3.3257e+12
      209.68   3.3439e+12
      211.69   3.3616e+12
      213.71   3.3797e+12
      215.73   3.3963e+12
      217.74   3.4139e+12
      219.76   3.4301e+12
      221.77   3.4463e+12
      223.79   3.4621e+12
      225.81   3.4776e+12
      227.82   3.4934e+12
      229.84   3.5095e+12
      231.85   3.5246e+12
      233.87   3.5392e+12
      235.89   3.5543e+12
       237.9   3.5704e+12
      239.92   3.5867e+12
      241.94   3.6034e+12
      243.95   3.6205e+12
      245.97   3.6381e+12
      247.98    3.654e+12
         250            0
