           0            0
      2.0161   4.4619e+10
      4.0323   1.1548e+11
      6.0484   1.8704e+11
      8.0645   2.5569e+11
      10.081   3.2178e+11
      12.097   3.8828e+11
      14.113    4.518e+11
      16.129   5.1182e+11
      18.145   5.6753e+11
      20.161   6.1863e+11
      22.177   6.6591e+11
      24.194   7.0957e+11
       26.21   7.5111e+11
      28.226   7.8921e+11
      30.242   8.2365e+11
      32.258    8.567e+11
      34.274   8.8704e+11
       36.29   9.1779e+11
      38.306   9.4764e+11
      40.323   9.7537e+11
      42.339   1.0025e+12
      44.355   1.0276e+12
      46.371   1.0569e+12
      48.387   1.0859e+12
      50.403   1.1105e+12
      52.419   1.1362e+12
      54.435    1.161e+12
      56.452   1.1843e+12
      58.468   1.2047e+12
      60.484   1.2258e+12
        62.5   1.2447e+12
      64.516    1.266e+12
      66.532   1.2902e+12
      68.548   1.3113e+12
      70.565    1.332e+12
      72.581   1.3502e+12
      74.597    1.369e+12
      76.613   1.3856e+12
      78.629   1.4015e+12
      80.645   1.4162e+12
      82.661   1.4339e+12
      84.677   1.4497e+12
      86.694   1.4674e+12
       88.71   1.4858e+12
      90.726   1.5011e+12
      92.742   1.5167e+12
      94.758   1.5312e+12
      96.774   1.5445e+12
       98.79   1.5584e+12
      100.81   1.5713e+12
      102.82   1.5854e+12
      104.84   1.5995e+12
      106.85   1.6121e+12
      108.87   1.6252e+12
      110.89   1.6374e+12
       112.9   1.6506e+12
      114.92   1.6614e+12
      116.94   1.6732e+12
      118.95   1.6859e+12
      120.97   1.6978e+12
      122.98   1.7089e+12
         125   1.7203e+12
      127.02   1.7322e+12
      129.03   1.7421e+12
      131.05   1.7548e+12
      133.06   1.7669e+12
      135.08   1.7786e+12
       137.1   1.7896e+12
      139.11   1.7995e+12
      141.13   1.8114e+12
      143.15   1.8221e+12
      145.16   1.8319e+12
      147.18   1.8423e+12
      149.19   1.8547e+12
      151.21   1.8678e+12
      153.23   1.8784e+12
      155.24   1.8887e+12
      157.26   1.9001e+12
      159.27   1.9102e+12
      161.29   1.9199e+12
      163.31   1.9309e+12
      165.32   1.9422e+12
      167.34   1.9546e+12
      169.35   1.9678e+12
      171.37   1.9813e+12
      173.39   1.9944e+12
       175.4   2.0076e+12
      177.42   2.0195e+12
      179.44   2.0306e+12
      181.45   2.0414e+12
      183.47   2.0524e+12
      185.48   2.0623e+12
       187.5   2.0717e+12
      189.52   2.0813e+12
      191.53   2.0903e+12
      193.55    2.098e+12
      195.56   2.1064e+12
      197.58   2.1152e+12
       199.6   2.1223e+12
      201.61   2.1299e+12
      203.63   2.1376e+12
      205.65   2.1448e+12
      207.66   2.1526e+12
      209.68   2.1598e+12
      211.69   2.1661e+12
      213.71   2.1732e+12
      215.73   2.1809e+12
      217.74   2.1885e+12
      219.76   2.1967e+12
      221.77   2.2054e+12
      223.79   2.2151e+12
      225.81   2.2228e+12
      227.82   2.2295e+12
      229.84   2.2361e+12
      231.85   2.2428e+12
      233.87   2.2486e+12
      235.89   2.2552e+12
       237.9   2.2618e+12
      239.92   2.2683e+12
      241.94   2.2735e+12
      243.95   2.2795e+12
      245.97   2.2854e+12
      247.98   2.2931e+12
         250            0
