           0            0
      2.0161   3.4254e+10
      4.0323   8.2809e+10
      6.0484   1.3703e+11
      8.0645    1.875e+11
      10.081   2.4087e+11
      12.097    2.928e+11
      14.113   3.4314e+11
      16.129   3.9684e+11
      18.145   4.4869e+11
      20.161   4.9894e+11
      22.177   5.4822e+11
      24.194   5.9787e+11
       26.21   6.4437e+11
      28.226   6.8997e+11
      30.242   7.3435e+11
      32.258   7.7896e+11
      34.274   8.1829e+11
       36.29   8.5654e+11
      38.306   8.9157e+11
      40.323   9.2695e+11
      42.339   9.6161e+11
      44.355   9.9399e+11
      46.371   1.0282e+12
      48.387     1.06e+12
      50.403   1.0929e+12
      52.419   1.1255e+12
      54.435   1.1566e+12
      56.452   1.1908e+12
      58.468   1.2244e+12
      60.484   1.2577e+12
        62.5   1.2905e+12
      64.516   1.3225e+12
      66.532   1.3542e+12
      68.548    1.385e+12
      70.565   1.4144e+12
      72.581   1.4412e+12
      74.597   1.4686e+12
      76.613   1.4972e+12
      78.629   1.5232e+12
      80.645   1.5489e+12
      82.661   1.5749e+12
      84.677   1.5991e+12
      86.694   1.6256e+12
       88.71   1.6491e+12
      90.726   1.6718e+12
      92.742   1.6933e+12
      94.758   1.7144e+12
      96.774   1.7338e+12
       98.79    1.752e+12
      100.81   1.7712e+12
      102.82   1.7893e+12
      104.84   1.8053e+12
      106.85   1.8212e+12
      108.87   1.8368e+12
      110.89   1.8545e+12
       112.9   1.8702e+12
      114.92    1.886e+12
      116.94   1.9032e+12
      118.95   1.9189e+12
      120.97   1.9363e+12
      122.98   1.9518e+12
         125   1.9672e+12
      127.02    1.983e+12
      129.03   1.9974e+12
      131.05   2.0112e+12
      133.06   2.0246e+12
      135.08   2.0407e+12
       137.1   2.0547e+12
      139.11   2.0672e+12
      141.13   2.0799e+12
      143.15   2.0918e+12
      145.16   2.1043e+12
      147.18   2.1153e+12
      149.19   2.1275e+12
      151.21   2.1406e+12
      153.23   2.1538e+12
      155.24   2.1647e+12
      157.26   2.1752e+12
      159.27   2.1859e+12
      161.29   2.1955e+12
      163.31   2.2063e+12
      165.32   2.2159e+12
      167.34    2.226e+12
      169.35    2.238e+12
      171.37    2.249e+12
      173.39    2.259e+12
       175.4   2.2686e+12
      177.42   2.2776e+12
      179.44   2.2865e+12
      181.45   2.2949e+12
      183.47   2.3042e+12
      185.48    2.314e+12
       187.5    2.322e+12
      189.52   2.3317e+12
      191.53   2.3403e+12
      193.55   2.3496e+12
      195.56   2.3595e+12
      197.58   2.3681e+12
       199.6   2.3771e+12
      201.61   2.3857e+12
      203.63   2.3954e+12
      205.65   2.4038e+12
      207.66   2.4138e+12
      209.68   2.4235e+12
      211.69   2.4332e+12
      213.71    2.442e+12
      215.73    2.451e+12
      217.74   2.4588e+12
      219.76   2.4666e+12
      221.77   2.4741e+12
      223.79   2.4817e+12
      225.81   2.4898e+12
      227.82    2.498e+12
      229.84    2.507e+12
      231.85   2.5152e+12
      233.87   2.5234e+12
      235.89   2.5318e+12
       237.9   2.5393e+12
      239.92   2.5477e+12
      241.94   2.5558e+12
      243.95   2.5647e+12
      245.97   2.5735e+12
      247.98   2.5822e+12
         250            0
