           0            0
      2.0161   3.9158e+10
      4.0323   8.8407e+10
      6.0484   1.6555e+11
      8.0645   2.5316e+11
      10.081   3.4611e+11
      12.097   4.4421e+11
      14.113   5.3837e+11
      16.129   6.3157e+11
      18.145   7.2506e+11
      20.161   8.1112e+11
      22.177   8.9871e+11
      24.194   9.8927e+11
       26.21   1.0783e+12
      28.226   1.1759e+12
      30.242   1.2712e+12
      32.258    1.368e+12
      34.274   1.4593e+12
       36.29   1.5475e+12
      38.306   1.6317e+12
      40.323   1.7152e+12
      42.339   1.7923e+12
      44.355   1.8657e+12
      46.371   1.9358e+12
      48.387   2.0008e+12
      50.403   2.0604e+12
      52.419   2.1202e+12
      54.435    2.179e+12
      56.452   2.2341e+12
      58.468   2.2845e+12
      60.484   2.3365e+12
        62.5   2.3867e+12
      64.516   2.4339e+12
      66.532   2.4828e+12
      68.548   2.5293e+12
      70.565   2.5738e+12
      72.581   2.6183e+12
      74.597    2.662e+12
      76.613   2.7045e+12
      78.629   2.7429e+12
      80.645    2.781e+12
      82.661    2.819e+12
      84.677   2.8569e+12
      86.694   2.8975e+12
       88.71   2.9388e+12
      90.726   2.9766e+12
      92.742   3.0107e+12
      94.758   3.0451e+12
      96.774   3.0803e+12
       98.79   3.1149e+12
      100.81   3.1479e+12
      102.82   3.1815e+12
      104.84   3.2136e+12
      106.85    3.246e+12
      108.87   3.2779e+12
      110.89    3.311e+12
       112.9   3.3425e+12
      114.92    3.371e+12
      116.94   3.4018e+12
      118.95   3.4319e+12
      120.97   3.4633e+12
      122.98   3.4926e+12
         125   3.5204e+12
      127.02   3.5474e+12
      129.03   3.5758e+12
      131.05   3.6037e+12
      133.06   3.6307e+12
      135.08   3.6558e+12
       137.1   3.6817e+12
      139.11   3.7098e+12
      141.13   3.7347e+12
      143.15   3.7583e+12
      145.16    3.783e+12
      147.18   3.8072e+12
      149.19   3.8303e+12
      151.21   3.8541e+12
      153.23   3.8773e+12
      155.24   3.9003e+12
      157.26   3.9229e+12
      159.27   3.9461e+12
      161.29   3.9704e+12
      163.31   3.9955e+12
      165.32   4.0191e+12
      167.34   4.0419e+12
      169.35   4.0652e+12
      171.37   4.0898e+12
      173.39    4.115e+12
       175.4   4.1423e+12
      177.42   4.1698e+12
      179.44    4.195e+12
      181.45   4.2201e+12
      183.47   4.2461e+12
      185.48    4.273e+12
       187.5   4.2995e+12
      189.52   4.3229e+12
      191.53   4.3473e+12
      193.55   4.3708e+12
      195.56   4.3949e+12
      197.58   4.4196e+12
       199.6   4.4464e+12
      201.61   4.4721e+12
      203.63   4.4957e+12
      205.65   4.5198e+12
      207.66   4.5429e+12
      209.68   4.5676e+12
      211.69   4.5899e+12
      213.71   4.6141e+12
      215.73   4.6387e+12
      217.74   4.6627e+12
      219.76    4.687e+12
      221.77   4.7091e+12
      223.79   4.7326e+12
      225.81   4.7563e+12
      227.82   4.7796e+12
      229.84   4.8032e+12
      231.85   4.8263e+12
      233.87    4.849e+12
      235.89   4.8738e+12
       237.9   4.8961e+12
      239.92   4.9178e+12
      241.94   4.9373e+12
      243.95   4.9587e+12
      245.97   4.9776e+12
      247.98   4.9978e+12
         250            0
