           0            0
      2.0161   2.4322e+10
      4.0323   5.2278e+10
      6.0484   7.7525e+10
      8.0645   1.0147e+11
      10.081   1.2617e+11
      12.097   1.5214e+11
      14.113   1.7807e+11
      16.129   2.0314e+11
      18.145   2.2787e+11
      20.161   2.5157e+11
      22.177   2.7414e+11
      24.194   2.9599e+11
       26.21   3.1577e+11
      28.226   3.3447e+11
      30.242   3.5439e+11
      32.258   3.7184e+11
      34.274   3.8814e+11
       36.29   4.0221e+11
      38.306   4.1689e+11
      40.323   4.3101e+11
      42.339   4.4494e+11
      44.355   4.5605e+11
      46.371   4.6589e+11
      48.387   4.7633e+11
      50.403   4.8481e+11
      52.419   4.9278e+11
      54.435   5.0159e+11
      56.452   5.1098e+11
      58.468   5.1987e+11
      60.484   5.2672e+11
        62.5   5.3392e+11
      64.516   5.4101e+11
      66.532     5.47e+11
      68.548   5.5373e+11
      70.565   5.5882e+11
      72.581   5.6393e+11
      74.597   5.6921e+11
      76.613   5.7337e+11
      78.629   5.7821e+11
      80.645   5.8314e+11
      82.661   5.8727e+11
      84.677   5.9262e+11
      86.694   5.9682e+11
       88.71   6.0166e+11
      90.726   6.0677e+11
      92.742   6.1177e+11
      94.758   6.1596e+11
      96.774   6.1928e+11
       98.79   6.2382e+11
      100.81   6.2728e+11
      102.82   6.3096e+11
      104.84   6.3468e+11
      106.85    6.381e+11
      108.87   6.4127e+11
      110.89   6.4441e+11
       112.9   6.4792e+11
      114.92   6.5096e+11
      116.94   6.5435e+11
      118.95   6.5862e+11
      120.97    6.621e+11
      122.98   6.6525e+11
         125   6.6876e+11
      127.02   6.7254e+11
      129.03   6.7676e+11
      131.05   6.8111e+11
      133.06   6.8498e+11
      135.08   6.8888e+11
       137.1   6.9228e+11
      139.11   6.9613e+11
      141.13   6.9969e+11
      143.15   7.0294e+11
      145.16   7.0521e+11
      147.18    7.081e+11
      149.19   7.1037e+11
      151.21    7.122e+11
      153.23   7.1444e+11
      155.24   7.1719e+11
      157.26   7.2005e+11
      159.27   7.2312e+11
      161.29   7.2567e+11
      163.31   7.2841e+11
      165.32   7.3401e+11
      167.34   7.3903e+11
      169.35   7.4217e+11
      171.37   7.4555e+11
      173.39   7.4924e+11
       175.4   7.5288e+11
      177.42   7.5591e+11
      179.44   7.5843e+11
      181.45   7.6105e+11
      183.47   7.6427e+11
      185.48   7.6736e+11
       187.5   7.6959e+11
      189.52    7.727e+11
      191.53   7.7578e+11
      193.55   7.7859e+11
      195.56   7.8168e+11
      197.58   7.8434e+11
       199.6    7.873e+11
      201.61   7.9055e+11
      203.63   7.9329e+11
      205.65   7.9586e+11
      207.66   7.9879e+11
      209.68   8.0117e+11
      211.69   8.0441e+11
      213.71   8.0781e+11
      215.73   8.1015e+11
      217.74   8.1263e+11
      219.76   8.1476e+11
      221.77   8.1718e+11
      223.79   8.1949e+11
      225.81   8.2245e+11
      227.82   8.2493e+11
      229.84   8.2834e+11
      231.85    8.312e+11
      233.87   8.3427e+11
      235.89   8.3693e+11
       237.9   8.3988e+11
      239.92   8.4234e+11
      241.94   8.4559e+11
      243.95   8.4831e+11
      245.97   8.5167e+11
      247.98   8.5622e+11
         250            0
