           0            0
      2.0161   2.7056e+10
      4.0323   6.9217e+10
      6.0484   1.0372e+11
      8.0645   1.3424e+11
      10.081   1.6374e+11
      12.097   1.9262e+11
      14.113   2.2248e+11
      16.129   2.4963e+11
      18.145   2.7637e+11
      20.161   3.0345e+11
      22.177   3.2725e+11
      24.194   3.5131e+11
       26.21   3.7217e+11
      28.226   3.9437e+11
      30.242   4.1488e+11
      32.258   4.3284e+11
      34.274   4.4974e+11
       36.29    4.657e+11
      38.306   4.8088e+11
      40.323   4.9654e+11
      42.339   5.1157e+11
      44.355   5.2548e+11
      46.371   5.3945e+11
      48.387   5.5134e+11
      50.403   5.6259e+11
      52.419   5.7438e+11
      54.435   5.8519e+11
      56.452   5.9586e+11
      58.468   6.0706e+11
      60.484   6.1691e+11
        62.5   6.2737e+11
      64.516   6.3752e+11
      66.532   6.4768e+11
      68.548   6.5741e+11
      70.565   6.6646e+11
      72.581    6.756e+11
      74.597   6.8297e+11
      76.613   6.9084e+11
      78.629   6.9909e+11
      80.645    7.077e+11
      82.661   7.1534e+11
      84.677   7.2351e+11
      86.694   7.3006e+11
       88.71   7.3649e+11
      90.726    7.435e+11
      92.742   7.4971e+11
      94.758   7.5768e+11
      96.774   7.6438e+11
       98.79   7.7299e+11
      100.81   7.8079e+11
      102.82    7.882e+11
      104.84    7.968e+11
      106.85   8.0645e+11
      108.87   8.1758e+11
      110.89   8.2745e+11
       112.9   8.3809e+11
      114.92    8.474e+11
      116.94   8.5608e+11
      118.95   8.6329e+11
      120.97   8.7003e+11
      122.98   8.7819e+11
         125    8.851e+11
      127.02    8.927e+11
      129.03   8.9885e+11
      131.05   9.0481e+11
      133.06   9.1052e+11
      135.08   9.1667e+11
       137.1   9.2237e+11
      139.11   9.2796e+11
      141.13   9.3328e+11
      143.15   9.3929e+11
      145.16   9.4442e+11
      147.18   9.4903e+11
      149.19   9.5479e+11
      151.21   9.6058e+11
      153.23   9.6546e+11
      155.24   9.6968e+11
      157.26   9.7442e+11
      159.27   9.7928e+11
      161.29   9.8532e+11
      163.31   9.9074e+11
      165.32   9.9482e+11
      167.34   9.9923e+11
      169.35   1.0037e+12
      171.37   1.0077e+12
      173.39   1.0119e+12
       175.4    1.016e+12
      177.42   1.0209e+12
      179.44   1.0248e+12
      181.45     1.03e+12
      183.47   1.0338e+12
      185.48   1.0387e+12
       187.5   1.0433e+12
      189.52   1.0473e+12
      191.53   1.0523e+12
      193.55   1.0571e+12
      195.56   1.0613e+12
      197.58   1.0657e+12
       199.6   1.0709e+12
      201.61   1.0757e+12
      203.63   1.0794e+12
      205.65   1.0827e+12
      207.66   1.0865e+12
      209.68   1.0901e+12
      211.69    1.094e+12
      213.71   1.0977e+12
      215.73   1.1013e+12
      217.74   1.1047e+12
      219.76   1.1074e+12
      221.77   1.1103e+12
      223.79   1.1135e+12
      225.81   1.1165e+12
      227.82   1.1193e+12
      229.84   1.1222e+12
      231.85    1.125e+12
      233.87   1.1276e+12
      235.89   1.1303e+12
       237.9   1.1333e+12
      239.92    1.137e+12
      241.94   1.1399e+12
      243.95   1.1433e+12
      245.97   1.1461e+12
      247.98   1.1489e+12
         250            0
