           0            0
      2.0161   1.9926e+10
      4.0323   4.6975e+10
      6.0484   7.0192e+10
      8.0645   8.9613e+10
      10.081   1.0664e+11
      12.097   1.2298e+11
      14.113   1.3894e+11
      16.129   1.5359e+11
      18.145   1.6845e+11
      20.161   1.8306e+11
      22.177   1.9703e+11
      24.194   2.0991e+11
       26.21   2.2215e+11
      28.226   2.3398e+11
      30.242     2.45e+11
      32.258   2.5708e+11
      34.274   2.6755e+11
       36.29   2.7757e+11
      38.306   2.8929e+11
      40.323   2.9841e+11
      42.339   3.0641e+11
      44.355   3.1584e+11
      46.371   3.2425e+11
      48.387   3.3263e+11
      50.403   3.4077e+11
      52.419   3.4821e+11
      54.435   3.5415e+11
      56.452   3.6093e+11
      58.468   3.6723e+11
      60.484   3.7323e+11
        62.5   3.7951e+11
      64.516   3.8499e+11
      66.532   3.9013e+11
      68.548   3.9596e+11
      70.565   4.0148e+11
      72.581   4.0644e+11
      74.597   4.1083e+11
      76.613   4.1476e+11
      78.629    4.189e+11
      80.645   4.2279e+11
      82.661   4.2731e+11
      84.677   4.3113e+11
      86.694   4.3426e+11
       88.71   4.3754e+11
      90.726   4.4135e+11
      92.742   4.4508e+11
      94.758   4.4838e+11
      96.774   4.5212e+11
       98.79    4.564e+11
      100.81   4.5993e+11
      102.82   4.6494e+11
      104.84   4.6941e+11
      106.85   4.7348e+11
      108.87   4.7678e+11
      110.89   4.8097e+11
       112.9   4.8386e+11
      114.92   4.8725e+11
      116.94   4.9014e+11
      118.95   4.9285e+11
      120.97   4.9516e+11
      122.98   4.9751e+11
         125   5.0023e+11
      127.02   5.0288e+11
      129.03   5.0469e+11
      131.05   5.0642e+11
      133.06   5.0835e+11
      135.08   5.1027e+11
       137.1   5.1279e+11
      139.11   5.1473e+11
      141.13   5.1693e+11
      143.15   5.1947e+11
      145.16   5.2264e+11
      147.18   5.2479e+11
      149.19   5.2743e+11
      151.21   5.2954e+11
      153.23   5.3105e+11
      155.24   5.3248e+11
      157.26   5.3424e+11
      159.27   5.3643e+11
      161.29   5.3838e+11
      163.31   5.3952e+11
      165.32   5.4084e+11
      167.34   5.4187e+11
      169.35   5.4313e+11
      171.37   5.4443e+11
      173.39   5.4534e+11
       175.4   5.4633e+11
      177.42   5.4805e+11
      179.44   5.4928e+11
      181.45   5.5001e+11
      183.47   5.5117e+11
      185.48   5.5229e+11
       187.5   5.5385e+11
      189.52   5.5514e+11
      191.53    5.565e+11
      193.55   5.5772e+11
      195.56   5.5937e+11
      197.58   5.6066e+11
       199.6   5.6186e+11
      201.61   5.6344e+11
      203.63   5.6484e+11
      205.65   5.6595e+11
      207.66   5.6703e+11
      209.68   5.6797e+11
      211.69   5.7017e+11
      213.71   5.7126e+11
      215.73   5.7233e+11
      217.74   5.7353e+11
      219.76   5.7451e+11
      221.77   5.7511e+11
      223.79   5.7591e+11
      225.81   5.7664e+11
      227.82   5.7723e+11
      229.84   5.7797e+11
      231.85   5.7878e+11
      233.87   5.7945e+11
      235.89      5.8e+11
       237.9   5.8064e+11
      239.92   5.8109e+11
      241.94   5.8158e+11
      243.95     5.82e+11
      245.97   5.8227e+11
      247.98   5.8252e+11
         250            0
