     2.016  1.952e+09
     4.032  9.391e+08
     6.048   5.81e+08
     8.065  3.758e+08
     10.08   3.12e+08
      12.1  2.559e+08
     14.11  2.119e+08
     16.13  1.727e+08
     18.14  1.435e+08
     20.16  1.189e+08
     22.18  1.014e+08
     24.19  9.213e+07
     26.21  8.098e+07
     28.23  8.049e+07
     30.24  7.332e+07
     32.26  6.727e+07
     34.27   5.75e+07
     36.29  5.001e+07
     38.31  4.735e+07
     40.32  4.969e+07
     42.34  4.621e+07
     44.35  4.524e+07
     46.37  4.125e+07
     48.39  4.311e+07
      50.4  3.649e+07
     52.42  3.048e+07
     54.44  2.663e+07
     56.45  2.128e+07
     58.47  2.116e+07
     60.48  1.999e+07
      62.5  1.991e+07
     64.52  1.688e+07
     66.53  1.608e+07
     68.55  1.551e+07
     70.56  1.441e+07
     72.58  1.353e+07
      74.6  1.368e+07
     76.61  1.353e+07
     78.63  1.315e+07
     80.64  1.081e+07
     82.66  1.239e+07
     84.68  1.073e+07
     86.69  1.113e+07
     88.71  1.048e+07
     90.73  8.852e+06
     92.74  8.881e+06
     94.76  8.421e+06
     96.77  8.656e+06
     98.79  9.608e+06
     100.8  9.316e+06
     102.8  8.321e+06
     104.8  8.651e+06
     106.8  8.005e+06
     108.9  7.378e+06
     110.9  6.955e+06
     112.9  7.006e+06
     114.9  6.917e+06
     116.9  6.185e+06
       119  6.915e+06
       121  6.831e+06
       123  6.427e+06
       125  5.783e+06
       127   6.19e+06
       129  5.999e+06
     131.1  5.635e+06
     133.1  5.337e+06
     135.1   5.23e+06
     137.1  5.153e+06
     139.1  5.332e+06
     141.1  4.667e+06
     143.2  4.379e+06
     145.2  4.065e+06
     147.2  3.989e+06
     149.2  4.275e+06
     151.2  3.515e+06
     153.2  3.623e+06
     155.2  3.799e+06
     157.3  3.378e+06
     159.3  3.152e+06
     161.3  3.146e+06
     163.3  2.767e+06
     165.3   2.94e+06
     167.3  3.363e+06
     169.3  2.916e+06
     171.4  3.099e+06
     173.4  3.245e+06
     175.4  2.815e+06
     177.4   2.68e+06
     179.4  2.429e+06
     181.4   2.94e+06
     183.5  2.893e+06
     185.5   3.09e+06
     187.5  3.295e+06
     189.5  2.884e+06
     191.5  2.618e+06
     193.6  3.233e+06
     195.6  2.727e+06
     197.6  2.325e+06
     199.6  2.182e+06
     201.6  1.895e+06
     203.6  2.683e+06
     205.7  2.349e+06
     207.7  2.184e+06
     209.7  2.039e+06
     211.7  1.917e+06
     213.7  2.037e+06
     215.7  2.055e+06
     217.7  2.119e+06
     219.8  2.197e+06
     221.8  2.331e+06
     223.8   2.44e+06
     225.8  2.208e+06
     227.8  1.815e+06
     229.8   1.79e+06
     231.8  1.784e+06
     233.9  1.624e+06
     235.9  1.644e+06
     237.9  1.504e+06
     239.9  1.781e+06
     241.9  1.472e+06
     243.9  1.532e+06
       246  1.383e+06
       248   1.25e+06
       250 -4.916e+08
