     2.016  2.071e+09
     4.032  7.397e+08
     6.048  6.376e+08
     8.065  5.228e+08
     10.08  4.243e+08
      12.1  3.902e+08
     14.11  3.098e+08
     16.13  3.119e+08
     18.14   2.57e+08
     20.16  2.397e+08
     22.18  2.235e+08
     24.19  2.096e+08
     26.21  1.859e+08
     28.23  1.855e+08
     30.24  1.742e+08
     32.26  1.607e+08
     34.27  1.487e+08
     36.29  1.487e+08
     38.31  1.378e+08
     40.32  1.339e+08
     42.34  1.173e+08
     44.35  1.178e+08
     46.37   1.14e+08
     48.39  1.065e+08
      50.4  9.717e+07
     52.42  9.613e+07
     54.44  9.132e+07
     56.45   8.07e+07
     58.47  7.364e+07
     60.48   7.34e+07
      62.5  6.958e+07
     64.52  6.924e+07
     66.53   6.88e+07
     68.55  6.265e+07
     70.56  6.217e+07
     72.58      6e+07
      74.6  5.611e+07
     76.61  5.503e+07
     78.63  5.604e+07
     80.64  5.234e+07
     82.66  4.883e+07
     84.68  4.812e+07
     86.69  4.862e+07
     88.71  4.366e+07
     90.73  4.496e+07
     92.74  4.303e+07
     94.76  4.067e+07
     96.77  4.114e+07
     98.79  4.053e+07
     100.8  3.932e+07
     102.8  4.005e+07
     104.8  3.893e+07
     106.8  3.942e+07
     108.9  3.806e+07
     110.9  3.843e+07
     112.9  3.595e+07
     114.9  3.472e+07
     116.9  3.616e+07
       119  3.585e+07
       121  2.962e+07
       123  2.954e+07
       125  2.739e+07
       127   2.52e+07
       129   2.61e+07
     131.1  2.575e+07
     133.1  2.506e+07
     135.1  2.468e+07
     137.1  2.478e+07
     139.1  2.471e+07
     141.1  2.362e+07
     143.2  2.472e+07
     145.2  2.428e+07
     147.2  2.205e+07
     149.2  2.169e+07
     151.2  2.198e+07
     153.2  2.262e+07
     155.2   2.11e+07
     157.3  2.163e+07
     159.3  2.031e+07
     161.3  1.952e+07
     163.3  1.854e+07
     165.3  1.822e+07
     167.3  1.686e+07
     169.3  1.693e+07
     171.4   1.54e+07
     173.4  1.613e+07
     175.4  1.453e+07
     177.4  1.577e+07
     179.4  1.528e+07
     181.4  1.523e+07
     183.5  1.572e+07
     185.5  1.425e+07
     187.5   1.47e+07
     189.5  1.434e+07
     191.5  1.521e+07
     193.6  1.359e+07
     195.6  1.359e+07
     197.6  1.407e+07
     199.6  1.313e+07
     201.6  1.307e+07
     203.6  1.198e+07
     205.7  1.167e+07
     207.7  1.226e+07
     209.7  1.012e+07
     211.7  1.154e+07
     213.7  1.119e+07
     215.7  9.577e+06
     217.7   9.28e+06
     219.8  9.581e+06
     221.8  1.026e+07
     223.8  1.015e+07
     225.8  9.638e+06
     227.8   9.88e+06
     229.8  9.434e+06
     231.8  9.673e+06
     233.9  1.012e+07
     235.9  9.493e+06
     237.9  8.824e+06
     239.9  8.574e+06
     241.9  8.503e+06
     243.9  8.702e+06
       246  9.135e+06
       248  8.432e+06
       250 -1.727e+09
