     2.016  3.547e+09
     4.032  5.602e+08
     6.048  5.217e+08
     8.065  4.747e+08
     10.08  4.584e+08
      12.1  4.057e+08
     14.11  3.431e+08
     16.13  3.207e+08
     18.14  2.858e+08
     20.16  2.516e+08
     22.18  2.251e+08
     24.19  2.027e+08
     26.21  1.956e+08
     28.23  1.787e+08
     30.24  1.726e+08
     32.26  1.471e+08
     34.27   1.35e+08
     36.29  1.278e+08
     38.31  1.274e+08
     40.32  1.174e+08
     42.34  1.102e+08
     44.35  1.113e+08
     46.37  1.027e+08
     48.39  9.764e+07
      50.4  9.653e+07
     52.42   9.26e+07
     54.44  8.142e+07
     56.45  7.344e+07
     58.47  7.062e+07
     60.48  6.916e+07
      62.5  6.599e+07
     64.52  6.327e+07
     66.53  6.253e+07
     68.55  6.125e+07
     70.56  5.627e+07
     72.58  5.394e+07
      74.6   5.16e+07
     76.61  4.981e+07
     78.63  4.953e+07
     80.64   4.52e+07
     82.66  4.941e+07
     84.68  4.425e+07
     86.69  4.568e+07
     88.71  4.348e+07
     90.73  4.787e+07
     92.74   4.51e+07
     94.76  4.657e+07
     96.77  4.542e+07
     98.79  4.441e+07
     100.8  3.971e+07
     102.8  3.756e+07
     104.8  3.688e+07
     106.8  3.576e+07
     108.9  3.704e+07
     110.9  3.514e+07
     112.9  3.411e+07
     114.9  3.431e+07
     116.9  3.289e+07
       119   3.35e+07
       121  3.133e+07
       123  2.954e+07
       125  2.796e+07
       127  2.645e+07
       129  2.542e+07
     131.1  2.514e+07
     133.1  2.536e+07
     135.1  2.468e+07
     137.1  2.466e+07
     139.1  2.746e+07
     141.1  2.643e+07
     143.2  2.361e+07
     145.2  2.312e+07
     147.2  2.356e+07
     149.2  2.196e+07
     151.2  2.062e+07
     153.2  2.107e+07
     155.2  2.033e+07
     157.3  2.088e+07
     159.3  2.031e+07
     161.3  1.942e+07
     163.3  1.791e+07
     165.3  2.087e+07
     167.3  1.814e+07
     169.3   1.99e+07
     171.4  1.929e+07
     173.4  1.924e+07
     175.4  1.857e+07
     177.4  1.724e+07
     179.4  1.753e+07
     181.4  1.667e+07
     183.5  1.628e+07
     185.5  1.519e+07
     187.5  1.669e+07
     189.5  1.572e+07
     191.5  1.538e+07
     193.6  1.424e+07
     195.6  1.518e+07
     197.6  1.363e+07
     199.6  1.401e+07
     201.6  1.421e+07
     203.6   1.38e+07
     205.7  1.401e+07
     207.7  1.337e+07
     209.7  1.393e+07
     211.7  1.218e+07
     213.7  1.259e+07
     215.7  1.222e+07
     217.7  1.158e+07
     219.8  1.189e+07
     221.8  1.209e+07
     223.8  1.156e+07
     225.8  1.167e+07
     227.8  1.124e+07
     229.8   1.14e+07
     231.8  1.149e+07
     233.9  1.221e+07
     235.9  1.265e+07
     237.9  1.193e+07
     239.9  1.128e+07
     241.9  1.099e+07
     243.9  9.745e+06
       246  1.055e+07
       248  1.023e+07
       250 -1.757e+09
