     2.016  1.331e+09
     4.032  4.888e+08
     6.048   3.85e+08
     8.065  3.002e+08
     10.08  2.487e+08
      12.1  2.284e+08
     14.11  2.061e+08
     16.13  1.903e+08
     18.14  1.769e+08
     20.16   1.59e+08
     22.18  1.454e+08
     24.19  1.297e+08
     26.21  1.179e+08
     28.23  1.168e+08
     30.24  1.065e+08
     32.26  1.012e+08
     34.27  9.849e+07
     36.29   8.89e+07
     38.31  8.193e+07
     40.32  8.107e+07
     42.34  6.993e+07
     44.35  7.371e+07
     46.37  7.057e+07
     48.39  6.467e+07
      50.4  5.907e+07
     52.42   6.01e+07
     54.44  5.476e+07
     56.45  5.202e+07
     58.47  5.169e+07
     60.48   4.42e+07
      62.5  4.365e+07
     64.52  4.202e+07
     66.53  3.831e+07
     68.55  3.659e+07
     70.56   3.63e+07
     72.58  3.552e+07
      74.6  3.411e+07
     76.61   3.31e+07
     78.63  3.305e+07
     80.64  3.331e+07
     82.66   3.21e+07
     84.68  3.161e+07
     86.69   2.91e+07
     88.71  2.818e+07
     90.73  2.772e+07
     92.74  2.711e+07
     94.76  2.585e+07
     96.77  2.564e+07
     98.79   2.43e+07
     100.8  2.313e+07
     102.8  2.185e+07
     104.8  2.034e+07
     106.8   1.96e+07
     108.9  2.038e+07
     110.9  1.828e+07
     112.9  1.953e+07
     114.9  1.771e+07
     116.9  1.631e+07
       119  1.645e+07
       121  1.629e+07
       123  1.584e+07
       125  1.576e+07
       127  1.413e+07
       129  1.503e+07
     131.1  1.394e+07
     133.1  1.331e+07
     135.1  1.305e+07
     137.1  1.297e+07
     139.1   1.21e+07
     141.1  1.231e+07
     143.2  1.147e+07
     145.2  1.082e+07
     147.2  1.046e+07
     149.2  1.192e+07
     151.2  1.018e+07
     153.2  1.144e+07
     155.2  1.037e+07
     157.3  1.024e+07
     159.3  1.021e+07
     161.3  9.733e+06
     163.3  9.855e+06
     165.3  9.686e+06
     167.3  9.284e+06
     169.3  1.063e+07
     171.4  9.805e+06
     173.4  8.821e+06
     175.4  9.353e+06
     177.4  8.799e+06
     179.4  8.566e+06
     181.4  8.908e+06
     183.5  7.384e+06
     185.5  8.284e+06
     187.5  8.534e+06
     189.5  7.565e+06
     191.5  8.229e+06
     193.6  8.389e+06
     195.6   8.14e+06
     197.6  7.816e+06
     199.6  7.419e+06
     201.6  7.302e+06
     203.6  7.972e+06
     205.7    7.2e+06
     207.7  6.859e+06
     209.7  6.796e+06
     211.7  6.803e+06
     213.7  6.853e+06
     215.7  6.752e+06
     217.7  6.905e+06
     219.8  6.699e+06
     221.8  6.313e+06
     223.8  5.765e+06
     225.8  6.169e+06
     227.8  5.621e+06
     229.8  5.922e+06
     231.8   6.62e+06
     233.9  5.414e+06
     235.9  5.434e+06
     237.9  5.615e+06
     239.9  5.343e+06
     241.9  5.723e+06
     243.9  6.095e+06
       246  5.693e+06
       248   5.29e+06
       250 -1.013e+09
