     2.016  2.682e+09
     4.032  1.267e+09
     6.048  8.492e+08
     8.065  5.646e+08
     10.08  4.643e+08
      12.1  3.697e+08
     14.11  3.033e+08
     16.13  2.804e+08
     18.14  2.389e+08
     20.16  2.071e+08
     22.18  1.838e+08
     24.19   1.69e+08
     26.21  1.457e+08
     28.23  1.323e+08
     30.24  1.198e+08
     32.26  1.127e+08
     34.27  9.334e+07
     36.29  8.559e+07
     38.31  7.415e+07
     40.32  7.101e+07
     42.34   6.62e+07
     44.35  5.897e+07
     46.37  5.954e+07
     48.39  5.299e+07
      50.4  5.258e+07
     52.42  5.006e+07
     54.44  4.595e+07
     56.45  4.867e+07
     58.47  4.616e+07
     60.48   4.42e+07
      62.5  4.211e+07
     64.52  3.978e+07
     66.53  3.819e+07
     68.55    3.6e+07
     70.56  3.335e+07
     72.58  2.956e+07
      74.6  2.939e+07
     76.61  2.986e+07
     78.63  2.644e+07
     80.64  2.548e+07
     82.66  2.514e+07
     84.68  2.283e+07
     86.69   2.44e+07
     88.71  2.115e+07
     90.73  1.997e+07
     92.74   1.85e+07
     94.76  1.777e+07
     96.77  1.599e+07
     98.79  1.469e+07
     100.8  1.516e+07
     102.8  1.408e+07
     104.8  1.214e+07
     106.8  1.189e+07
     108.9   1.14e+07
     110.9  1.269e+07
     112.9  1.111e+07
     114.9  1.093e+07
     116.9  1.169e+07
       119  1.054e+07
       121  1.143e+07
       123  1.006e+07
       125  9.786e+06
       127  9.879e+06
       129  8.906e+06
     131.1  8.361e+06
     133.1  8.035e+06
     135.1  9.462e+06
     137.1  8.105e+06
     139.1  7.167e+06
     141.1  7.141e+06
     143.2  6.596e+06
     145.2  6.866e+06
     147.2  5.929e+06
     149.2  6.519e+06
     151.2  6.872e+06
     153.2  6.832e+06
     155.2  5.596e+06
     157.3  5.295e+06
     159.3  5.353e+06
     161.3  4.719e+06
     163.3  5.243e+06
     165.3  4.626e+06
     167.3  4.784e+06
     169.3  5.644e+06
     171.4  5.087e+06
     173.4  4.571e+06
     175.4  4.359e+06
     177.4   4.02e+06
     179.4   3.93e+06
     181.4  3.686e+06
     183.5  4.016e+06
     185.5  4.206e+06
     187.5   3.38e+06
     189.5  4.054e+06
     191.5  3.574e+06
     193.6  3.806e+06
     195.6  4.029e+06
     197.6  3.447e+06
     199.6  3.571e+06
     201.6  3.395e+06
     203.6  3.772e+06
     205.7  3.234e+06
     207.7  3.832e+06
     209.7  3.663e+06
     211.7  3.646e+06
     213.7   3.26e+06
     215.7  3.302e+06
     217.7   2.85e+06
     219.8  2.809e+06
     221.8   2.69e+06
     223.8  2.688e+06
     225.8  2.839e+06
     227.8  2.863e+06
     229.8  3.099e+06
     231.8  2.813e+06
     233.9  2.775e+06
     235.9  2.818e+06
     237.9  2.507e+06
     239.9   2.77e+06
     241.9  2.649e+06
     243.9  2.901e+06
       246   2.83e+06
       248  2.789e+06
       250 -8.171e+08
