     2.016  2.387e+09
     4.032  1.068e+09
     6.048  6.036e+08
     8.065  4.016e+08
     10.08  3.157e+08
      12.1  2.517e+08
     14.11   1.97e+08
     16.13  1.507e+08
     18.14  1.228e+08
     20.16  9.888e+07
     22.18  7.899e+07
     24.19  5.898e+07
     26.21  5.297e+07
     28.23  4.841e+07
     30.24  3.621e+07
     32.26  3.335e+07
     34.27  2.767e+07
     36.29  2.452e+07
     38.31  2.186e+07
     40.32  2.228e+07
     42.34  1.969e+07
     44.35  1.705e+07
     46.37  1.852e+07
     48.39  1.683e+07
      50.4  1.424e+07
     52.42   1.49e+07
     54.44  1.615e+07
     56.45  1.396e+07
     58.47  1.407e+07
     60.48  1.128e+07
      62.5  1.037e+07
     64.52  9.907e+06
     66.53  1.036e+07
     68.55   1.04e+07
     70.56  9.858e+06
     72.58  9.784e+06
      74.6  8.775e+06
     76.61  7.967e+06
     78.63  7.414e+06
     80.64  8.238e+06
     82.66  7.512e+06
     84.68  7.341e+06
     86.69  6.437e+06
     88.71  5.689e+06
     90.73  5.394e+06
     92.74   5.74e+06
     94.76  5.221e+06
     96.77  5.144e+06
     98.79  4.876e+06
     100.8  5.921e+06
     102.8  4.915e+06
     104.8  5.244e+06
     106.8  4.848e+06
     108.9  5.172e+06
     110.9  5.077e+06
     112.9  5.081e+06
     114.9  4.399e+06
     116.9   5.09e+06
       119  4.505e+06
       121  4.302e+06
       123  4.401e+06
       125  4.327e+06
       127  3.789e+06
       129   4.49e+06
     131.1   3.92e+06
     133.1  3.592e+06
     135.1  3.021e+06
     137.1  3.173e+06
     139.1  2.769e+06
     141.1  3.301e+06
     143.2  2.899e+06
     145.2  3.021e+06
     147.2  3.342e+06
     149.2  2.928e+06
     151.2  3.226e+06
     153.2  2.443e+06
     155.2  3.075e+06
     157.3  2.662e+06
     159.3  2.727e+06
     161.3  2.522e+06
     163.3  2.534e+06
     165.3  2.337e+06
     167.3  2.596e+06
     169.3  2.596e+06
     171.4  2.312e+06
     173.4  2.422e+06
     175.4  1.889e+06
     177.4  1.854e+06
     179.4  1.961e+06
     181.4  2.005e+06
     183.5  2.012e+06
     185.5  1.798e+06
     187.5  1.758e+06
     189.5  1.793e+06
     191.5  1.974e+06
     193.6  1.719e+06
     195.6  1.921e+06
     197.6  2.309e+06
     199.6  2.309e+06
     201.6  1.835e+06
     203.6   1.75e+06
     205.7  1.694e+06
     207.7  1.686e+06
     209.7  1.586e+06
     211.7  1.691e+06
     213.7  1.445e+06
     215.7  1.578e+06
     217.7  1.534e+06
     219.8  1.585e+06
     221.8  1.399e+06
     223.8  1.344e+06
     225.8  1.297e+06
     227.8  1.292e+06
     229.8   1.79e+06
     231.8  1.441e+06
     233.9  1.252e+06
     235.9  1.241e+06
     237.9  1.003e+06
     239.9  1.088e+06
     241.9  1.145e+06
     243.9  1.076e+06
       246  1.029e+06
       248  9.618e+05
       250 -3.452e+08
