     2.016  1.905e+09
     4.032  7.297e+08
     6.048  3.954e+08
     8.065  2.679e+08
     10.08  2.149e+08
      12.1  1.849e+08
     14.11  1.562e+08
     16.13  1.309e+08
     18.14  1.139e+08
     20.16  9.769e+07
     22.18  8.417e+07
     24.19  7.436e+07
     26.21  6.196e+07
     28.23  5.424e+07
     30.24  5.379e+07
     32.26  4.408e+07
     34.27  3.868e+07
     36.29  3.148e+07
     38.31  3.107e+07
     40.32  2.834e+07
     42.34  2.661e+07
     44.35  2.023e+07
     46.37  1.712e+07
     48.39   1.74e+07
      50.4  1.355e+07
     52.42  1.224e+07
     54.44  1.302e+07
     56.45  1.336e+07
     58.47  1.221e+07
     60.48  9.092e+06
      62.5  9.244e+06
     64.52  8.813e+06
     66.53  7.217e+06
     68.55  7.867e+06
     70.56  5.774e+06
     72.58  5.636e+06
      74.6  5.664e+06
     76.61  4.344e+06
     78.63  4.923e+06
     80.64  4.887e+06
     82.66  3.993e+06
     84.68  5.048e+06
     86.69  3.868e+06
     88.71  4.357e+06
     90.73  4.496e+06
     92.74  4.303e+06
     94.76  3.528e+06
     96.77  2.737e+06
     98.79  3.665e+06
     100.8  2.732e+06
     102.8  2.862e+06
     104.8  2.823e+06
     106.8  2.558e+06
     108.9  2.316e+06
     110.9  2.252e+06
     112.9  2.484e+06
     114.9  2.103e+06
     116.9  2.304e+06
       119  2.867e+06
       121  2.286e+06
       123  2.045e+06
       125   2.23e+06
       127  2.363e+06
       129   2.61e+06
     131.1  2.636e+06
     133.1   2.32e+06
     135.1  2.292e+06
     137.1  1.968e+06
     139.1  2.207e+06
     141.1  2.002e+06
     143.2  1.802e+06
     145.2  1.247e+06
     147.2  1.558e+06
     149.2  1.213e+06
     151.2    9.6e+05
     153.2  1.159e+06
     155.2  1.412e+06
     157.3  1.442e+06
     159.3  1.536e+06
     161.3  1.254e+06
     163.3   1.33e+06
     165.3  2.699e+06
     167.3  2.378e+06
     169.3  1.477e+06
     171.4  1.563e+06
     173.4  1.687e+06
     175.4  1.653e+06
     177.4  1.353e+06
     179.4  1.113e+06
     181.4   1.15e+06
     183.5   1.39e+06
     185.5  1.326e+06
     187.5  9.421e+05
     189.5    1.3e+06
     191.5   1.28e+06
     193.6   1.15e+06
     195.6  1.258e+06
     197.6  1.066e+06
     199.6  1.174e+06
     201.6  1.283e+06
     203.6  1.065e+06
     205.7  9.895e+05
     207.7  1.123e+06
     209.7  8.986e+05
     211.7  1.218e+06
     213.7  1.259e+06
     215.7  8.586e+05
     217.7   9.06e+05
     219.8  7.672e+05
     221.8   8.68e+05
     223.8   8.17e+05
     225.8  1.037e+06
     227.8  8.658e+05
     229.8  1.174e+06
     231.8   9.81e+05
     233.9  1.039e+06
     235.9  8.923e+05
     237.9   9.86e+05
     239.9  8.113e+05
     241.9  1.063e+06
     243.9  8.865e+05
       246  1.081e+06
       248  1.459e+06
       250 -2.709e+08
