     2.016  2.436e+09
     4.032  9.706e+08
     6.048  8.204e+08
     8.065  7.532e+08
     10.08  5.818e+08
      12.1  5.295e+08
     14.11  4.175e+08
     16.13  3.709e+08
     18.14  3.112e+08
     20.16  2.797e+08
     22.18  2.568e+08
     24.19  2.205e+08
     26.21  1.994e+08
     28.23  1.881e+08
     30.24   1.72e+08
     32.26  1.545e+08
     34.27  1.331e+08
     36.29  1.273e+08
     38.31  1.217e+08
     40.32  1.098e+08
     42.34  9.761e+07
     44.35  9.161e+07
     46.37  8.475e+07
     48.39  8.015e+07
      50.4  7.528e+07
     52.42  6.925e+07
     54.44  6.649e+07
     56.45  6.347e+07
     58.47  5.908e+07
     60.48  5.575e+07
      62.5  5.238e+07
     64.52  4.935e+07
     66.53  4.819e+07
     68.55  4.547e+07
     70.56  4.231e+07
     72.58  4.368e+07
      74.6  3.884e+07
     76.61  3.863e+07
     78.63  3.834e+07
     80.64    3.4e+07
     82.66  3.732e+07
     84.68  3.416e+07
     86.69  3.472e+07
     88.71  3.178e+07
     90.73  2.965e+07
     92.74  2.986e+07
     94.76   2.93e+07
     96.77  2.745e+07
     98.79  2.471e+07
     100.8  2.518e+07
     102.8  2.403e+07
     104.8  2.216e+07
     106.8  2.289e+07
     108.9  2.301e+07
     110.9   2.18e+07
     112.9  2.314e+07
     114.9  2.262e+07
     116.9  2.304e+07
       119  2.383e+07
       121   2.41e+07
       123  2.525e+07
       125  2.224e+07
       127  2.445e+07
       129   2.48e+07
     131.1  2.224e+07
     133.1   2.53e+07
     135.1  2.427e+07
     137.1  2.356e+07
     139.1  2.293e+07
     141.1  1.867e+07
     143.2  1.968e+07
     145.2  1.884e+07
     147.2  1.838e+07
     149.2  1.624e+07
     151.2   1.61e+07
     153.2  1.672e+07
     155.2  1.514e+07
     157.3  1.528e+07
     159.3  1.521e+07
     161.3   1.44e+07
     163.3  1.325e+07
     165.3  1.253e+07
     167.3  1.194e+07
     169.3  1.166e+07
     171.4  1.115e+07
     173.4  1.019e+07
     175.4  1.103e+07
     177.4  9.022e+06
     179.4  9.715e+06
     181.4  9.917e+06
     183.5  9.932e+06
     185.5    9.1e+06
     187.5  8.788e+06
     189.5  8.819e+06
     191.5   8.52e+06
     193.6   8.88e+06
     195.6  8.587e+06
     197.6  9.139e+06
     199.6  8.728e+06
     201.6  8.328e+06
     203.6  7.544e+06
     205.7  8.008e+06
     207.7  6.935e+06
     209.7  6.532e+06
     211.7  6.389e+06
     213.7  6.668e+06
     215.7  6.642e+06
     217.7  6.247e+06
     219.8  6.231e+06
     221.8  6.241e+06
     223.8  5.871e+06
     225.8  6.134e+06
     227.8  6.109e+06
     229.8  5.853e+06
     231.8  5.728e+06
     233.9  5.245e+06
     235.9  5.267e+06
     237.9  5.682e+06
     239.9  5.441e+06
     241.9  6.312e+06
     243.9   6.16e+06
       246  5.886e+06
       248  5.931e+06
       250  -1.36e+09
