     2.016  3.394e+09
     4.032  1.714e+09
     6.048  1.198e+09
     8.065  8.804e+08
     10.08  6.515e+08
      12.1  5.507e+08
     14.11   4.33e+08
     16.13  3.634e+08
     18.14  2.999e+08
     20.16  2.421e+08
     22.18  2.278e+08
     24.19  1.865e+08
     26.21  1.616e+08
     28.23   1.42e+08
     30.24  1.282e+08
     32.26  1.214e+08
     34.27  1.149e+08
     36.29  1.096e+08
     38.31  9.228e+07
     40.32  8.088e+07
     42.34  7.258e+07
     44.35  6.629e+07
     46.37  5.987e+07
     48.39  4.882e+07
      50.4  5.146e+07
     52.42  4.637e+07
     54.44  4.123e+07
     56.45  4.013e+07
     58.47  3.806e+07
     60.48   3.77e+07
      62.5   3.71e+07
     64.52  3.381e+07
     66.53  3.482e+07
     68.55  3.436e+07
     70.56  3.313e+07
     72.58  3.088e+07
      74.6  3.068e+07
     76.61  3.049e+07
     78.63  3.061e+07
     80.64  2.617e+07
     82.66  2.388e+07
     84.68  2.406e+07
     86.69  2.247e+07
     88.71  2.232e+07
     90.73  2.103e+07
     92.74  2.005e+07
     94.76  1.945e+07
     96.77  1.789e+07
     98.79  1.687e+07
     100.8  1.713e+07
     102.8  1.509e+07
     104.8  1.366e+07
     106.8  1.354e+07
     108.9  1.322e+07
     110.9  1.348e+07
     112.9  1.196e+07
     114.9  1.107e+07
     116.9  1.169e+07
       119  1.074e+07
       121  9.655e+06
       123  1.006e+07
       125  8.642e+06
       127  8.816e+06
       129  7.174e+06
     131.1  7.634e+06
     133.1  6.896e+06
     135.1  7.405e+06
     137.1  7.121e+06
     139.1  6.708e+06
     141.1  7.141e+06
     143.2  6.596e+06
     145.2  6.976e+06
     147.2  5.282e+06
     149.2  5.343e+06
     151.2  5.403e+06
     153.2  4.451e+06
     155.2  4.004e+06
     157.3  4.538e+06
     159.3  3.952e+06
     161.3  3.392e+06
     163.3  3.689e+06
     165.3  3.132e+06
     167.3  3.174e+06
     169.3  3.528e+06
     171.4  2.867e+06
     173.4  2.925e+06
     175.4  3.133e+06
     177.4  2.635e+06
     179.4  2.782e+06
     181.4  2.765e+06
     183.5  2.461e+06
     185.5  2.919e+06
     187.5  2.324e+06
     189.5  2.341e+06
     191.5  2.369e+06
     193.6  2.005e+06
     195.6  2.198e+06
     197.6  2.084e+06
     199.6  2.023e+06
     201.6  1.895e+06
     203.6  2.333e+06
     205.7  2.079e+06
     207.7  1.877e+06
     209.7  1.812e+06
     211.7  1.691e+06
     213.7   1.63e+06
     215.7  1.578e+06
     217.7  1.571e+06
     219.8  1.513e+06
     221.8  1.255e+06
     223.8  1.627e+06
     225.8  1.367e+06
     227.8  1.187e+06
     229.8  1.377e+06
     231.8  1.063e+06
     233.9  1.218e+06
     235.9  1.208e+06
     237.9  1.103e+06
     239.9  9.894e+05
     241.9  1.046e+06
     243.9  9.778e+05
       246  9.971e+05
       248  8.977e+05
       250 -8.277e+08
