     2.016  2.093e+09
     4.032  8.837e+08
     6.048  7.414e+08
     8.065   5.83e+08
     10.08  5.011e+08
      12.1  4.231e+08
     14.11  3.564e+08
     16.13  3.146e+08
     18.14  2.742e+08
     20.16  2.614e+08
     22.18  2.444e+08
     24.19  2.287e+08
     26.21  2.048e+08
     28.23  1.951e+08
     30.24  1.735e+08
     32.26   1.64e+08
     34.27  1.618e+08
     36.29  1.457e+08
     38.31  1.444e+08
     40.32  1.301e+08
     42.34  1.175e+08
     44.35    1.1e+08
     46.37  1.037e+08
     48.39  9.398e+07
      50.4  9.222e+07
     52.42  8.446e+07
     54.44  8.363e+07
     56.45  7.244e+07
     58.47  7.117e+07
     60.48  6.677e+07
      62.5  6.548e+07
     64.52  5.942e+07
     66.53  5.783e+07
     68.55  5.435e+07
     70.56  5.343e+07
     72.58  5.041e+07
      74.6  4.999e+07
     76.61  4.615e+07
     78.63  4.312e+07
     80.64  4.401e+07
     82.66  4.254e+07
     84.68  4.312e+07
     86.69  4.208e+07
     88.71  4.222e+07
     90.73  3.925e+07
     92.74   3.64e+07
     94.76  3.276e+07
     96.77  3.372e+07
     98.79  3.286e+07
     100.8  3.134e+07
     102.8  3.002e+07
     104.8  3.142e+07
     106.8  3.037e+07
     108.9  2.783e+07
     110.9  2.782e+07
     112.9  2.717e+07
     114.9  2.504e+07
     116.9  2.453e+07
       119  2.504e+07
       121  2.463e+07
       123  2.473e+07
       125  2.249e+07
       127  2.138e+07
       129  2.128e+07
     131.1  2.012e+07
     133.1  2.141e+07
     135.1  2.004e+07
     137.1  2.038e+07
     139.1  2.081e+07
     141.1  2.052e+07
     143.2  1.918e+07
     145.2  1.917e+07
     147.2  1.833e+07
     149.2  1.758e+07
     151.2   1.71e+07
     153.2  1.605e+07
     155.2  1.653e+07
     157.3  1.588e+07
     159.3  1.616e+07
     161.3  1.465e+07
     163.3  1.388e+07
     165.3  1.417e+07
     167.3  1.431e+07
     169.3  1.261e+07
     171.4  1.295e+07
     173.4  1.193e+07
     175.4  1.344e+07
     177.4  1.309e+07
     179.4  1.267e+07
     181.4   1.15e+07
     183.5    1.2e+07
     185.5  1.228e+07
     187.5  1.098e+07
     189.5  1.124e+07
     191.5  1.126e+07
     193.6  1.043e+07
     195.6  9.971e+06
     197.6  1.026e+07
     199.6  1.083e+07
     201.6  1.192e+07
     203.6   9.76e+06
     205.7   1.04e+07
     207.7  9.387e+06
     209.7  8.835e+06
     211.7   8.87e+06
     213.7  1.008e+07
     215.7  7.963e+06
     217.7  8.439e+06
     219.8  8.716e+06
     221.8  8.465e+06
     223.8  8.417e+06
     225.8  8.236e+06
     227.8   7.89e+06
     229.8  8.573e+06
     231.8  8.712e+06
     233.9  8.459e+06
     235.9  8.118e+06
     237.9  8.189e+06
     239.9   7.42e+06
     241.9  8.045e+06
     243.9  7.268e+06
       246  7.269e+06
       248  7.182e+06
       250 -1.519e+09
