     2.016  1.149e+09
     4.032  7.835e+08
     6.048  4.986e+08
     8.065  3.592e+08
     10.08  3.142e+08
      12.1  2.442e+08
     14.11  2.184e+08
     16.13  2.012e+08
     18.14  1.921e+08
     20.16  1.662e+08
     22.18  1.462e+08
     24.19  1.222e+08
     26.21  1.096e+08
     28.23  9.775e+07
     30.24  9.365e+07
     32.26  8.602e+07
     34.27  6.923e+07
     36.29  5.934e+07
     38.31  5.596e+07
     40.32  4.923e+07
     42.34  4.871e+07
     44.35  4.478e+07
     46.37  4.662e+07
     48.39  4.122e+07
      50.4  3.959e+07
     52.42  3.765e+07
     54.44  3.764e+07
     56.45  3.372e+07
     58.47  3.113e+07
     60.48  2.766e+07
      62.5   2.48e+07
     64.52  2.579e+07
     66.53  2.364e+07
     68.55  2.514e+07
     70.56   2.31e+07
     72.58  2.096e+07
      74.6  1.888e+07
     76.61    1.9e+07
     78.63  1.576e+07
     80.64  1.537e+07
     82.66  1.412e+07
     84.68  1.378e+07
     86.69    1.4e+07
     88.71  1.458e+07
     90.73  1.408e+07
     92.74  1.394e+07
     94.76  1.154e+07
     96.77  1.138e+07
     98.79  1.066e+07
     100.8  8.605e+06
     102.8  8.788e+06
     104.8  8.575e+06
     106.8  6.359e+06
     108.9  7.232e+06
     110.9  7.744e+06
     112.9  7.218e+06
     114.9   7.47e+06
     116.9  7.952e+06
       119  6.982e+06
       121   7.29e+06
       123  6.816e+06
       125  6.355e+06
       127  6.065e+06
       129  7.546e+06
     131.1  7.574e+06
     133.1  7.495e+06
     135.1  7.228e+06
     137.1  6.426e+06
     139.1  5.676e+06
     141.1  6.242e+06
     143.2  6.485e+06
     145.2  6.207e+06
     147.2  7.115e+06
     149.2  6.572e+06
     151.2  6.242e+06
     153.2  5.642e+06
     155.2  4.415e+06
     157.3  4.639e+06
     159.3  4.703e+06
     161.3  4.375e+06
     163.3  3.884e+06
     165.3  3.759e+06
     167.3  3.647e+06
     169.3  4.327e+06
     171.4  4.024e+06
     173.4  3.977e+06
     175.4  3.269e+06
     177.4  3.439e+06
     179.4  3.621e+06
     181.4   3.73e+06
     183.5  3.239e+06
     185.5  2.876e+06
     187.5  2.746e+06
     189.5  2.215e+06
     191.5  2.452e+06
     193.6  2.333e+06
     195.6  2.157e+06
     197.6  2.205e+06
     199.6  2.222e+06
     201.6   2.21e+06
     203.6  1.866e+06
     205.7  1.617e+06
     207.7  1.609e+06
     209.7  1.586e+06
     211.7  1.353e+06
     213.7  1.519e+06
     215.7  2.018e+06
     217.7  1.681e+06
     219.8  1.261e+06
     221.8  1.291e+06
     223.8  1.415e+06
     225.8  1.087e+06
     227.8  1.361e+06
     229.8   1.24e+06
     231.8  1.406e+06
     233.9  1.455e+06
     235.9  1.375e+06
     237.9  1.136e+06
     239.9  1.022e+06
     241.9  1.308e+06
     243.9  1.043e+06
       246  9.328e+05
       248  1.026e+06
       250 -5.652e+08
