     2.016  2.663e+08
     4.032  1.472e+08
     6.048  1.111e+08
     8.065  8.719e+07
     10.08  7.278e+07
      12.1  7.082e+07
     14.11  6.448e+07
     16.13  5.409e+07
     18.14  5.745e+07
     20.16  5.338e+07
     22.18  5.434e+07
     24.19   5.67e+07
     26.21  5.541e+07
     28.23   5.47e+07
     30.24   4.92e+07
     32.26  4.898e+07
     34.27  4.004e+07
     36.29  3.996e+07
     38.31  3.869e+07
     40.32  3.183e+07
     42.34   2.84e+07
     44.35  2.555e+07
     46.37  2.579e+07
     48.39  2.296e+07
      50.4  1.932e+07
     52.42  1.961e+07
     54.44  1.925e+07
     56.45  1.883e+07
     58.47  1.933e+07
     60.48  1.594e+07
      62.5  1.609e+07
     64.52  1.768e+07
     66.53  1.886e+07
     68.55  1.772e+07
     70.56  1.661e+07
     72.58  1.639e+07
      74.6  1.507e+07
     76.61  1.418e+07
     78.63   1.39e+07
     80.64  1.506e+07
     82.66  1.514e+07
     84.68   1.47e+07
     86.69  1.455e+07
     88.71  1.221e+07
     90.73   1.18e+07
     92.74  1.166e+07
     94.76   1.32e+07
     96.77  1.077e+07
     98.79  1.111e+07
     100.8  1.107e+07
     102.8  1.317e+07
     104.8  1.773e+07
     106.8  2.167e+07
     108.9  2.046e+07
     110.9  1.473e+07
     112.9  1.058e+07
     114.9  9.829e+06
     116.9  7.904e+06
       119  8.459e+06
       121  6.693e+06
       123  6.829e+06
       125  6.024e+06
       127  6.028e+06
       129  6.698e+06
     131.1  6.538e+06
     133.1  6.242e+06
     135.1   5.43e+06
     137.1  5.981e+06
     139.1  6.381e+06
     141.1    6.5e+06
     143.2  5.549e+06
     145.2  4.955e+06
     147.2  5.002e+06
     149.2  5.424e+06
     151.2  6.295e+06
     153.2   5.28e+06
     155.2  5.288e+06
     157.3  5.849e+06
     159.3  5.503e+06
     161.3  5.309e+06
     163.3  5.874e+06
     165.3  5.397e+06
     167.3  6.205e+06
     169.3   6.35e+06
     171.4  7.122e+06
     173.4  5.211e+06
     175.4  5.585e+06
     177.4  6.565e+06
     179.4  5.608e+06
     181.4  5.617e+06
     183.5   5.57e+06
     185.5  5.752e+06
     187.5  5.323e+06
     189.5  5.224e+06
     191.5  4.613e+06
     193.6  4.788e+06
     195.6  4.192e+06
     197.6  4.048e+06
     199.6  4.364e+06
     201.6  4.184e+06
     203.6  4.005e+06
     205.7  4.235e+06
     207.7  4.061e+06
     209.7   4.72e+06
     211.7  5.036e+06
     213.7  4.816e+06
     215.7  4.697e+06
     217.7  4.603e+06
     219.8  4.394e+06
     221.8  4.053e+06
     223.8  4.951e+06
     225.8  4.451e+06
     227.8  4.154e+06
     229.8  4.201e+06
     231.8  3.396e+06
     233.9  3.553e+06
     235.9  3.589e+06
     237.9  3.877e+06
     239.9  4.221e+06
     241.9  4.186e+06
     243.9  4.335e+06
       246  3.924e+06
       248  3.527e+06
       250 -5.049e+08
