     2.016  6.645e+09
     4.032  1.528e+09
     6.048  1.056e+09
     8.065  7.259e+08
     10.08  4.992e+08
      12.1  3.976e+08
     14.11  3.019e+08
     16.13   2.21e+08
     18.14  1.899e+08
     20.16  1.595e+08
     22.18  1.264e+08
     24.19  1.119e+08
     26.21  1.007e+08
     28.23  8.206e+07
     30.24  7.569e+07
     32.26  6.397e+07
     34.27  5.223e+07
     36.29  5.104e+07
     38.31  5.031e+07
     40.32  3.978e+07
     42.34  3.585e+07
     44.35  3.326e+07
     46.37  3.028e+07
     48.39  2.994e+07
      50.4  2.575e+07
     52.42  2.452e+07
     54.44  2.413e+07
     56.45  2.532e+07
     58.47  2.099e+07
     60.48  1.623e+07
      62.5   1.58e+07
     64.52  1.392e+07
     66.53  1.181e+07
     68.55  1.274e+07
     70.56  1.089e+07
     72.58  8.934e+06
      74.6  1.008e+07
     76.61   8.98e+06
     78.63  8.747e+06
     80.64  7.931e+06
     82.66  9.185e+06
     84.68  8.681e+06
     86.69  7.367e+06
     88.71  5.581e+06
     90.73  4.752e+06
     92.74  4.905e+06
     94.76    4.8e+06
     96.77  4.452e+06
     98.79  3.956e+06
     100.8  4.421e+06
     102.8  3.655e+06
     104.8  3.187e+06
     106.8  3.666e+06
     108.9  2.776e+06
     110.9  3.155e+06
     112.9   2.76e+06
     114.9  2.905e+06
     116.9  3.602e+06
       119  3.357e+06
       121  2.956e+06
       123  2.467e+06
       125  2.224e+06
       127  2.689e+06
       129  2.598e+06
     131.1  2.969e+06
     133.1  3.658e+06
     135.1  4.231e+06
     137.1  3.242e+06
     139.1   2.58e+06
     141.1  2.587e+06
     143.2   1.94e+06
     145.2  1.977e+06
     147.2  2.048e+06
     149.2  1.817e+06
     151.2  1.626e+06
     153.2   1.76e+06
     155.2  2.413e+06
     157.3  2.168e+06
     159.3  1.501e+06
     161.3  1.573e+06
     163.3  1.117e+06
     165.3  9.638e+05
     167.3  9.474e+05
     169.3  7.996e+05
     171.4   9.25e+05
     173.4  1.143e+06
     175.4  1.498e+06
     177.4  1.608e+06
     179.4  1.192e+06
     181.4  8.776e+05
     183.5  1.209e+06
     185.5  1.116e+06
     187.5  1.183e+06
     189.5  7.523e+05
     191.5  9.143e+05
     193.6  8.593e+05
     195.6  8.954e+05
     197.6  8.818e+05
     199.6  5.554e+05
     201.6  7.894e+05
     203.6  5.444e+05
     205.7   6.93e+05
     207.7  8.046e+05
     209.7  5.286e+05
     211.7  6.013e+05
     213.7  7.038e+05
     215.7  3.669e+05
     217.7  1.023e+06
     219.8  7.924e+05
     221.8  5.739e+05
     223.8  4.244e+05
     225.8  3.505e+05
     227.8  2.793e+05
     229.8  3.787e+05
     231.8  2.744e+05
     233.9  3.045e+05
     235.9  4.025e+05
     237.9  5.014e+05
     239.9  4.947e+05
     241.9  2.943e+05
     243.9  3.585e+05
       246  3.216e+05
       248  3.206e+05
       250 -4.323e+08
