     2.016  1.446e+09
     4.032  6.493e+08
     6.048  5.568e+08
     8.065   3.89e+08
     10.08  3.139e+08
      12.1  2.609e+08
     14.11  2.187e+08
     16.13  1.827e+08
     18.14  1.836e+08
     20.16  1.608e+08
     22.18  1.359e+08
     24.19  1.386e+08
     26.21  1.155e+08
     28.23   1.17e+08
     30.24  1.095e+08
     32.26  9.991e+07
     34.27  9.818e+07
     36.29  8.577e+07
     38.31   8.02e+07
     40.32  7.587e+07
     42.34  8.049e+07
     44.35    7.8e+07
     46.37  7.462e+07
     48.39  7.022e+07
      50.4  6.086e+07
     52.42  5.668e+07
     54.44   4.99e+07
     56.45  4.938e+07
     58.47  5.152e+07
     60.48  5.084e+07
      62.5  4.725e+07
     64.52  4.947e+07
     66.53  4.771e+07
     68.55  4.453e+07
     70.56  4.254e+07
     72.58  4.136e+07
      74.6  4.034e+07
     76.61  4.156e+07
     78.63  4.129e+07
     80.64  4.005e+07
     82.66  3.693e+07
     84.68  3.595e+07
     86.69  3.684e+07
     88.71  3.529e+07
     90.73  3.511e+07
     92.74  3.571e+07
     94.76  3.537e+07
     96.77  3.569e+07
     98.79  3.456e+07
     100.8  3.316e+07
     102.8  3.476e+07
     104.8  3.172e+07
     106.8  3.359e+07
     108.9  3.185e+07
     110.9  3.227e+07
     112.9  2.965e+07
     114.9  3.036e+07
     116.9  2.671e+07
       119  2.531e+07
       121  2.404e+07
       123  2.233e+07
       125  2.008e+07
       127  1.907e+07
       129  1.825e+07
     131.1  1.915e+07
     133.1  1.679e+07
     135.1   1.64e+07
     137.1  1.621e+07
     139.1  1.577e+07
     141.1  1.423e+07
     143.2  1.491e+07
     145.2   1.39e+07
     147.2  1.267e+07
     149.2  1.293e+07
     151.2  1.243e+07
     153.2   1.32e+07
     155.2  1.206e+07
     157.3   1.18e+07
     159.3  1.036e+07
     161.3  1.086e+07
     163.3  9.563e+06
     165.3  9.638e+06
     167.3  9.521e+06
     169.3  8.937e+06
     171.4  8.926e+06
     173.4  8.776e+06
     175.4  9.035e+06
     177.4  9.156e+06
     179.4  1.038e+07
     181.4  8.688e+06
     183.5  9.025e+06
     185.5  8.627e+06
     187.5  8.238e+06
     189.5  8.067e+06
     191.5   8.27e+06
     193.6   8.43e+06
     195.6   8.71e+06
     197.6  7.776e+06
     199.6   8.53e+06
     201.6  7.855e+06
     203.6  7.855e+06
     205.7  7.623e+06
     207.7  7.395e+06
     209.7  6.872e+06
     211.7  6.652e+06
     213.7  6.705e+06
     215.7  6.091e+06
     217.7   6.43e+06
     219.8  5.835e+06
     221.8   5.81e+06
     223.8  5.588e+06
     225.8  5.433e+06
     227.8  5.516e+06
     229.8  5.543e+06
     231.8  5.179e+06
     233.9   4.94e+06
     235.9  5.065e+06
     237.9  5.381e+06
     239.9  5.376e+06
     241.9  5.461e+06
     243.9  5.573e+06
       246  5.661e+06
       248  5.098e+06
       250 -1.156e+09
