     2.016  2.775e+09
     4.032  1.145e+09
     6.048  9.066e+08
     8.065  6.913e+08
     10.08  5.166e+08
      12.1  4.252e+08
     14.11  3.134e+08
     16.13  2.591e+08
     18.14  2.044e+08
     20.16  1.885e+08
     22.18  1.535e+08
     24.19  1.204e+08
     26.21  1.138e+08
     28.23  1.003e+08
     30.24   9.12e+07
     32.26  8.529e+07
     34.27   7.63e+07
     36.29  7.194e+07
     38.31  6.092e+07
     40.32  5.355e+07
     42.34  4.987e+07
     44.35  4.672e+07
     46.37  4.471e+07
     48.39  3.729e+07
      50.4  3.575e+07
     52.42  3.595e+07
     54.44  3.456e+07
     56.45  2.804e+07
     58.47  2.349e+07
     60.48  2.323e+07
      62.5  2.221e+07
     64.52  2.026e+07
     66.53  1.904e+07
     68.55  1.882e+07
     70.56  1.917e+07
     72.58  1.853e+07
      74.6  1.963e+07
     76.61  1.639e+07
     78.63  1.475e+07
     80.64  1.289e+07
     82.66  1.218e+07
     84.68  1.198e+07
     86.69  1.151e+07
     88.71   1.26e+07
     90.73  1.267e+07
     92.74  1.377e+07
     94.76  1.297e+07
     96.77  1.039e+07
     98.79  8.477e+06
     100.8    7.5e+06
     102.8  7.466e+06
     104.8  6.905e+06
     106.8  7.855e+06
     108.9  7.743e+06
     110.9  7.314e+06
     112.9   6.51e+06
     114.9  6.709e+06
     116.9  6.728e+06
       119  7.049e+06
       121  6.962e+06
       123  6.297e+06
       125  6.418e+06
       127   6.19e+06
       129  7.174e+06
     131.1  6.907e+06
     133.1  8.275e+06
     135.1  7.228e+06
     137.1   6.89e+06
     139.1  6.249e+06
     141.1   6.86e+06
     143.2  6.375e+06
     145.2  6.152e+06
     147.2  6.091e+06
     149.2  4.969e+06
     151.2  4.826e+06
     153.2  5.021e+06
     155.2  4.518e+06
     157.3  3.883e+06
     159.3  3.902e+06
     161.3  4.621e+06
     163.3  3.932e+06
     165.3  3.951e+06
     167.3  3.837e+06
     169.3  3.669e+06
     171.4  3.746e+06
     173.4  3.565e+06
     175.4   2.86e+06
     177.4  3.216e+06
     179.4  3.312e+06
     181.4  3.072e+06
     183.5  2.634e+06
     185.5  2.876e+06
     187.5  2.324e+06
     189.5  1.964e+06
     191.5   2.41e+06
     193.6  1.882e+06
     195.6  1.831e+06
     197.6  2.124e+06
     199.6  2.222e+06
     201.6  1.816e+06
     203.6  1.944e+06
     205.7  2.118e+06
     207.7  2.452e+06
     209.7  2.152e+06
     211.7  1.691e+06
     213.7  1.889e+06
     215.7  1.798e+06
     217.7  2.082e+06
     219.8  1.909e+06
     221.8  1.722e+06
     223.8  1.379e+06
     225.8  1.612e+06
     227.8  1.676e+06
     229.8  1.722e+06
     231.8  1.921e+06
     233.9  2.132e+06
     235.9  2.583e+06
     237.9  2.106e+06
     239.9  1.649e+06
     241.9  1.733e+06
     243.9  1.662e+06
       246  1.319e+06
       248  1.635e+06
       250 -6.074e+08
