     2.016  7.784e+08
     4.032  4.815e+08
     6.048   3.59e+08
     8.065  2.197e+08
     10.08   1.43e+08
      12.1  1.009e+08
     14.11  1.018e+08
     16.13  7.398e+07
     18.14  7.011e+07
     20.16   6.17e+07
     22.18   5.65e+07
     24.19  5.561e+07
     26.21  4.667e+07
     28.23  4.734e+07
     30.24  4.472e+07
     32.26  4.125e+07
     34.27  3.861e+07
     36.29  3.077e+07
     38.31  2.817e+07
     40.32   2.79e+07
     42.34   2.47e+07
     44.35  2.351e+07
     46.37  2.101e+07
     48.39    1.9e+07
      50.4  1.742e+07
     52.42  1.757e+07
     54.44  1.614e+07
     56.45  1.442e+07
     58.47  1.312e+07
     60.48   1.42e+07
      62.5  1.402e+07
     64.52  1.253e+07
     66.53  1.154e+07
     68.55  1.038e+07
     70.56  9.575e+06
     72.58   8.67e+06
      74.6  9.344e+06
     76.61  8.406e+06
     78.63  9.215e+06
     80.64  8.456e+06
     82.66   7.57e+06
     84.68  7.341e+06
     86.69  6.879e+06
     88.71  6.958e+06
     90.73   7.18e+06
     92.74  5.491e+06
     94.76  5.895e+06
     96.77  5.515e+06
     98.79  4.812e+06
     100.8  5.242e+06
     102.8  5.312e+06
     104.8   3.84e+06
     106.8  3.711e+06
     108.9  4.288e+06
     110.9  3.851e+06
     112.9  3.581e+06
     114.9   3.86e+06
     116.9  3.731e+06
       119  3.887e+06
       121  4.696e+06
       123    3.7e+06
       125  3.825e+06
       127  3.089e+06
       129  3.222e+06
     131.1  3.302e+06
     133.1  2.686e+06
     135.1  2.921e+06
     137.1  2.999e+06
     139.1  2.999e+06
     141.1   2.66e+06
     143.2  2.711e+06
     145.2   2.84e+06
     147.2  2.501e+06
     149.2  2.522e+06
     151.2  2.298e+06
     153.2  2.127e+06
     155.2  2.392e+06
     157.3  2.809e+06
     159.3  2.422e+06
     161.3   2.03e+06
     163.3  2.854e+06
     165.3  2.303e+06
     167.3  2.496e+06
     169.3  2.032e+06
     171.4  1.739e+06
     173.4  1.828e+06
     175.4  2.066e+06
     177.4  1.697e+06
     179.4  1.965e+06
     181.4    1.9e+06
     183.5  1.999e+06
     185.5  1.953e+06
     187.5  2.227e+06
     189.5  1.701e+06
     191.5  2.011e+06
     193.6  1.653e+06
     195.6  1.746e+06
     197.6  1.315e+06
     199.6  1.504e+06
     201.6  1.204e+06
     203.6  1.462e+06
     205.7  1.178e+06
     207.7  1.448e+06
     209.7  1.393e+06
     211.7  2.026e+06
     213.7  1.756e+06
     215.7  1.662e+06
     217.7  1.706e+06
     219.8  1.261e+06
     221.8  1.417e+06
     223.8  1.153e+06
     225.8  9.498e+05
     227.8  1.225e+06
     229.8  1.308e+06
     231.8  1.029e+06
     233.9  8.357e+05
     235.9  8.889e+05
     237.9  8.356e+05
     239.9  9.069e+05
     241.9  1.076e+06
     243.9  1.046e+06
       246  8.813e+05
       248  7.887e+05
       250 -2.889e+08
