     2.016  3.965e+09
     4.032  8.962e+08
     6.048  9.049e+08
     8.065  7.797e+08
     10.08  6.803e+08
      12.1  6.088e+08
     14.11  5.155e+08
     16.13  4.601e+08
     18.14  4.009e+08
     20.16  3.532e+08
     22.18  3.159e+08
     24.19  2.744e+08
     26.21  2.414e+08
     28.23  2.106e+08
     30.24  2.042e+08
     32.26  1.791e+08
     34.27  1.692e+08
     36.29  1.475e+08
     38.31  1.414e+08
     40.32  1.283e+08
     42.34  1.156e+08
     44.35  1.078e+08
     46.37  9.989e+07
     48.39  9.781e+07
      50.4  9.302e+07
     52.42  8.031e+07
     54.44  7.418e+07
     56.45  7.031e+07
     58.47  6.856e+07
     60.48  6.199e+07
      62.5  5.893e+07
     64.52  5.606e+07
     66.53  5.133e+07
     68.55  5.073e+07
     70.56  4.969e+07
     72.58  4.589e+07
      74.6  4.345e+07
     76.61  4.323e+07
     78.63  4.048e+07
     80.64  3.856e+07
     82.66  3.945e+07
     84.68  3.708e+07
     86.69  3.518e+07
     88.71  3.565e+07
     90.73  3.185e+07
     92.74  2.926e+07
     94.76  2.897e+07
     96.77  2.531e+07
     98.79  2.374e+07
     100.8  2.329e+07
     102.8  2.263e+07
     104.8  2.155e+07
     106.8  2.125e+07
     108.9  2.089e+07
     110.9  1.993e+07
     112.9  1.939e+07
     114.9  1.833e+07
     116.9  1.883e+07
       119  1.719e+07
       121  1.681e+07
       123  1.545e+07
       125  1.557e+07
       127  1.507e+07
       129   1.54e+07
     131.1   1.46e+07
     133.1  1.385e+07
     135.1  1.352e+07
     137.1  1.308e+07
     139.1  1.347e+07
     141.1  1.288e+07
     143.2  1.303e+07
     145.2   1.28e+07
     147.2   1.18e+07
     149.2  1.202e+07
     151.2  1.206e+07
     153.2  1.144e+07
     155.2  1.088e+07
     157.3  9.984e+06
     159.3  9.756e+06
     161.3  9.487e+06
     163.3  9.709e+06
     165.3  8.819e+06
     167.3  8.384e+06
     169.3  7.996e+06
     171.4  7.909e+06
     173.4  7.953e+06
     175.4  7.492e+06
     177.4  7.771e+06
     179.4  6.977e+06
     181.4  6.889e+06
     183.5  7.082e+06
     185.5  6.696e+06
     187.5  6.211e+06
     189.5  6.144e+06
     191.5   5.86e+06
     193.6  6.097e+06
     195.6  6.023e+06
     197.6  6.133e+06
     199.6  5.634e+06
     201.6  5.881e+06
     203.6  5.794e+06
     205.7  6.699e+06
     207.7  6.859e+06
     209.7   5.89e+06
     211.7  5.825e+06
     213.7  5.593e+06
     215.7  5.137e+06
     217.7  5.078e+06
     219.8  5.979e+06
     221.8  5.452e+06
     223.8  5.588e+06
     225.8  5.643e+06
     227.8  5.481e+06
     229.8  5.096e+06
     231.8  4.734e+06
     233.9  4.771e+06
     235.9  5.166e+06
     237.9  5.047e+06
     239.9  4.617e+06
     241.9  4.382e+06
     243.9  4.367e+06
       246  4.149e+06
       248  3.847e+06
       250 -1.317e+09
