     2.016  2.992e+09
     4.032  1.123e+09
     6.048  8.746e+08
     8.065  6.397e+08
     10.08  4.764e+08
      12.1  3.493e+08
     14.11  2.754e+08
     16.13  2.088e+08
     18.14  1.843e+08
     20.16  1.609e+08
     22.18  1.561e+08
     24.19   1.47e+08
     26.21    1.2e+08
     28.23  1.026e+08
     30.24  9.646e+07
     32.26  8.973e+07
     34.27  8.161e+07
     36.29  8.143e+07
     38.31  7.755e+07
     40.32  7.543e+07
     42.34  7.255e+07
     44.35   6.46e+07
     46.37  5.651e+07
     48.39  5.304e+07
      50.4  4.927e+07
     52.42  4.822e+07
     54.44  4.256e+07
     56.45    3.7e+07
     58.47    3.6e+07
     60.48  3.411e+07
      62.5  3.441e+07
     64.52  3.344e+07
     66.53  3.024e+07
     68.55  2.723e+07
     70.56  2.552e+07
     72.58  2.504e+07
      74.6  2.446e+07
     76.61  2.443e+07
     78.63  2.095e+07
     80.64   2.23e+07
     82.66   2.05e+07
     84.68  1.793e+07
     86.69  1.814e+07
     88.71  1.872e+07
     90.73  1.777e+07
     92.74  1.687e+07
     94.76  1.743e+07
     96.77  1.476e+07
     98.79  1.429e+07
     100.8  1.453e+07
     102.8  1.493e+07
     104.8  1.373e+07
     106.8  1.391e+07
     108.9  1.256e+07
     110.9  1.269e+07
     112.9   1.33e+07
     114.9  1.335e+07
     116.9  1.121e+07
       119  9.399e+06
       121  8.538e+06
       123  9.023e+06
       125  7.753e+06
       127  8.003e+06
       129  7.113e+06
     131.1  7.634e+06
     133.1  6.596e+06
     135.1  8.345e+06
     137.1    7.7e+06
     139.1  8.428e+06
     141.1  7.141e+06
     143.2   7.76e+06
     145.2  7.305e+06
     147.2    6.9e+06
     149.2   6.84e+06
     151.2   6.61e+06
     153.2  5.642e+06
     155.2  6.109e+06
     157.3  6.101e+06
     159.3  5.804e+06
     161.3  5.309e+06
     163.3  5.243e+06
     165.3  5.638e+06
     167.3   4.69e+06
     169.3  5.033e+06
     171.4   4.44e+06
     173.4  4.845e+06
     175.4  4.858e+06
     177.4  5.047e+06
     179.4  4.901e+06
     181.4  5.705e+06
     183.5   4.75e+06
     185.5   4.85e+06
     187.5  4.774e+06
     189.5   4.43e+06
     191.5  4.322e+06
     193.6  4.297e+06
     195.6  4.151e+06
     197.6  4.128e+06
     199.6  4.086e+06
     201.6  4.223e+06
     203.6  4.122e+06
     205.7  3.773e+06
     207.7  3.295e+06
     209.7  3.323e+06
     211.7  3.195e+06
     213.7  2.815e+06
     215.7  3.119e+06
     217.7  2.923e+06
     219.8  2.773e+06
     221.8  2.439e+06
     223.8  2.865e+06
     225.8  2.734e+06
     227.8  2.583e+06
     229.8   2.41e+06
     231.8  2.298e+06
     233.9  1.861e+06
     235.9  2.113e+06
     237.9  2.039e+06
     239.9  2.144e+06
     241.9  1.766e+06
     243.9  2.053e+06
       246  2.155e+06
       248  1.892e+06
       250 -7.553e+08
