     2.016  2.119e+09
     4.032    1.1e+09
     6.048  5.404e+08
     8.065  3.414e+08
     10.08  2.566e+08
      12.1  2.056e+08
     14.11  1.799e+08
     16.13  1.417e+08
     18.14  1.232e+08
     20.16  1.116e+08
     22.18  8.876e+07
     24.19  8.188e+07
     26.21  6.534e+07
     28.23  6.439e+07
     30.24  5.539e+07
     32.26  4.537e+07
     34.27  4.011e+07
     36.29  3.571e+07
     38.31  3.213e+07
     40.32  3.143e+07
     42.34  2.871e+07
     44.35  2.533e+07
     46.37  2.431e+07
     48.39  1.981e+07
      50.4  1.798e+07
     52.42   1.81e+07
     54.44  1.597e+07
     56.45  1.519e+07
     58.47  1.539e+07
     60.48  1.307e+07
      62.5  1.343e+07
     64.52  1.262e+07
     66.53  1.224e+07
     68.55  1.137e+07
     70.56  1.027e+07
     72.58  1.008e+07
      74.6  7.906e+06
     76.61  8.218e+06
     78.63  8.391e+06
     80.64  8.535e+06
     82.66  7.387e+06
     84.68  7.709e+06
     86.69  6.032e+06
     88.71  5.788e+06
     90.73  6.168e+06
     92.74  5.344e+06
     94.76  6.711e+06
     96.77  5.523e+06
     98.79  6.951e+06
     100.8  6.158e+06
     102.8  5.763e+06
     104.8  6.526e+06
     106.8  7.219e+06
     108.9   8.13e+06
     110.9  7.077e+06
     112.9  7.529e+06
     114.9   6.44e+06
     116.9  5.899e+06
       119   4.84e+06
       121  4.427e+06
       123  5.297e+06
       125  4.391e+06
       127  4.752e+06
       129  3.804e+06
     131.1  3.611e+06
     133.1  3.424e+06
     135.1  3.614e+06
     137.1    3.3e+06
     139.1  3.205e+06
     141.1  2.991e+06
     143.2  3.331e+06
     145.2  2.818e+06
     147.2  2.485e+06
     149.2  3.078e+06
     151.2  3.037e+06
     153.2  2.526e+06
     155.2  2.166e+06
     157.3   2.39e+06
     159.3  2.432e+06
     161.3  2.969e+06
     163.3  2.631e+06
     165.3  1.966e+06
     167.3  2.089e+06
     169.3  2.102e+06
     171.4   1.85e+06
     173.4   1.92e+06
     175.4  1.862e+06
     177.4  2.188e+06
     179.4  1.722e+06
     181.4  2.282e+06
     183.5  1.641e+06
     185.5  2.103e+06
     187.5  1.943e+06
     189.5  1.672e+06
     191.5  2.078e+06
     193.6  1.964e+06
     195.6  1.709e+06
     197.6  1.764e+06
     199.6  2.063e+06
     201.6  1.895e+06
     203.6  1.439e+06
     205.7  1.271e+06
     207.7  1.456e+06
     209.7  1.359e+06
     211.7  1.466e+06
     213.7  1.371e+06
     215.7  1.321e+06
     217.7  1.242e+06
     219.8  9.725e+05
     221.8   1.04e+06
     223.8  1.132e+06
     225.8  1.051e+06
     227.8  9.775e+05
     229.8  9.985e+05
     231.8  9.604e+05
     233.9  8.797e+05
     235.9  9.057e+05
     237.9  1.003e+06
     239.9   1.22e+06
     241.9  9.484e+05
     243.9  1.108e+06
       246  9.006e+05
       248  8.977e+05
       250 -3.636e+08
