     2.016  2.045e+09
     4.032  8.503e+08
     6.048  6.858e+08
     8.065   5.57e+08
     10.08  4.565e+08
      12.1  3.735e+08
     14.11  3.162e+08
     16.13  2.769e+08
     18.14  2.444e+08
     20.16   2.15e+08
     22.18  1.969e+08
     24.19  1.772e+08
     26.21  1.546e+08
     28.23  1.455e+08
     30.24  1.326e+08
     32.26  1.279e+08
     34.27  1.117e+08
     36.29  1.112e+08
     38.31  1.019e+08
     40.32  9.792e+07
     42.34   8.37e+07
     44.35  8.778e+07
     46.37  7.831e+07
     48.39  7.781e+07
      50.4  7.256e+07
     52.42  6.618e+07
     54.44   6.31e+07
     56.45  6.177e+07
     58.47  5.853e+07
     60.48  5.469e+07
      62.5  5.341e+07
     64.52   5.37e+07
     66.53  5.145e+07
     68.55   5.12e+07
     70.56  5.014e+07
     72.58  4.699e+07
      74.6  4.785e+07
     76.61  4.302e+07
     78.63  4.048e+07
     80.64  4.114e+07
     82.66  3.935e+07
     84.68  3.727e+07
     86.69  3.518e+07
     88.71  3.583e+07
     90.73  3.423e+07
     92.74  3.408e+07
     94.76  3.082e+07
     96.77  3.396e+07
     98.79  3.028e+07
     100.8  2.897e+07
     102.8  2.955e+07
     104.8  2.641e+07
     106.8  2.708e+07
     108.9  2.739e+07
     110.9   2.56e+07
     112.9  2.632e+07
     114.9   2.49e+07
     116.9  2.487e+07
       119  2.578e+07
       121  2.325e+07
       123  2.266e+07
       125  2.084e+07
       127  1.976e+07
       129  2.128e+07
     131.1  1.902e+07
     133.1  1.997e+07
     135.1  1.763e+07
     137.1  1.853e+07
     139.1  1.875e+07
     141.1  1.822e+07
     143.2  1.779e+07
     145.2  1.648e+07
     147.2  1.644e+07
     149.2  1.603e+07
     151.2    1.6e+07
     153.2  1.372e+07
     155.2   1.52e+07
     157.3  1.387e+07
     159.3  1.351e+07
     161.3  1.337e+07
     163.3  1.233e+07
     165.3  1.349e+07
     167.3   1.36e+07
     169.3  1.444e+07
     171.4  1.383e+07
     173.4  1.266e+07
     175.4  1.162e+07
     177.4  1.134e+07
     179.4  1.188e+07
     181.4   1.15e+07
     183.5  1.127e+07
     185.5  1.064e+07
     187.5  1.014e+07
     189.5  1.003e+07
     191.5   1.01e+07
     193.6  1.039e+07
     195.6  1.074e+07
     197.6  1.122e+07
     199.6  1.032e+07
     201.6  1.003e+07
     203.6  1.015e+07
     205.7  1.078e+07
     207.7  1.111e+07
     209.7  1.027e+07
     211.7  9.321e+06
     213.7  9.224e+06
     215.7  8.366e+06
     217.7   8.22e+06
     219.8  8.644e+06
     221.8  7.891e+06
     223.8  8.064e+06
     225.8  7.115e+06
     227.8   7.75e+06
     229.8  7.954e+06
     231.8  8.095e+06
     233.9  7.748e+06
     235.9   7.38e+06
     237.9  6.885e+06
     239.9  6.827e+06
     241.9   6.41e+06
     243.9  6.747e+06
       246  6.562e+06
       248  5.899e+06
       250 -1.348e+09
