     2.016  1.846e+09
     4.032  1.041e+09
     6.048  7.565e+08
     8.065  5.391e+08
     10.08  4.531e+08
      12.1  3.782e+08
     14.11  2.961e+08
     16.13  2.587e+08
     18.14  2.263e+08
     20.16  2.025e+08
     22.18  1.856e+08
     24.19  1.679e+08
     26.21  1.407e+08
     28.23  1.441e+08
     30.24  1.351e+08
     32.26   1.23e+08
     34.27   1.08e+08
     36.29  1.013e+08
     38.31  9.535e+07
     40.32  8.875e+07
     42.34  8.267e+07
     44.35  8.159e+07
     46.37  7.675e+07
     48.39  7.598e+07
      50.4  6.569e+07
     52.42  6.342e+07
     54.44  5.837e+07
     56.45  5.309e+07
     58.47   5.29e+07
     60.48  5.323e+07
      62.5  4.943e+07
     64.52  4.562e+07
     66.53  4.627e+07
     68.55  4.126e+07
     70.56  3.902e+07
     72.58  3.772e+07
      74.6   3.68e+07
     76.61  3.665e+07
     78.63  3.295e+07
     80.64  3.271e+07
     82.66  3.239e+07
     84.68  3.104e+07
     86.69  2.901e+07
     88.71  2.809e+07
     90.73  2.745e+07
     92.74  2.633e+07
     94.76  2.695e+07
     96.77  2.514e+07
     98.79  2.285e+07
     100.8  2.218e+07
     102.8  2.139e+07
     104.8  2.375e+07
     106.8  2.087e+07
     108.9  1.987e+07
     110.9  2.029e+07
     112.9  1.904e+07
     114.9  1.743e+07
     116.9   1.91e+07
       119  1.665e+07
       121  1.813e+07
       123  1.694e+07
       125  1.747e+07
       127  1.657e+07
       129  1.633e+07
     131.1   1.66e+07
     133.1  1.505e+07
     135.1  1.528e+07
     137.1  1.586e+07
     139.1  1.473e+07
     141.1  1.529e+07
     143.2  1.452e+07
     145.2  1.461e+07
     147.2   1.45e+07
     149.2  1.453e+07
     151.2  1.516e+07
     153.2  1.574e+07
     155.2  1.504e+07
     157.3  1.503e+07
     159.3  1.516e+07
     161.3  1.411e+07
     163.3  1.267e+07
     165.3  1.229e+07
     167.3  1.227e+07
     169.3  1.223e+07
     171.4  1.161e+07
     173.4  1.102e+07
     175.4  1.126e+07
     177.4  1.291e+07
     179.4  1.263e+07
     181.4   1.22e+07
     183.5  9.975e+06
     185.5  9.829e+06
     187.5  9.633e+06
     189.5  9.112e+06
     191.5  9.642e+06
     193.6  1.064e+07
     195.6   1.07e+07
     197.6  1.126e+07
     199.6  1.012e+07
     201.6  8.921e+06
     203.6  7.699e+06
     205.7  7.508e+06
     207.7  7.318e+06
     209.7  7.325e+06
     211.7  7.291e+06
     213.7  6.371e+06
     215.7  6.715e+06
     217.7  5.809e+06
     219.8  5.943e+06
     221.8  5.129e+06
     223.8  5.588e+06
     225.8  5.152e+06
     227.8  5.551e+06
     229.8  4.889e+06
     231.8  5.385e+06
     233.9  4.838e+06
     235.9  5.032e+06
     237.9  4.546e+06
     239.9  4.353e+06
     241.9  4.611e+06
     243.9  4.302e+06
       246  4.953e+06
       248  4.488e+06
       250 -1.174e+09
