     2.016  1.482e+09
     4.032  9.012e+08
     6.048  8.064e+08
     8.065  6.072e+08
     10.08  4.774e+08
      12.1  3.605e+08
     14.11  2.804e+08
     16.13  2.477e+08
     18.14  2.017e+08
     20.16  1.848e+08
     22.18  1.554e+08
     24.19  1.361e+08
     26.21  1.196e+08
     28.23   1.07e+08
     30.24   1.03e+08
     32.26  8.996e+07
     34.27  9.068e+07
     36.29  7.975e+07
     38.31   7.41e+07
     40.32  7.384e+07
     42.34  6.678e+07
     44.35  6.413e+07
     46.37  6.477e+07
     48.39  6.059e+07
      50.4  6.091e+07
     52.42   6.05e+07
     54.44   5.94e+07
     56.45  5.636e+07
     58.47  5.647e+07
     60.48  5.469e+07
      62.5  5.084e+07
     64.52  4.985e+07
     66.53  4.675e+07
     68.55  4.126e+07
     70.56  4.379e+07
     72.58   4.28e+07
      74.6  3.905e+07
     76.61   3.55e+07
     78.63  3.478e+07
     80.64  3.351e+07
     82.66  3.075e+07
     84.68  3.227e+07
     86.69  3.085e+07
     88.71  2.845e+07
     90.73  2.869e+07
     92.74  2.676e+07
     94.76  2.602e+07
     96.77  2.564e+07
     98.79  2.818e+07
     100.8  2.645e+07
     102.8   2.59e+07
     104.8  2.398e+07
     106.8  2.342e+07
     108.9  2.075e+07
     110.9  2.223e+07
     112.9  2.236e+07
     114.9  2.123e+07
     116.9  2.107e+07
       119  2.155e+07
       121  1.911e+07
       123  2.175e+07
       125  1.856e+07
       127  1.832e+07
       129  1.874e+07
     131.1  1.769e+07
     133.1  1.799e+07
     135.1  1.645e+07
     137.1  1.581e+07
     139.1  1.342e+07
     141.1  1.473e+07
     143.2  1.486e+07
     145.2  1.516e+07
     147.2  1.493e+07
     149.2  1.421e+07
     151.2  1.374e+07
     153.2  1.206e+07
     155.2  1.304e+07
     157.3  1.291e+07
     159.3  1.286e+07
     161.3  1.185e+07
     163.3  1.243e+07
     165.3  1.229e+07
     167.3  1.151e+07
     169.3  1.134e+07
     171.4  1.156e+07
     173.4  1.111e+07
     175.4  1.008e+07
     177.4  1.041e+07
     179.4  9.935e+06
     181.4  9.961e+06
     183.5   9.63e+06
     185.5  1.043e+07
     187.5   9.59e+06
     189.5  8.526e+06
     191.5  8.769e+06
     193.6  8.634e+06
     195.6   8.18e+06
     197.6  7.295e+06
     199.6  7.816e+06
     201.6  7.105e+06
     203.6  7.349e+06
     205.7  6.776e+06
     207.7  6.897e+06
     209.7  6.381e+06
     211.7  6.276e+06
     213.7  6.112e+06
     215.7  5.761e+06
     217.7  6.686e+06
     219.8  6.303e+06
     221.8  5.775e+06
     223.8  5.694e+06
     225.8  5.257e+06
     227.8   5.76e+06
     229.8  5.578e+06
     231.8  5.591e+06
     233.9  6.023e+06
     235.9  5.065e+06
     237.9  4.679e+06
     239.9  4.683e+06
     241.9  5.069e+06
     243.9  4.335e+06
       246  4.471e+06
       248  4.969e+06
       250 -1.132e+09
