     2.016   3.35e+09
     4.032  6.195e+08
     6.048  5.116e+08
     8.065  5.141e+08
     10.08  4.682e+08
      12.1  4.128e+08
     14.11  3.878e+08
     16.13  3.604e+08
     18.14  2.947e+08
     20.16  2.664e+08
     22.18  2.318e+08
     24.19  1.953e+08
     26.21   1.76e+08
     28.23  1.487e+08
     30.24  1.292e+08
     32.26  1.178e+08
     34.27  1.115e+08
     36.29  9.534e+07
     38.31  8.621e+07
     40.32  7.502e+07
     42.34  6.915e+07
     44.35  5.901e+07
     46.37  6.178e+07
     48.39  5.582e+07
      50.4  5.242e+07
     52.42  5.037e+07
     54.44  4.403e+07
     56.45  4.412e+07
     58.47  4.136e+07
     60.48  4.102e+07
      62.5  3.916e+07
     64.52  3.381e+07
     66.53  3.446e+07
     68.55  3.109e+07
     70.56  2.598e+07
     72.58  2.636e+07
      74.6  2.693e+07
     76.61  2.329e+07
     78.63   2.36e+07
     80.64  2.141e+07
     82.66  2.359e+07
     84.68  2.057e+07
     86.69  2.155e+07
     88.71  1.899e+07
     90.73  1.962e+07
     92.74   1.79e+07
     94.76  1.928e+07
     96.77  1.682e+07
     98.79  1.494e+07
     100.8  1.492e+07
     102.8  1.415e+07
     104.8  1.373e+07
     106.8  1.242e+07
     108.9  1.205e+07
     110.9  1.197e+07
     112.9  1.104e+07
     114.9  1.155e+07
     116.9  1.094e+07
       119  1.014e+07
       121  9.261e+06
       123  8.894e+06
       125  9.532e+06
       127  9.692e+06
       129  8.659e+06
     131.1  7.937e+06
     133.1  8.095e+06
     135.1   7.64e+06
     137.1    6.6e+06
     139.1  6.135e+06
     141.1  7.085e+06
     143.2   6.43e+06
     145.2  6.536e+06
     147.2  6.576e+06
     149.2  5.504e+06
     151.2  6.032e+06
     153.2  6.263e+06
     155.2  5.801e+06
     157.3    5.9e+06
     159.3  5.103e+06
     161.3   5.26e+06
     163.3  4.952e+06
     165.3  5.108e+06
     167.3  4.595e+06
     169.3  4.845e+06
     171.4  3.885e+06
     173.4  4.296e+06
     175.4  4.495e+06
     177.4  4.154e+06
     179.4  3.753e+06
     181.4   3.73e+06
     183.5  3.627e+06
     185.5  3.992e+06
     187.5  4.352e+06
     189.5  4.389e+06
     191.5  3.782e+06
     193.6  3.683e+06
     195.6  4.029e+06
     197.6  3.888e+06
     199.6  3.769e+06
     201.6  3.039e+06
     203.6  3.383e+06
     205.7  3.311e+06
     207.7  3.487e+06
     209.7  2.983e+06
     211.7  3.382e+06
     213.7  3.075e+06
     215.7  2.972e+06
     217.7  2.886e+06
     219.8  2.629e+06
     221.8  2.618e+06
     223.8  2.971e+06
     225.8  2.664e+06
     227.8  2.653e+06
     229.8  2.513e+06
     231.8  2.607e+06
     233.9  2.267e+06
     235.9  2.449e+06
     237.9   2.34e+06
     239.9   2.21e+06
     241.9  2.126e+06
     243.9  2.119e+06
       246  2.284e+06
       248  2.052e+06
       250  -8.14e+08
