     2.016  1.934e+09
     4.032  1.062e+09
     6.048  6.504e+08
     8.065  4.967e+08
     10.08  3.754e+08
      12.1  3.328e+08
     14.11  2.791e+08
     16.13  2.559e+08
     18.14  2.204e+08
     20.16  2.075e+08
     22.18  1.679e+08
     24.19  1.527e+08
     26.21  1.451e+08
     28.23  1.283e+08
     30.24  1.128e+08
     32.26  1.047e+08
     34.27  8.897e+07
     36.29  8.872e+07
     38.31  7.884e+07
     40.32  7.496e+07
     42.34  6.775e+07
     44.35  6.207e+07
     46.37  5.729e+07
     48.39  5.474e+07
      50.4  5.364e+07
     52.42  4.929e+07
     54.44  4.802e+07
     56.45  4.284e+07
     58.47  3.957e+07
     60.48  3.571e+07
      62.5  3.441e+07
     64.52  3.207e+07
     66.53   3.47e+07
     68.55  2.922e+07
     70.56  2.723e+07
     72.58  2.603e+07
      74.6  2.446e+07
     76.61  2.297e+07
     78.63  2.024e+07
     80.64  2.082e+07
     82.66  1.953e+07
     84.68  1.963e+07
     86.69  1.888e+07
     88.71  1.755e+07
     90.73  1.601e+07
     92.74  1.429e+07
     94.76  1.482e+07
     96.77  1.368e+07
     98.79  1.421e+07
     100.8  1.295e+07
     102.8  1.392e+07
     104.8   1.29e+07
     106.8  1.272e+07
     108.9  1.205e+07
     110.9  1.284e+07
     112.9  1.337e+07
     114.9  1.155e+07
     116.9  1.203e+07
       119  1.161e+07
       121  1.077e+07
       123  9.867e+06
       125  1.017e+07
       127  8.379e+06
       129  8.968e+06
     131.1  8.179e+06
     133.1  7.675e+06
     135.1  7.816e+06
     137.1  7.353e+06
     139.1  7.568e+06
     141.1  7.141e+06
     143.2  6.208e+06
     145.2  6.152e+06
     147.2  6.145e+06
     149.2  5.023e+06
     151.2  5.141e+06
     153.2  4.865e+06
     155.2  4.928e+06
     157.3  5.345e+06
     159.3  4.853e+06
     161.3  4.916e+06
     163.3  4.369e+06
     165.3  4.385e+06
     167.3  4.074e+06
     169.3  4.233e+06
     171.4  4.347e+06
     173.4  4.068e+06
     175.4  4.268e+06
     177.4  3.439e+06
     179.4  3.268e+06
     181.4  4.388e+06
     183.5  3.239e+06
     185.5  3.133e+06
     187.5  2.915e+06
     189.5  3.051e+06
     191.5  2.951e+06
     193.6  3.315e+06
     195.6  3.297e+06
     197.6  2.806e+06
     199.6  2.619e+06
     201.6  3.039e+06
     203.6  2.994e+06
     205.7  3.234e+06
     207.7  3.104e+06
     209.7  3.134e+06
     211.7  3.382e+06
     213.7  2.704e+06
     215.7  2.605e+06
     217.7  2.448e+06
     219.8  2.413e+06
     221.8  2.295e+06
     223.8  1.981e+06
     225.8  1.928e+06
     227.8  1.955e+06
     229.8  2.272e+06
     231.8  1.921e+06
     233.9  1.827e+06
     235.9   1.51e+06
     237.9  1.638e+06
     239.9  1.616e+06
     241.9  1.635e+06
     243.9  1.597e+06
       246  1.673e+06
       248   1.86e+06
       250  -7.32e+08
