     2.016  1.831e+09
     4.032  8.092e+08
     6.048  5.939e+08
     8.065  4.632e+08
     10.08  3.775e+08
      12.1  3.313e+08
     14.11  2.974e+08
     16.13  2.684e+08
     18.14  2.512e+08
     20.16  2.144e+08
     22.18  1.824e+08
     24.19  1.664e+08
     26.21  1.564e+08
     28.23  1.493e+08
     30.24  1.401e+08
     32.26  1.313e+08
     34.27   1.22e+08
     36.29  1.202e+08
     38.31  1.085e+08
     40.32  9.841e+07
     42.34  9.073e+07
     44.35   8.21e+07
     46.37  7.762e+07
     48.39  7.165e+07
      50.4  6.281e+07
     52.42  5.881e+07
     54.44  5.541e+07
     56.45  5.323e+07
     58.47  5.482e+07
     60.48  4.818e+07
      62.5  4.648e+07
     64.52  4.624e+07
     66.53  4.434e+07
     68.55  4.161e+07
     70.56  3.778e+07
     72.58  3.651e+07
      74.6  3.293e+07
     76.61  3.059e+07
     78.63   2.98e+07
     80.64  2.706e+07
     82.66  2.668e+07
     84.68  2.406e+07
     86.69  2.404e+07
     88.71  2.241e+07
     90.73  2.112e+07
     92.74  2.126e+07
     94.76  2.072e+07
     96.77  2.044e+07
     98.79  1.865e+07
     100.8  1.634e+07
     102.8  1.726e+07
     104.8  1.715e+07
     106.8  1.668e+07
     108.9  1.607e+07
     110.9  1.456e+07
     112.9  1.352e+07
     114.9  1.404e+07
     116.9  1.366e+07
       119  1.323e+07
       121  1.287e+07
       123  1.311e+07
       125  1.252e+07
       127  1.144e+07
       129  1.113e+07
     131.1  1.115e+07
     133.1  1.031e+07
     135.1  9.285e+06
     137.1  9.263e+06
     139.1  8.944e+06
     141.1  9.278e+06
     143.2  9.479e+06
     145.2  8.514e+06
     147.2  7.762e+06
     149.2  8.282e+06
     151.2  7.659e+06
     153.2  6.936e+06
     155.2  7.855e+06
     157.3  6.959e+06
     159.3  6.954e+06
     161.3  6.587e+06
     163.3  6.505e+06
     165.3  6.168e+06
     167.3  5.305e+06
     169.3  6.538e+06
     171.4  5.642e+06
     173.4  4.982e+06
     175.4  5.267e+06
     177.4   5.27e+06
     179.4  5.034e+06
     181.4  5.178e+06
     183.5  4.923e+06
     185.5  5.322e+06
     187.5  5.661e+06
     189.5  4.848e+06
     191.5   5.07e+06
     193.6  4.624e+06
     195.6  4.192e+06
     197.6  4.088e+06
     199.6  4.205e+06
     201.6  4.421e+06
     203.6  4.161e+06
     205.7  4.274e+06
     207.7   4.56e+06
     209.7   4.72e+06
     211.7  4.134e+06
     213.7  4.408e+06
     215.7  3.816e+06
     217.7   3.69e+06
     219.8  3.386e+06
     221.8  3.587e+06
     223.8  3.112e+06
     225.8   3.26e+06
     227.8  3.561e+06
     229.8  3.478e+06
     231.8  3.499e+06
     233.9  3.282e+06
     235.9  3.254e+06
     237.9  3.175e+06
     239.9  3.364e+06
     241.9  3.303e+06
     243.9  2.868e+06
       246  2.637e+06
       248  2.661e+06
       250 -9.245e+08
