     2.016  3.437e+09
     4.032   1.18e+09
     6.048  8.696e+08
     8.065  6.986e+08
     10.08  5.462e+08
      12.1  4.719e+08
     14.11  3.813e+08
     16.13  2.884e+08
     18.14  2.441e+08
     20.16  2.091e+08
     22.18  1.761e+08
     24.19   1.49e+08
     26.21  1.336e+08
     28.23  1.258e+08
     30.24  1.065e+08
     32.26  9.638e+07
     34.27  8.971e+07
     36.29  8.219e+07
     38.31  7.969e+07
     40.32  7.571e+07
     42.34  6.785e+07
     44.35   6.36e+07
     46.37  5.395e+07
     48.39  5.549e+07
      50.4  5.274e+07
     52.42   5.16e+07
     54.44  4.773e+07
     56.45  4.583e+07
     58.47  4.081e+07
     60.48  3.863e+07
      62.5  3.749e+07
     64.52  3.642e+07
     66.53  3.398e+07
     68.55  3.051e+07
     70.56  2.598e+07
     72.58  2.647e+07
      74.6  2.349e+07
     76.61  2.318e+07
     78.63  2.217e+07
     80.64  2.092e+07
     82.66  1.914e+07
     84.68  2.246e+07
     86.69  2.044e+07
     88.71  2.088e+07
     90.73  2.006e+07
     92.74  1.807e+07
     94.76    1.6e+07
     96.77  1.608e+07
     98.79   1.55e+07
     100.8    1.5e+07
     102.8  1.408e+07
     104.8  1.449e+07
     106.8  1.459e+07
     108.9  1.235e+07
     110.9  1.226e+07
     112.9  1.104e+07
     114.9  1.148e+07
     116.9  9.515e+06
       119  9.063e+06
       121  8.998e+06
       123   7.92e+06
       125  7.244e+06
       127  7.253e+06
       129  7.978e+06
     131.1   7.21e+06
     133.1  6.836e+06
     135.1  6.406e+06
     137.1  5.847e+06
     139.1  5.447e+06
     141.1   5.96e+06
     143.2  5.709e+06
     145.2  5.822e+06
     147.2  4.204e+06
     149.2  4.916e+06
     151.2  4.616e+06
     153.2   4.71e+06
     155.2  4.569e+06
     157.3   4.79e+06
     159.3  4.403e+06
     161.3  4.965e+06
     163.3  4.369e+06
     165.3  4.337e+06
     167.3  4.263e+06
     169.3  3.575e+06
     171.4  3.792e+06
     173.4  3.794e+06
     175.4  3.451e+06
     177.4  3.216e+06
     179.4   2.87e+06
     181.4  3.905e+06
     183.5  3.886e+06
     185.5   3.09e+06
     187.5  3.211e+06
     189.5   2.55e+06
     191.5  2.535e+06
     193.6  2.783e+06
     195.6  2.645e+06
     197.6  2.645e+06
     199.6  2.301e+06
     201.6   2.25e+06
     203.6  2.411e+06
     205.7   2.31e+06
     207.7  2.261e+06
     209.7  2.152e+06
     211.7  2.067e+06
     213.7   2.26e+06
     215.7  1.798e+06
     217.7  1.717e+06
     219.8  1.837e+06
     221.8  1.471e+06
     223.8  1.662e+06
     225.8  1.472e+06
     227.8  1.815e+06
     229.8  2.272e+06
     231.8  2.367e+06
     233.9  1.658e+06
     235.9  1.342e+06
     237.9  1.304e+06
     239.9  1.055e+06
     241.9  1.014e+06
     243.9  8.474e+05
       246  9.971e+05
       248  7.695e+05
       250 -7.503e+08
