     2.016  2.091e+09
     4.032  7.015e+08
     6.048  3.376e+08
     8.065   1.91e+08
     10.08  1.325e+08
      12.1  1.085e+08
     14.11  8.964e+07
     16.13  7.424e+07
     18.14  7.196e+07
     20.16  6.331e+07
     22.18   5.43e+07
     24.19  4.397e+07
     26.21  3.891e+07
     28.23  3.246e+07
     30.24  2.965e+07
     32.26  2.685e+07
     34.27  2.364e+07
     36.29  2.034e+07
     38.31  1.714e+07
     40.32  1.451e+07
     42.34  1.175e+07
     44.35  9.671e+06
     46.37  8.441e+06
     48.39  9.098e+06
      50.4  8.647e+06
     52.42  7.064e+06
     54.44  5.955e+06
     56.45  6.589e+06
     58.47  5.825e+06
     60.48  5.004e+06
      62.5  4.493e+06
     64.52  4.077e+06
     66.53  3.892e+06
     68.55  3.857e+06
     70.56  3.959e+06
     72.58  3.618e+06
      74.6  3.508e+06
     76.61  4.031e+06
     78.63  3.519e+06
     80.64  2.964e+06
     82.66  2.939e+06
     84.68  2.755e+06
     86.69  2.532e+06
     88.71  2.664e+06
     90.73  2.429e+06
     92.74  2.754e+06
     94.76  2.029e+06
     96.77  1.756e+06
     98.79  1.687e+06
     100.8  1.697e+06
     102.8  1.602e+06
     104.8  1.244e+06
     106.8  9.351e+05
     108.9  1.015e+06
     110.9  1.291e+06
     112.9  8.492e+05
     114.9  5.672e+05
     116.9  5.845e+05
       119  8.727e+05
       121  7.947e+05
       123  8.244e+05
       125  6.227e+05
       127  8.879e+05
       129  6.247e+05
     131.1   8.24e+05
     133.1  5.756e+05
     135.1  6.523e+05
     137.1  5.442e+05
     139.1  6.479e+05
     141.1  4.892e+05
     143.2  8.204e+05
     145.2  4.614e+05
     147.2  4.959e+05
     149.2  7.748e+05
     151.2  1.049e+06
     153.2  7.298e+05
     155.2  3.645e+05
     157.3  4.639e+05
     159.3  2.952e+05
     161.3  2.999e+05
     163.3  3.107e+05
     165.3  3.614e+05
     167.3  2.132e+05
     169.3  1.881e+05
     171.4    3.7e+05
     173.4  2.788e+05
     175.4  2.951e+05
     177.4   3.26e+05
     179.4  1.987e+05
     181.4  2.326e+05
     183.5  1.641e+05
     185.5  2.575e+05
     187.5  1.225e+05
     189.5  6.269e+04
     191.5  1.496e+05
     193.6  1.923e+05
     195.6  1.343e+05
     197.6  4.008e+04
     199.6   1.23e+05
     201.6  5.921e+04
     203.6  4.277e+04
     205.7  1.117e+05
     207.7  5.747e+04
     209.7  1.057e+05
     211.7  6.765e+04
     213.7  1.111e+05
     215.7  7.339e+04
     217.7  2.192e+04
     219.8  8.284e+04
     221.8  5.739e+04
     223.8  1.379e+05
     225.8  9.113e+04
     227.8  7.331e+04
     229.8  3.787e+04
     231.8  6.174e+04
     233.9  1.015e+04
     235.9  1.342e+04
     237.9  3.342e+04
     239.9  1.088e+05
     241.9  2.289e+04
     243.9   7.17e+04
       246  5.146e+04
       248  3.206e+04
       250 -1.415e+08
