     2.016  2.586e+09
     4.032  1.318e+09
     6.048  7.706e+08
     8.065  5.067e+08
     10.08  4.034e+08
      12.1  3.249e+08
     14.11  2.617e+08
     16.13  2.133e+08
     18.14   1.74e+08
     20.16  1.525e+08
     22.18  1.362e+08
     24.19  1.095e+08
     26.21   9.26e+07
     28.23   9.27e+07
     30.24  8.417e+07
     32.26  7.442e+07
     34.27  6.441e+07
     36.29   5.93e+07
     38.31  5.499e+07
     40.32  4.843e+07
     42.34  5.039e+07
     44.35  4.546e+07
     46.37  4.234e+07
     48.39  3.999e+07
      50.4  3.804e+07
     52.42  3.736e+07
     54.44  3.332e+07
     56.45  3.002e+07
     58.47  2.889e+07
     60.48   2.38e+07
      62.5  2.407e+07
     64.52  2.225e+07
     66.53  1.982e+07
     68.55  1.952e+07
     70.56  1.906e+07
     72.58  2.007e+07
      74.6  1.867e+07
     76.61  1.587e+07
     78.63  1.688e+07
     80.64  1.566e+07
     82.66   1.47e+07
     84.68   1.33e+07
     86.69  1.427e+07
     88.71  1.287e+07
     90.73  1.144e+07
     92.74  1.136e+07
     94.76  1.086e+07
     96.77  9.068e+06
     98.79  7.912e+06
     100.8  7.342e+06
     102.8  7.077e+06
     104.8  7.057e+06
     106.8  6.284e+06
     108.9  6.647e+06
     110.9   6.31e+06
     112.9  6.227e+06
     114.9  5.395e+06
     116.9  5.097e+06
       119  5.438e+06
       121  5.189e+06
       123  5.193e+06
       125  5.401e+06
       127  5.627e+06
       129  4.391e+06
     131.1  4.665e+06
     133.1  4.377e+06
     135.1  3.879e+06
     137.1  3.532e+06
     139.1  3.669e+06
     141.1  3.824e+06
     143.2  3.769e+06
     145.2   3.46e+06
     147.2  3.396e+06
     149.2  3.847e+06
     151.2  3.882e+06
     153.2  3.416e+06
     155.2  3.748e+06
     157.3  2.975e+06
     159.3  3.202e+06
     161.3  3.048e+06
     163.3  2.913e+06
     165.3   2.65e+06
     167.3  2.653e+06
     169.3  2.493e+06
     171.4  2.682e+06
     173.4  2.971e+06
     175.4  2.543e+06
     177.4   2.01e+06
     179.4  2.075e+06
     181.4  2.413e+06
     183.5  2.332e+06
     185.5  2.275e+06
     187.5   1.69e+06
     189.5   1.63e+06
     191.5  1.704e+06
     193.6  1.801e+06
     195.6  2.442e+06
     197.6  2.205e+06
     199.6  1.428e+06
     201.6  1.658e+06
     203.6  1.633e+06
     205.7  1.656e+06
     207.7  1.801e+06
     209.7  1.548e+06
     211.7  1.503e+06
     213.7  1.778e+06
     215.7  1.504e+06
     217.7  1.461e+06
     219.8  1.369e+06
     221.8  1.327e+06
     223.8  1.521e+06
     225.8  1.262e+06
     227.8  1.292e+06
     229.8  1.171e+06
     231.8  1.303e+06
     233.9  1.387e+06
     235.9  1.107e+06
     237.9  9.025e+05
     239.9  8.245e+05
     241.9  8.176e+05
     243.9  8.148e+05
       246  8.041e+05
       248  6.092e+05
       250 -5.255e+08
