     2.016  1.935e+09
     4.032  9.823e+08
     6.048  5.728e+08
     8.065  3.864e+08
     10.08  2.892e+08
      12.1  2.259e+08
     14.11  1.775e+08
     16.13  1.517e+08
     18.14  1.316e+08
     20.16  1.077e+08
     22.18  9.614e+07
     24.19  8.022e+07
     26.21   7.08e+07
     28.23  6.416e+07
     30.24  5.036e+07
     32.26  4.603e+07
     34.27   4.35e+07
     36.29  3.466e+07
     38.31  3.097e+07
     40.32  2.665e+07
     42.34  2.437e+07
     44.35  2.364e+07
     46.37  2.391e+07
     48.39  2.186e+07
      50.4  2.129e+07
     52.42  2.127e+07
     54.44  1.939e+07
     56.45   1.83e+07
     58.47  1.695e+07
     60.48  1.659e+07
      62.5  1.378e+07
     64.52  1.159e+07
     66.53  1.219e+07
     68.55  1.114e+07
     70.56   1.05e+07
     72.58  9.155e+06
      74.6  9.923e+06
     76.61  7.414e+06
     78.63  9.723e+06
     80.64   7.97e+06
     82.66  7.561e+06
     84.68  7.747e+06
     86.69    7.1e+06
     88.71  6.931e+06
     90.73  6.327e+06
     92.74  6.196e+06
     94.76   5.92e+06
     96.77  5.869e+06
     98.79  6.322e+06
     100.8  5.171e+06
     102.8  5.809e+06
     104.8  5.752e+06
     106.8  5.364e+06
     108.9  5.143e+06
     110.9  5.342e+06
     112.9  4.663e+06
     114.9  4.544e+06
     116.9  4.914e+06
       119  5.706e+06
       121  5.228e+06
       123   6.31e+06
       125  4.715e+06
       127  4.633e+06
       129  4.354e+06
     131.1  4.114e+06
     133.1  3.352e+06
     135.1  3.391e+06
     137.1  3.908e+06
     139.1  3.102e+06
     141.1  3.503e+06
     143.2  3.791e+06
     145.2  3.653e+06
     147.2  3.547e+06
     149.2  2.928e+06
     151.2  2.964e+06
     153.2  2.681e+06
     155.2  2.218e+06
     157.3  2.431e+06
     159.3  2.547e+06
     161.3  2.242e+06
     163.3  2.267e+06
     165.3  2.458e+06
     167.3  2.653e+06
     169.3  2.728e+06
     171.4  2.682e+06
     173.4  3.382e+06
     175.4  3.859e+06
     177.4   2.59e+06
     179.4  2.517e+06
     181.4  2.633e+06
     183.5  2.332e+06
     185.5  2.146e+06
     187.5  2.197e+06
     189.5  1.923e+06
     191.5   1.87e+06
     193.6  1.923e+06
     195.6  1.547e+06
     197.6  1.683e+06
     199.6  1.468e+06
     201.6  1.658e+06
     203.6  1.439e+06
     205.7  1.579e+06
     207.7  1.341e+06
     209.7  1.548e+06
     211.7  1.578e+06
     213.7  1.408e+06
     215.7  1.321e+06
     217.7  1.534e+06
     219.8  1.297e+06
     221.8  1.184e+06
     223.8  1.309e+06
     225.8  1.227e+06
     227.8  1.187e+06
     229.8  1.171e+06
     231.8  1.063e+06
     233.9  1.083e+06
     235.9   1.04e+06
     237.9  1.103e+06
     239.9  9.894e+05
     241.9  1.145e+06
     243.9  1.239e+06
       246  9.649e+05
       248  1.122e+06
       250 -3.749e+08
