     2.016  8.389e+08
     4.032  5.864e+08
     6.048  4.081e+08
     8.065  2.504e+08
     10.08  2.124e+08
      12.1  1.538e+08
     14.11  1.317e+08
     16.13  1.104e+08
     18.14  1.011e+08
     20.16  9.892e+07
     22.18   8.32e+07
     24.19  7.348e+07
     26.21  7.258e+07
     28.23  6.903e+07
     30.24  6.457e+07
     32.26  5.821e+07
     34.27  5.342e+07
     36.29  4.786e+07
     38.31  4.328e+07
     40.32  3.938e+07
     42.34  3.541e+07
     44.35  3.457e+07
     46.37    3.1e+07
     48.39  2.774e+07
      50.4  2.615e+07
     52.42  2.555e+07
     54.44  2.361e+07
     56.45   2.36e+07
     58.47  1.996e+07
     60.48  1.857e+07
      62.5  1.794e+07
     64.52  1.774e+07
     66.53  1.564e+07
     68.55  1.419e+07
     70.56  1.324e+07
     72.58  1.182e+07
      74.6  1.164e+07
     76.61  1.023e+07
     78.63  9.245e+06
     80.64  9.418e+06
     82.66  8.934e+06
     84.68  1.075e+07
     86.69  9.108e+06
     88.71  9.389e+06
     90.73  8.615e+06
     92.74  8.288e+06
     94.76  9.246e+06
     96.77  7.518e+06
     98.79  6.742e+06
     100.8  6.608e+06
     102.8  6.572e+06
     104.8  5.926e+06
     106.8  5.962e+06
     108.9   6.26e+06
     110.9  5.392e+06
     112.9  5.201e+06
     114.9  5.153e+06
     116.9  4.723e+06
       119  5.189e+06
       121  4.263e+06
       123  3.616e+06
       125  4.194e+06
       127  3.964e+06
       129  3.581e+06
     131.1  3.744e+06
     133.1  3.412e+06
     135.1  3.679e+06
     137.1  3.155e+06
     139.1  2.918e+06
     141.1  3.003e+06
     143.2  2.905e+06
     145.2  3.213e+06
     147.2  2.938e+06
     149.2  2.298e+06
     151.2  2.717e+06
     153.2  2.748e+06
     155.2  2.469e+06
     157.3  2.587e+06
     159.3  2.196e+06
     161.3  2.959e+06
     163.3  3.107e+06
     165.3  2.602e+06
     167.3  2.274e+06
     169.3  2.117e+06
     171.4  2.312e+06
     173.4   1.92e+06
     175.4  1.907e+06
     177.4  1.876e+06
     179.4  1.987e+06
     181.4  1.667e+06
     183.5  1.641e+06
     185.5  1.631e+06
     187.5  1.648e+06
     189.5  1.755e+06
     191.5  1.704e+06
     193.6  1.841e+06
     195.6  1.465e+06
     197.6  1.764e+06
     199.6  1.706e+06
     201.6  1.421e+06
     203.6  1.517e+06
     205.7  1.194e+06
     207.7  1.111e+06
     209.7  9.439e+05
     211.7  1.203e+06
     213.7  1.222e+06
     215.7  9.907e+05
     217.7  9.499e+05
     219.8  9.365e+05
     221.8  8.967e+05
     223.8  7.781e+05
     225.8  9.113e+05
     227.8  7.331e+05
     229.8  8.608e+05
     231.8  5.145e+05
     233.9  5.414e+05
     235.9  6.709e+05
     237.9  7.353e+05
     239.9  7.585e+05
     241.9  6.867e+05
     243.9  6.193e+05
       246  6.111e+05
       248   5.13e+05
       250 -3.626e+08
