     2.016  3.539e+09
     4.032  1.205e+09
     6.048  5.253e+08
     8.065  3.049e+08
     10.08  1.786e+08
      12.1  1.264e+08
     14.11  9.777e+07
     16.13   7.21e+07
     18.14  6.744e+07
     20.16  5.181e+07
     22.18  4.591e+07
     24.19  3.652e+07
     26.21  3.922e+07
     28.23  2.718e+07
     30.24  2.466e+07
     32.26  1.998e+07
     34.27  1.813e+07
     36.29  1.821e+07
     38.31  1.723e+07
     40.32  1.423e+07
     42.34  1.341e+07
     44.35  1.304e+07
     46.37  1.276e+07
     48.39   1.18e+07
      50.4  1.178e+07
     52.42  1.245e+07
     54.44  8.807e+06
     56.45   9.92e+06
     58.47  7.021e+06
     60.48  7.592e+06
      62.5  7.215e+06
     64.52  7.732e+06
     66.53   6.41e+06
     68.55  6.943e+06
     70.56  5.797e+06
     72.58  6.133e+06
      74.6  5.343e+06
     76.61  4.281e+06
     78.63   4.17e+06
     80.64  5.105e+06
     82.66  5.376e+06
     84.68  4.397e+06
     86.69  5.046e+06
     88.71   4.96e+06
     90.73  4.514e+06
     92.74  6.084e+06
     94.76  4.834e+06
     96.77  5.045e+06
     98.79  4.828e+06
     100.8  4.587e+06
     102.8  3.126e+06
     104.8  3.885e+06
     106.8  3.224e+06
     108.9  2.944e+06
     110.9  3.033e+06
     112.9  3.319e+06
     114.9  3.043e+06
     116.9  3.419e+06
       119  2.786e+06
       121   3.35e+06
       123  3.746e+06
       125  3.063e+06
       127  2.814e+06
       129  2.616e+06
     131.1   2.09e+06
     133.1  2.171e+06
     135.1  1.945e+06
     137.1  2.113e+06
     139.1  1.795e+06
     141.1  1.732e+06
     143.2  1.874e+06
     145.2  1.736e+06
     147.2   1.66e+06
     149.2   2.25e+06
     151.2  1.904e+06
     153.2  2.112e+06
     155.2  1.941e+06
     157.3  1.598e+06
     159.3  1.471e+06
     161.3   1.48e+06
     163.3  1.325e+06
     165.3  1.826e+06
     167.3  1.592e+06
     169.3  1.369e+06
     171.4  1.485e+06
     173.4  1.604e+06
     175.4  1.589e+06
     177.4  1.626e+06
     179.4  1.691e+06
     181.4  1.488e+06
     183.5  1.654e+06
     185.5  1.889e+06
     187.5  1.618e+06
     189.5  1.375e+06
     191.5  1.338e+06
     193.6  1.285e+06
     195.6  1.559e+06
     197.6  1.315e+06
     199.6  1.206e+06
     201.6   9.67e+05
     203.6  9.721e+05
     205.7  1.147e+06
     207.7  1.115e+06
     209.7  1.016e+06
     211.7  1.199e+06
     213.7  9.631e+05
     215.7   8.77e+05
     217.7  9.024e+05
     219.8  9.617e+05
     221.8  9.182e+05
     223.8  9.478e+05
     225.8  8.832e+05
     227.8  9.042e+05
     229.8  8.091e+05
     231.8  6.826e+05
     233.9  7.072e+05
     235.9  7.682e+05
     237.9   7.22e+05
     239.9  6.233e+05
     241.9  5.134e+05
     243.9  5.606e+05
       246  6.111e+05
       248  6.156e+05
       250 -2.403e+08
