     2.016  2.713e+09
     4.032  1.116e+09
     6.048  9.874e+08
     8.065   8.59e+08
     10.08  7.086e+08
      12.1  6.197e+08
     14.11  5.346e+08
     16.13  4.605e+08
     18.14   4.08e+08
     20.16  3.694e+08
     22.18   3.26e+08
     24.19  2.893e+08
     26.21  2.687e+08
     28.23  2.422e+08
     30.24  2.166e+08
     32.26  2.049e+08
     34.27  1.839e+08
     36.29  1.718e+08
     38.31  1.566e+08
     40.32  1.531e+08
     42.34   1.37e+08
     44.35  1.271e+08
     46.37  1.222e+08
     48.39   1.13e+08
      50.4  1.018e+08
     52.42  1.004e+08
     54.44  8.807e+07
     56.45   8.71e+07
     58.47  7.818e+07
     60.48  7.964e+07
      62.5  7.177e+07
     64.52  6.874e+07
     66.53  6.566e+07
     68.55  6.207e+07
     70.56  6.228e+07
     72.58  6.045e+07
      74.6  5.739e+07
     76.61  5.357e+07
     78.63   5.37e+07
     80.64  4.967e+07
     82.66  4.989e+07
     84.68  4.397e+07
     86.69  4.218e+07
     88.71  4.141e+07
     90.73  4.347e+07
     92.74   3.95e+07
     94.76  3.764e+07
     96.77  3.594e+07
     98.79   3.48e+07
     100.8  3.221e+07
     102.8  3.103e+07
     104.8  2.899e+07
     106.8  2.977e+07
     108.9  3.031e+07
     110.9   2.84e+07
     112.9  2.831e+07
     114.9  2.642e+07
     116.9  2.508e+07
       119  2.504e+07
       121  2.286e+07
       123  2.441e+07
       125  2.345e+07
       127   2.27e+07
       129   2.22e+07
     131.1  2.169e+07
     133.1  2.093e+07
     135.1  1.922e+07
     137.1   1.98e+07
     139.1  1.932e+07
     141.1  1.957e+07
     143.2  1.818e+07
     145.2  1.725e+07
     147.2  1.644e+07
     149.2  1.502e+07
     151.2  1.547e+07
     153.2   1.62e+07
     155.2  1.586e+07
     157.3  1.513e+07
     159.3  1.466e+07
     161.3  1.568e+07
     163.3  1.466e+07
     165.3  1.364e+07
     167.3  1.421e+07
     169.3  1.336e+07
     171.4  1.323e+07
     173.4  1.234e+07
     175.4  1.226e+07
     177.4  1.192e+07
     179.4  1.104e+07
     181.4  1.115e+07
     183.5  9.543e+06
     185.5  9.743e+06
     187.5  9.844e+06
     189.5  9.153e+06
     191.5  9.392e+06
     193.6  8.389e+06
     195.6  8.791e+06
     197.6  8.538e+06
     199.6   8.49e+06
     201.6  7.894e+06
     203.6  8.205e+06
     205.7  8.586e+06
     207.7  8.276e+06
     209.7  7.363e+06
     211.7  7.141e+06
     213.7  7.409e+06
     215.7  6.421e+06
     217.7  5.772e+06
     219.8  6.627e+06
     221.8  6.886e+06
     223.8  6.437e+06
     225.8  6.554e+06
     227.8  6.842e+06
     229.8  5.578e+06
     231.8  5.317e+06
     233.9  5.481e+06
     235.9  5.199e+06
     237.9  4.913e+06
     239.9  5.079e+06
     241.9  5.559e+06
     243.9  5.476e+06
       246  4.632e+06
       248  4.937e+06
       250 -1.625e+09
