     2.016  3.021e+09
     4.032  1.143e+09
     6.048  4.442e+08
     8.065  2.815e+08
     10.08  1.978e+08
      12.1  1.576e+08
     14.11   1.26e+08
     16.13  1.043e+08
     18.14  9.361e+07
     20.16  7.658e+07
     22.18  6.675e+07
     24.19   5.86e+07
     26.21  5.457e+07
     28.23  3.985e+07
     30.24  3.729e+07
     32.26  3.633e+07
     34.27  3.069e+07
     36.29  2.676e+07
     38.31  2.381e+07
     40.32  1.903e+07
     42.34  1.906e+07
     44.35  1.652e+07
     46.37  1.476e+07
     48.39  1.536e+07
      50.4  1.362e+07
     52.42  1.144e+07
     54.44   1.25e+07
     56.45  8.198e+06
     58.47  1.057e+07
     60.48  8.296e+06
      62.5  7.485e+06
     64.52   9.46e+06
     66.53  6.241e+06
     68.55    7.2e+06
     70.56  5.593e+06
     72.58  5.581e+06
      74.6  5.031e+06
     76.61  5.054e+06
     78.63  5.228e+06
     80.64  4.887e+06
     82.66  4.796e+06
     84.68  4.378e+06
     86.69  3.997e+06
     88.71  3.889e+06
     90.73  3.326e+06
     92.74   3.95e+06
     94.76  3.579e+06
     96.77  3.223e+06
     98.79  2.834e+06
     100.8  2.645e+06
     102.8  2.792e+06
     104.8  2.284e+06
     106.8  2.394e+06
     108.9  2.316e+06
     110.9  2.151e+06
     112.9  2.272e+06
     114.9  1.861e+06
     116.9  2.284e+06
       119  1.766e+06
       121  1.452e+06
       123  1.156e+06
       125  1.404e+06
       127  8.754e+05
       129  1.324e+06
     131.1  1.345e+06
     133.1  1.007e+06
     135.1  9.579e+05
     137.1  1.152e+06
     139.1  1.382e+06
     141.1  9.953e+05
     143.2  1.042e+06
     145.2  9.503e+05
     147.2  9.217e+05
     149.2  1.069e+06
     151.2  8.445e+05
     153.2  9.731e+05
     155.2  5.647e+05
     157.3  6.404e+05
     159.3  6.304e+05
     161.3  6.636e+05
     163.3  6.602e+05
     165.3  7.228e+05
     167.3  7.105e+05
     169.3  7.008e+05
     171.4  6.984e+05
     173.4  7.816e+05
     175.4  5.358e+05
     177.4  5.806e+05
     179.4  5.696e+05
     181.4   5.88e+05
     183.5  5.355e+05
     185.5  3.348e+05
     187.5  5.112e+05
     189.5  4.598e+05
     191.5   6.65e+05
     193.6  5.811e+05
     195.6  5.657e+05
     197.6  3.848e+05
     199.6  3.888e+05
     201.6  3.473e+05
     203.6  3.189e+05
     205.7   4.12e+05
     207.7  3.219e+05
     209.7  2.983e+05
     211.7  1.729e+05
     213.7   2.26e+05
     215.7  3.413e+05
     217.7  2.667e+05
     219.8  2.845e+05
     221.8  3.264e+05
     223.8  4.456e+05
     225.8  8.797e+05
     227.8  8.623e+05
     229.8  1.997e+05
     231.8   3.43e+05
     233.9  2.673e+05
     235.9  2.046e+05
     237.9   2.34e+05
     239.9  1.253e+05
     241.9  1.995e+05
     243.9   1.63e+05
       246   1.48e+05
       248  9.939e+04
       250 -2.179e+08
