     2.016  8.687e+08
     4.032  9.232e+08
     6.048  7.532e+08
     8.065  5.963e+08
     10.08  4.618e+08
      12.1  4.261e+08
     14.11  4.043e+08
     16.13  3.638e+08
     18.14  3.242e+08
     20.16  2.254e+08
     22.18  1.661e+08
     24.19  1.439e+08
     26.21  1.253e+08
     28.23  1.069e+08
     30.24  8.825e+07
     32.26  7.915e+07
     34.27  7.131e+07
     36.29  6.628e+07
     38.31  6.164e+07
     40.32  5.303e+07
     42.34  5.134e+07
     44.35  4.571e+07
     46.37  4.299e+07
     48.39  4.019e+07
      50.4  3.657e+07
     52.42  3.575e+07
     54.44  3.266e+07
     56.45  3.074e+07
     58.47  2.954e+07
     60.48  2.628e+07
      62.5  2.555e+07
     64.52   2.66e+07
     66.53  2.446e+07
     68.55  2.209e+07
     70.56  2.348e+07
     72.58  2.239e+07
      74.6   1.92e+07
     76.61  1.921e+07
     78.63  1.871e+07
     80.64  1.794e+07
     82.66   1.75e+07
     84.68  1.812e+07
     86.69  1.685e+07
     88.71  1.692e+07
     90.73  1.637e+07
     92.74  1.463e+07
     94.76  1.507e+07
     96.77  1.443e+07
     98.79  1.437e+07
     100.8  1.524e+07
     102.8   1.61e+07
     104.8  1.556e+07
     106.8  1.511e+07
     108.9  1.264e+07
     110.9  1.126e+07
     112.9   1.09e+07
     114.9  9.891e+06
     116.9  8.971e+06
       119  7.989e+06
       121   8.67e+06
       123  7.855e+06
       125  7.753e+06
       127  7.378e+06
       129  6.618e+06
     131.1  6.847e+06
     133.1  6.955e+06
     135.1  6.876e+06
     137.1  7.353e+06
     139.1  6.593e+06
     141.1  5.567e+06
     143.2   5.82e+06
     145.2  5.273e+06
     147.2  5.067e+06
     149.2  6.145e+06
     151.2  7.449e+06
     153.2  5.901e+06
     155.2  5.545e+06
     157.3    5.9e+06
     159.3  5.704e+06
     161.3  5.162e+06
     163.3  4.563e+06
     165.3  5.494e+06
     167.3  5.069e+06
     169.3  4.045e+06
     171.4  4.209e+06
     173.4  4.525e+06
     175.4  5.312e+06
     177.4  4.824e+06
     179.4  5.343e+06
     181.4  5.485e+06
     183.5  4.707e+06
     185.5  4.378e+06
     187.5  3.887e+06
     189.5   4.43e+06
     191.5  4.447e+06
     193.6  4.501e+06
     195.6  3.948e+06
     197.6  3.207e+06
     199.6  3.253e+06
     201.6  3.276e+06
     203.6  3.033e+06
     205.7  2.811e+06
     207.7  2.414e+06
     209.7   2.53e+06
     211.7  2.668e+06
     213.7  2.297e+06
     215.7  2.459e+06
     217.7  2.557e+06
     219.8  2.377e+06
     221.8  2.224e+06
     223.8  2.688e+06
     225.8  2.208e+06
     227.8  2.339e+06
     229.8  2.376e+06
     231.8  2.675e+06
     233.9  2.876e+06
     235.9  2.214e+06
     237.9  2.206e+06
     239.9  2.341e+06
     241.9  2.158e+06
     243.9  1.858e+06
       246  1.673e+06
       248  1.571e+06
       250 -7.027e+08
