     2.016  3.116e+09
     4.032  7.281e+08
     6.048  6.953e+08
     8.065   6.17e+08
     10.08  5.545e+08
      12.1  4.968e+08
     14.11  4.117e+08
     16.13  3.607e+08
     18.14  3.119e+08
     20.16  2.971e+08
     22.18  2.672e+08
     24.19   2.38e+08
     26.21  2.231e+08
     28.23   2.02e+08
     30.24  1.902e+08
     32.26  1.669e+08
     34.27  1.545e+08
     36.29  1.383e+08
     38.31  1.238e+08
     40.32  1.186e+08
     42.34  1.175e+08
     44.35  1.093e+08
     46.37  9.206e+07
     48.39  9.131e+07
      50.4  8.711e+07
     52.42  8.323e+07
     54.44  8.083e+07
     56.45  7.557e+07
     58.47  7.337e+07
     60.48  7.048e+07
      62.5  6.843e+07
     64.52  6.501e+07
     66.53  6.627e+07
     68.55  6.382e+07
     70.56    6.5e+07
     72.58  6.067e+07
      74.6  5.697e+07
     76.61  5.357e+07
     78.63  5.228e+07
     80.64  5.145e+07
     82.66  4.506e+07
     84.68  4.557e+07
     86.69  4.641e+07
     88.71  4.051e+07
     90.73  3.705e+07
     92.74  3.589e+07
     94.76  3.453e+07
     96.77  3.306e+07
     98.79  3.512e+07
     100.8  3.497e+07
     102.8   3.36e+07
     104.8  3.088e+07
     106.8  2.753e+07
     108.9  2.703e+07
     110.9  2.574e+07
     112.9  2.562e+07
     114.9  2.345e+07
     116.9  2.222e+07
       119  2.316e+07
       121  2.364e+07
       123  2.395e+07
       125  2.351e+07
       127  2.182e+07
       129  2.196e+07
     131.1  2.036e+07
     133.1  1.961e+07
     135.1  1.969e+07
     137.1  1.893e+07
     139.1  1.903e+07
     141.1  1.799e+07
     143.2  1.802e+07
     145.2   1.73e+07
     147.2   1.59e+07
     149.2  1.523e+07
     151.2  1.485e+07
     153.2  1.382e+07
     155.2  1.396e+07
     157.3  1.271e+07
     159.3  1.276e+07
     161.3  1.258e+07
     163.3  1.223e+07
     165.3  1.195e+07
     167.3  1.123e+07
     169.3  1.119e+07
     171.4  1.152e+07
     173.4  1.115e+07
     175.4  1.094e+07
     177.4  1.067e+07
     179.4  1.002e+07
     181.4  9.171e+06
     183.5    9.5e+06
     185.5    9.1e+06
     187.5  9.379e+06
     189.5  9.237e+06
     191.5  8.686e+06
     193.6  9.412e+06
     195.6  8.913e+06
     197.6  9.219e+06
     199.6  9.006e+06
     201.6  9.197e+06
     203.6  9.099e+06
     205.7  9.163e+06
     207.7  8.544e+06
     209.7  9.628e+06
     211.7  9.057e+06
     213.7   9.52e+06
     215.7  9.467e+06
     217.7  9.535e+06
     219.8  8.176e+06
     221.8  8.465e+06
     223.8  7.179e+06
     225.8  8.272e+06
     227.8  7.192e+06
     229.8   7.85e+06
     231.8  7.649e+06
     233.9  7.478e+06
     235.9  6.877e+06
     237.9  7.019e+06
     239.9  7.321e+06
     241.9  7.064e+06
     243.9  6.681e+06
       246  6.883e+06
       248  7.182e+06
       250 -1.502e+09
