     2.016  3.494e+09
     4.032   1.85e+09
     6.048  1.121e+09
     8.065   7.68e+08
     10.08  5.749e+08
      12.1  4.734e+08
     14.11  3.827e+08
     16.13  3.134e+08
     18.14  2.566e+08
     20.16  2.106e+08
     22.18  1.763e+08
     24.19  1.486e+08
     26.21  1.301e+08
     28.23  1.105e+08
     30.24    9.3e+07
     32.26  8.349e+07
     34.27    7.2e+07
     36.29  6.881e+07
     38.31  6.318e+07
     40.32  5.566e+07
     42.34  5.182e+07
     44.35  4.571e+07
     46.37  5.099e+07
     48.39  4.832e+07
      50.4  3.932e+07
     52.42  3.946e+07
     54.44  3.665e+07
     56.45  3.316e+07
     58.47  2.803e+07
     60.48  2.801e+07
      62.5  2.426e+07
     64.52  2.648e+07
     66.53  2.916e+07
     68.55  2.466e+07
     70.56  2.348e+07
     72.58  2.007e+07
      74.6  2.017e+07
     76.61  1.733e+07
     78.63  1.617e+07
     80.64  1.457e+07
     82.66  1.711e+07
     84.68  1.491e+07
     86.69   1.63e+07
     88.71  1.656e+07
     90.73  1.346e+07
     92.74  1.343e+07
     94.76  1.221e+07
     96.77  1.096e+07
     98.79  1.122e+07
     100.8  1.018e+07
     102.8  1.097e+07
     104.8   1.07e+07
     106.8  9.426e+06
     108.9  9.569e+06
     110.9  8.748e+06
     112.9  9.341e+06
     114.9   7.47e+06
     116.9   8.02e+06
       119  8.526e+06
       121  7.816e+06
       123  7.206e+06
       125  7.244e+06
       127  7.441e+06
       129  6.123e+06
     131.1  7.695e+06
     133.1  7.255e+06
     135.1  6.876e+06
     137.1  6.368e+06
     139.1  5.676e+06
     141.1  6.691e+06
     143.2  5.931e+06
     145.2  5.383e+06
     147.2  5.606e+06
     149.2  6.626e+06
     151.2  6.872e+06
     153.2  5.487e+06
     155.2  5.288e+06
     157.3  5.748e+06
     159.3  5.053e+06
     161.3  4.768e+06
     163.3   5.34e+06
     165.3  5.445e+06
     167.3  5.874e+06
     169.3  6.209e+06
     171.4  6.244e+06
     173.4  5.988e+06
     175.4  5.993e+06
     177.4  5.315e+06
     179.4  4.901e+06
     181.4  4.739e+06
     183.5   4.75e+06
     185.5  4.249e+06
     187.5  3.971e+06
     189.5  4.012e+06
     191.5   3.74e+06
     193.6  3.151e+06
     195.6  3.419e+06
     197.6  3.527e+06
     199.6  2.817e+06
     201.6      3e+06
     203.6  2.994e+06
     205.7  2.772e+06
     207.7  2.989e+06
     209.7  2.719e+06
     211.7  2.368e+06
     213.7   2.63e+06
     215.7  2.825e+06
     217.7  2.777e+06
     219.8  2.953e+06
     221.8   3.12e+06
     223.8  3.431e+06
     225.8  2.699e+06
     227.8  2.339e+06
     229.8  2.272e+06
     231.8  2.298e+06
     233.9  1.962e+06
     235.9  2.214e+06
     237.9  2.206e+06
     239.9  2.144e+06
     241.9  1.701e+06
     243.9  1.956e+06
       246  1.898e+06
       248  2.469e+06
       250 -7.256e+08
