     2.016  2.601e+09
     4.032  1.318e+09
     6.048   7.84e+08
     8.065  5.352e+08
     10.08  3.985e+08
      12.1  3.152e+08
     14.11   2.77e+08
     16.13  2.312e+08
     18.14  1.801e+08
     20.16  1.601e+08
     22.18  1.261e+08
     24.19  1.273e+08
     26.21  1.143e+08
     28.23  9.525e+07
     30.24  8.844e+07
     32.26  8.647e+07
     34.27  7.715e+07
     36.29  6.531e+07
     38.31  5.668e+07
     40.32  5.232e+07
     42.34  5.606e+07
     44.35    5.5e+07
     46.37  4.807e+07
     48.39  4.347e+07
      50.4  3.911e+07
     52.42  3.406e+07
     54.44  3.263e+07
     56.45  3.182e+07
     58.47  2.804e+07
     60.48  2.603e+07
      62.5  2.067e+07
     64.52  2.113e+07
     66.53  1.964e+07
     68.55  1.765e+07
     70.56  1.531e+07
     72.58  1.655e+07
      74.6  1.448e+07
     76.61  1.483e+07
     78.63  1.434e+07
     80.64  1.358e+07
     82.66  1.064e+07
     84.68  1.132e+07
     86.69  1.123e+07
     88.71  1.062e+07
     90.73  1.153e+07
     92.74   9.38e+06
     94.76   9.01e+06
     96.77  8.244e+06
     98.79  8.074e+06
     100.8  6.947e+06
     102.8  7.077e+06
     104.8  7.437e+06
     106.8  8.528e+06
     108.9  7.159e+06
     110.9  6.453e+06
     112.9  6.369e+06
     114.9  6.294e+06
     116.9  6.253e+06
       119  5.505e+06
       121  5.386e+06
       123  5.258e+06
       125  5.846e+06
       127  5.127e+06
       129  4.824e+06
     131.1  4.665e+06
     133.1  3.897e+06
     135.1  4.172e+06
     137.1  4.168e+06
     139.1  3.899e+06
     141.1  3.093e+06
     143.2  3.492e+06
     145.2   4.12e+06
     147.2  4.312e+06
     149.2  4.916e+06
     151.2  5.298e+06
     153.2  5.538e+06
     155.2   4.21e+06
     157.3  3.832e+06
     159.3  3.402e+06
     161.3  3.097e+06
     163.3  2.767e+06
     165.3  2.699e+06
     167.3  3.363e+06
     169.3   3.34e+06
     171.4  3.006e+06
     173.4  3.428e+06
     175.4  3.587e+06
     177.4  2.858e+06
     179.4  2.164e+06
     181.4  2.589e+06
     183.5  2.548e+06
     185.5   2.79e+06
     187.5  2.746e+06
     189.5  2.968e+06
     191.5  2.826e+06
     193.6  2.373e+06
     195.6   2.32e+06
     197.6  2.365e+06
     199.6  1.825e+06
     201.6  2.368e+06
     203.6  2.294e+06
     205.7  1.848e+06
     207.7  2.184e+06
     209.7  2.265e+06
     211.7   2.48e+06
     213.7  2.889e+06
     215.7  3.046e+06
     217.7   2.74e+06
     219.8  2.305e+06
     221.8  2.331e+06
     223.8  1.981e+06
     225.8  2.138e+06
     227.8  2.269e+06
     229.8  2.582e+06
     231.8  1.989e+06
     233.9  1.929e+06
     235.9  2.046e+06
     237.9  2.507e+06
     239.9  3.166e+06
     241.9  2.126e+06
     243.9  2.249e+06
       246  1.737e+06
       248  1.603e+06
       250 -5.658e+08
