     2.016   1.59e+09
     4.032  8.279e+08
     6.048  7.066e+08
     8.065  5.833e+08
     10.08  5.097e+08
      12.1  4.255e+08
     14.11  3.423e+08
     16.13  2.798e+08
     18.14  2.458e+08
     20.16   2.15e+08
     22.18  1.901e+08
     24.19  1.711e+08
     26.21  1.572e+08
     28.23  1.473e+08
     30.24  1.252e+08
     32.26  1.237e+08
     34.27  1.154e+08
     36.29  1.044e+08
     38.31  9.887e+07
     40.32   9.76e+07
     42.34  9.176e+07
     44.35  9.088e+07
     46.37  8.684e+07
     48.39  8.531e+07
      50.4  8.471e+07
     52.42  7.494e+07
     54.44  7.625e+07
     56.45  7.102e+07
     58.47  6.595e+07
     60.48  6.371e+07
      62.5  5.854e+07
     64.52  5.668e+07
     66.53  5.398e+07
     68.55  5.085e+07
     70.56  4.549e+07
     72.58  4.456e+07
      74.6   4.12e+07
     76.61  3.676e+07
     78.63  3.539e+07
     80.64  3.242e+07
     82.66  2.939e+07
     84.68  2.736e+07
     86.69  2.606e+07
     88.71  2.394e+07
     90.73  2.305e+07
     92.74  2.005e+07
     94.76  1.928e+07
     96.77  1.814e+07
     98.79  1.817e+07
     100.8  1.563e+07
     102.8  1.641e+07
     104.8  1.472e+07
     106.8  1.317e+07
     108.9  1.366e+07
     110.9  1.291e+07
     112.9  1.175e+07
     114.9  1.114e+07
     116.9  1.155e+07
       119  1.101e+07
       121  1.051e+07
       123  1.052e+07
       125  9.087e+06
       127  8.629e+06
       129  8.102e+06
     131.1  7.634e+06
     133.1  7.555e+06
     135.1  7.346e+06
     137.1  7.874e+06
     139.1  6.937e+06
     141.1  6.298e+06
     143.2   5.82e+06
     145.2  5.987e+06
     147.2  6.468e+06
     149.2  5.771e+06
     151.2   6.19e+06
     153.2  5.176e+06
     155.2  4.928e+06
     157.3  5.396e+06
     159.3  4.853e+06
     161.3  4.621e+06
     163.3  4.806e+06
     165.3  4.723e+06
     167.3  4.216e+06
     169.3  4.186e+06
     171.4  3.977e+06
     173.4  3.702e+06
     175.4  3.632e+06
     177.4  4.154e+06
     179.4  3.974e+06
     181.4  3.554e+06
     183.5  3.066e+06
     185.5  3.606e+06
     187.5  3.591e+06
     189.5  4.054e+06
     191.5  3.657e+06
     193.6  3.765e+06
     195.6  3.378e+06
     197.6  3.567e+06
     199.6  3.452e+06
     201.6   2.96e+06
     203.6   3.15e+06
     205.7  3.234e+06
     207.7  3.602e+06
     209.7  3.323e+06
     211.7  3.007e+06
     213.7  3.186e+06
     215.7  2.532e+06
     217.7  2.594e+06
     219.8  2.377e+06
     221.8  2.511e+06
     223.8   2.37e+06
     225.8  2.488e+06
     227.8  2.234e+06
     229.8  2.548e+06
     231.8  2.607e+06
     233.9  2.808e+06
     235.9  3.254e+06
     237.9  2.574e+06
     239.9  2.177e+06
     241.9  1.995e+06
     243.9  2.021e+06
       246  2.026e+06
       248  1.924e+06
       250 -9.117e+08
