     2.016  1.085e+09
     4.032  7.536e+08
     6.048  5.451e+08
     8.065  3.887e+08
     10.08  2.836e+08
      12.1  2.677e+08
     14.11  2.237e+08
     16.13  1.942e+08
     18.14  1.777e+08
     20.16  1.568e+08
     22.18  1.381e+08
     24.19  1.236e+08
     26.21  1.039e+08
     28.23  9.023e+07
     30.24  7.756e+07
     32.26  7.134e+07
     34.27  6.455e+07
     36.29  6.122e+07
     38.31  5.423e+07
     40.32  4.929e+07
     42.34  4.649e+07
     44.35  4.498e+07
     46.37  3.656e+07
     48.39  3.766e+07
      50.4  3.086e+07
     52.42  2.941e+07
     54.44  2.682e+07
     56.45  2.307e+07
     58.47  2.285e+07
     60.48  2.247e+07
      62.5   2.01e+07
     64.52  1.791e+07
     66.53  1.623e+07
     68.55  1.467e+07
     70.56  1.407e+07
     72.58  1.298e+07
      74.6  1.339e+07
     76.61  1.465e+07
     78.63  1.406e+07
     80.64   1.16e+07
     82.66  1.056e+07
     84.68  1.102e+07
     86.69  1.107e+07
     88.71  1.097e+07
     90.73  1.373e+07
     92.74  1.437e+07
     94.76  1.204e+07
     96.77  1.171e+07
     98.79  1.219e+07
     100.8  1.161e+07
     102.8  1.143e+07
     104.8  1.161e+07
     106.8   1.16e+07
     108.9  1.045e+07
     110.9  1.011e+07
     112.9  9.695e+06
     114.9  8.992e+06
     116.9  8.903e+06
       119   9.13e+06
       121  8.867e+06
       123  9.543e+06
       125  8.324e+06
       127  8.379e+06
       129  8.782e+06
     131.1  8.482e+06
     133.1  9.054e+06
     135.1  9.109e+06
     137.1  8.105e+06
     139.1  7.912e+06
     141.1  7.872e+06
     143.2  7.372e+06
     145.2  7.251e+06
     147.2  7.223e+06
     149.2  6.786e+06
     151.2  6.505e+06
     153.2  5.849e+06
     155.2  5.237e+06
     157.3  5.597e+06
     159.3  4.753e+06
     161.3  5.456e+06
     163.3   4.66e+06
     165.3  3.951e+06
     167.3   3.79e+06
     169.3  3.904e+06
     171.4  3.746e+06
     173.4  3.245e+06
     175.4  3.678e+06
     177.4  2.769e+06
     179.4   2.87e+06
     181.4  3.159e+06
     183.5  2.807e+06
     185.5  3.133e+06
     187.5  2.831e+06
     189.5  2.633e+06
     191.5  2.452e+06
     193.6  2.169e+06
     195.6  1.994e+06
     197.6  2.205e+06
     199.6  2.063e+06
     201.6   2.25e+06
     203.6  2.022e+06
     205.7  1.733e+06
     207.7  1.724e+06
     209.7  2.228e+06
     211.7  1.804e+06
     213.7  2.186e+06
     215.7  1.761e+06
     217.7  1.607e+06
     219.8  1.513e+06
     221.8  1.614e+06
     223.8  2.122e+06
     225.8  1.402e+06
     227.8  1.641e+06
     229.8  1.618e+06
     231.8  1.372e+06
     233.9  1.421e+06
     235.9  1.308e+06
     237.9   1.07e+06
     239.9  1.055e+06
     241.9  9.157e+05
     243.9  8.474e+05
       246  8.684e+05
       248  1.058e+06
       250 -5.496e+08
