     2.016  1.879e+09
     4.032  9.264e+08
     6.048  7.981e+08
     8.065  6.479e+08
     10.08  5.574e+08
      12.1  4.633e+08
     14.11  3.749e+08
     16.13  3.265e+08
     18.14  2.847e+08
     20.16  2.704e+08
     22.18  2.445e+08
     24.19  2.131e+08
     26.21   1.99e+08
     28.23  1.846e+08
     30.24  1.652e+08
     32.26  1.581e+08
     34.27  1.441e+08
     36.29  1.399e+08
     38.31   1.27e+08
     40.32   1.21e+08
     42.34  1.129e+08
     44.35  1.166e+08
     46.37  9.728e+07
     48.39  9.131e+07
      50.4  8.535e+07
     52.42  8.261e+07
     54.44  7.521e+07
     56.45  7.216e+07
     58.47  7.076e+07
     60.48  6.703e+07
      62.5  6.201e+07
     64.52  5.867e+07
     66.53   5.47e+07
     68.55  5.014e+07
     70.56  5.286e+07
     72.58  5.107e+07
      74.6  4.699e+07
     76.61  4.448e+07
     78.63   4.16e+07
     80.64  3.995e+07
     82.66  3.548e+07
     84.68  3.604e+07
     86.69  3.297e+07
     88.71  3.178e+07
     90.73  3.027e+07
     92.74   3.09e+07
     94.76  2.914e+07
     96.77  3.075e+07
     98.79  2.923e+07
     100.8  2.858e+07
     102.8  2.738e+07
     104.8  2.535e+07
     106.8  2.237e+07
     108.9  2.308e+07
     110.9   2.18e+07
     112.9  2.187e+07
     114.9  2.234e+07
     116.9  1.951e+07
       119  2.048e+07
       121  1.832e+07
       123  1.831e+07
       125  1.786e+07
       127  1.995e+07
       129  1.998e+07
     131.1  1.799e+07
     133.1  1.631e+07
     135.1  1.604e+07
     137.1  1.581e+07
     139.1  1.663e+07
     141.1  1.468e+07
     143.2  1.563e+07
     145.2  1.532e+07
     147.2  1.445e+07
     149.2  1.421e+07
     151.2  1.364e+07
     153.2  1.366e+07
     155.2  1.309e+07
     157.3  1.367e+07
     159.3  1.236e+07
     161.3  1.229e+07
     163.3  1.185e+07
     165.3    1.2e+07
     167.3  1.293e+07
     169.3  1.115e+07
     171.4  1.152e+07
     173.4  1.033e+07
     175.4  1.103e+07
     177.4  1.036e+07
     179.4  1.051e+07
     181.4  9.961e+06
     183.5  1.023e+07
     185.5  9.958e+06
     187.5  1.086e+07
     189.5  9.321e+06
     191.5  1.035e+07
     193.6  9.084e+06
     195.6  1.034e+07
     197.6  9.499e+06
     199.6  9.641e+06
     201.6  1.018e+07
     203.6  9.449e+06
     205.7  9.317e+06
     207.7  9.234e+06
     209.7  9.515e+06
     211.7  9.433e+06
     213.7  8.853e+06
     215.7    9.1e+06
     217.7  8.732e+06
     219.8  8.464e+06
     221.8  9.612e+06
     223.8  9.125e+06
     225.8  9.078e+06
     227.8  8.483e+06
     229.8  8.883e+06
     231.8  8.987e+06
     233.9  8.459e+06
     235.9   7.48e+06
     237.9  7.387e+06
     239.9  6.629e+06
     241.9  7.423e+06
     243.9   7.04e+06
       246  6.851e+06
       248  6.861e+06
       250 -1.398e+09
