     2.016   1.56e+09
     4.032   7.06e+08
     6.048  3.636e+08
     8.065  2.173e+08
     10.08  1.481e+08
      12.1  1.163e+08
     14.11  9.614e+07
     16.13  7.649e+07
     18.14  6.846e+07
     20.16  6.022e+07
     22.18   5.21e+07
     24.19  4.383e+07
     26.21  3.834e+07
     28.23  3.431e+07
     30.24  2.976e+07
     32.26  3.052e+07
     34.27  2.485e+07
     36.29  2.242e+07
     38.31  2.481e+07
     40.32   1.83e+07
     42.34  1.528e+07
     44.35  1.717e+07
     46.37  1.464e+07
     48.39  1.396e+07
      50.4  1.301e+07
     52.42  1.142e+07
     54.44  8.777e+06
     56.45  9.649e+06
     58.47  8.656e+06
     60.48  7.964e+06
      62.5  8.063e+06
     64.52  6.812e+06
     66.53  6.193e+06
     68.55  6.815e+06
     70.56  6.262e+06
     72.58  5.471e+06
      74.6   4.71e+06
     76.61  4.104e+06
     78.63  4.211e+06
     80.64  3.856e+06
     82.66   4.37e+06
     84.68  3.604e+06
     86.69  2.882e+06
     88.71  2.953e+06
     90.73  3.353e+06
     92.74   3.21e+06
     94.76  2.779e+06
     96.77  3.083e+06
     98.79  3.456e+06
     100.8  2.787e+06
     102.8  3.896e+06
     104.8  3.392e+06
     106.8  3.045e+06
     108.9  2.411e+06
     110.9  3.004e+06
     112.9  2.045e+06
     114.9  2.345e+06
     116.9  1.964e+06
       119  1.819e+06
       121  1.517e+06
       123  1.526e+06
       125  1.728e+06
       127  1.657e+06
       129  1.119e+06
     131.1  1.048e+06
     133.1  1.157e+06
     135.1  1.128e+06
     137.1  1.459e+06
     139.1  1.112e+06
     141.1  1.237e+06
     143.2  1.408e+06
     145.2  1.741e+06
     147.2  1.159e+06
     149.2  1.411e+06
     151.2  1.107e+06
     153.2  7.816e+05
     155.2  7.341e+05
     157.3  8.875e+05
     159.3  1.096e+06
     161.3  9.586e+05
     163.3  5.534e+05
     165.3  6.361e+05
     167.3  4.879e+05
     169.3  5.926e+05
     171.4  6.012e+05
     173.4  4.159e+05
     175.4  4.495e+05
     177.4  7.682e+05
     179.4  5.431e+05
     181.4  3.203e+05
     183.5  5.009e+05
     185.5  4.807e+05
     187.5  6.591e+05
     189.5  5.392e+05
     191.5  5.652e+05
     193.6  4.992e+05
     195.6  6.715e+05
     197.6  5.171e+05
     199.6  4.761e+05
     201.6  6.236e+05
     203.6  5.444e+05
     205.7  4.274e+05
     207.7  4.138e+05
     209.7  3.549e+05
     211.7  8.268e+05
     213.7  4.038e+05
     215.7  3.926e+05
     217.7  4.384e+05
     219.8   3.53e+05
     221.8  2.152e+05
     223.8  2.829e+05
     225.8  2.559e+05
     227.8   2.06e+05
     229.8  2.548e+05
     231.8  2.778e+05
     233.9  2.267e+05
     235.9  1.845e+05
     237.9  2.139e+05
     239.9  1.484e+05
     241.9  1.602e+05
     243.9  1.369e+05
       246  8.684e+04
       248  8.015e+04
       250 -1.843e+08
