     2.016  2.108e+09
     4.032  8.309e+08
     6.048  7.036e+08
     8.065  5.364e+08
     10.08  4.603e+08
      12.1  3.684e+08
     14.11  3.273e+08
     16.13  2.999e+08
     18.14  2.773e+08
     20.16  2.599e+08
     22.18  2.445e+08
     24.19  2.131e+08
     26.21  2.032e+08
     28.23  1.948e+08
     30.24  1.783e+08
     32.26  1.719e+08
     34.27  1.597e+08
     36.29    1.5e+08
     38.31  1.378e+08
     40.32  1.202e+08
     42.34  1.213e+08
     44.35  1.167e+08
     46.37  1.124e+08
     48.39  1.041e+08
      50.4   1.05e+08
     52.42   1.01e+08
     54.44  9.767e+07
     56.45  9.279e+07
     58.47  8.532e+07
     60.48  7.951e+07
      62.5  7.523e+07
     64.52  7.483e+07
     66.53   6.94e+07
     68.55  6.405e+07
     70.56  6.171e+07
     72.58      6e+07
      74.6  5.707e+07
     76.61  4.897e+07
     78.63  4.638e+07
     80.64  4.947e+07
     82.66  4.399e+07
     84.68  4.067e+07
     86.69  3.895e+07
     88.71  3.655e+07
     90.73  3.379e+07
     92.74   3.15e+07
     94.76  3.107e+07
     96.77  2.828e+07
     98.79  2.785e+07
     100.8  2.629e+07
     102.8  2.566e+07
     104.8   2.61e+07
     106.8  2.544e+07
     108.9  2.564e+07
     110.9  2.309e+07
     112.9  2.279e+07
     114.9  2.234e+07
     116.9  2.182e+07
       119   1.98e+07
       121  2.036e+07
       123  1.973e+07
       125  1.932e+07
       127  1.726e+07
       129  1.781e+07
     131.1  1.745e+07
     133.1  1.583e+07
     135.1  1.487e+07
     137.1  1.575e+07
     139.1  1.577e+07
     141.1  1.631e+07
     143.2  1.702e+07
     145.2  1.604e+07
     147.2  1.391e+07
     149.2  1.437e+07
     151.2  1.296e+07
     153.2  1.216e+07
     155.2  1.227e+07
     157.3   1.22e+07
     159.3  1.111e+07
     161.3  1.067e+07
     163.3  1.039e+07
     165.3  9.734e+06
     167.3  9.853e+06
     169.3  8.984e+06
     171.4   8.88e+06
     173.4  8.547e+06
     175.4   8.99e+06
     177.4  7.861e+06
     179.4  8.302e+06
     181.4  8.162e+06
     183.5  7.082e+06
     185.5   6.61e+06
     187.5  7.267e+06
     189.5  7.314e+06
     191.5  7.065e+06
     193.6  6.629e+06
     195.6  6.634e+06
     197.6  5.892e+06
     199.6  6.427e+06
     201.6  5.842e+06
     203.6  6.455e+06
     205.7  5.929e+06
     207.7  5.594e+06
     209.7  5.966e+06
     211.7  5.863e+06
     213.7  5.964e+06
     215.7  6.275e+06
     217.7  6.613e+06
     219.8  5.871e+06
     221.8  5.452e+06
     223.8  5.164e+06
     225.8  5.222e+06
     227.8  4.573e+06
     229.8  4.855e+06
     231.8  5.248e+06
     233.9  5.887e+06
     235.9  4.998e+06
     237.9   4.98e+06
     239.9  4.848e+06
     241.9  4.611e+06
     243.9  4.107e+06
       246   4.31e+06
       248  3.783e+06
       250 -1.351e+09
