     2.016  5.767e+09
     4.032  1.813e+09
     6.048  1.037e+09
     8.065  7.425e+08
     10.08  5.924e+08
      12.1  4.977e+08
     14.11  4.032e+08
     16.13   3.27e+08
     18.14   2.66e+08
     20.16  2.205e+08
     22.18  1.868e+08
     24.19  1.373e+08
     26.21  1.195e+08
     28.23  1.035e+08
     30.24  8.458e+07
     32.26  7.687e+07
     34.27  6.927e+07
     36.29  5.795e+07
     38.31  5.474e+07
     40.32  4.859e+07
     42.34  4.284e+07
     44.35  4.152e+07
     46.37  3.846e+07
     48.39  3.333e+07
      50.4  2.829e+07
     52.42   2.58e+07
     54.44   2.32e+07
     56.45  2.448e+07
     58.47  2.198e+07
     60.48   2.11e+07
      62.5  1.618e+07
     64.52  1.666e+07
     66.53   1.47e+07
     68.55  1.391e+07
     70.56  1.305e+07
     72.58  1.324e+07
      74.6  1.502e+07
     76.61  1.639e+07
     78.63  1.363e+07
     80.64   1.17e+07
     82.66  1.218e+07
     84.68  1.047e+07
     86.69  9.577e+06
     88.71  9.182e+06
     90.73  8.271e+06
     92.74  7.487e+06
     94.76  7.663e+06
     96.77  8.161e+06
     98.79  8.154e+06
     100.8  7.816e+06
     102.8  6.533e+06
     104.8  6.374e+06
     106.8   5.76e+06
     108.9  5.479e+06
     110.9  5.091e+06
     112.9  5.378e+06
     114.9  5.049e+06
     116.9  4.825e+06
       119  5.706e+06
       121  4.401e+06
       123  4.349e+06
       125  3.622e+06
       127  3.501e+06
       129  3.649e+06
     131.1  3.151e+06
     133.1  3.118e+06
     135.1  3.232e+06
     137.1  3.068e+06
     139.1  3.039e+06
     141.1  2.699e+06
     143.2  2.882e+06
     145.2  2.691e+06
     147.2  2.372e+06
     149.2  1.924e+06
     151.2  1.626e+06
     153.2  1.863e+06
     155.2  2.105e+06
     157.3  1.765e+06
     159.3  1.751e+06
     161.3  1.573e+06
     163.3  1.748e+06
     165.3  1.783e+06
     167.3  1.563e+06
     169.3  1.552e+06
     171.4  1.989e+06
     173.4    1.6e+06
     175.4  1.635e+06
     177.4  1.653e+06
     179.4  2.252e+06
     181.4  1.404e+06
     183.5  1.339e+06
     185.5  1.331e+06
     187.5  1.394e+06
     189.5  1.505e+06
     191.5  1.413e+06
     193.6  1.228e+06
     195.6  1.547e+06
     197.6  1.643e+06
     199.6  1.349e+06
     201.6  1.303e+06
     203.6  1.478e+06
     205.7  1.155e+06
     207.7  9.579e+05
     209.7  1.284e+06
     211.7  8.268e+05
     213.7   8.89e+05
     215.7  1.027e+06
     217.7  9.864e+05
     219.8  1.009e+06
     221.8  8.249e+05
     223.8  9.903e+05
     225.8  9.463e+05
     227.8   7.68e+05
     229.8  8.264e+05
     231.8   6.86e+05
     233.9  8.121e+05
     235.9   7.38e+05
     237.9  5.682e+05
     239.9  4.287e+05
     241.9  5.232e+05
     243.9  5.541e+05
       246  5.146e+05
       248   5.45e+05
       250 -5.374e+08
