     2.016  1.742e+09
     4.032  5.337e+08
     6.048  5.026e+08
     8.065  4.468e+08
     10.08  3.956e+08
      12.1  3.349e+08
     14.11  2.932e+08
     16.13   2.72e+08
     18.14  2.395e+08
     20.16  2.248e+08
     22.18  1.834e+08
     24.19   1.91e+08
     26.21  1.693e+08
     28.23  1.584e+08
     30.24  1.362e+08
     32.26  1.247e+08
     34.27  1.126e+08
     36.29  1.032e+08
     38.31  9.523e+07
     40.32  8.956e+07
     42.34  8.867e+07
     44.35   8.35e+07
     46.37  8.371e+07
     48.39  8.215e+07
      50.4   7.16e+07
     52.42  6.634e+07
     54.44   6.28e+07
     56.45  6.262e+07
     58.47   6.21e+07
     60.48  5.482e+07
      62.5  5.521e+07
     64.52  5.507e+07
     66.53  5.193e+07
     68.55  5.283e+07
     70.56  4.753e+07
     72.58  4.655e+07
      74.6   4.42e+07
     76.61  4.198e+07
     78.63  4.424e+07
     80.64  4.223e+07
     82.66  3.829e+07
     84.68  3.878e+07
     86.69  3.877e+07
     88.71  3.538e+07
     90.73  3.432e+07
     92.74  3.554e+07
     94.76  3.293e+07
     96.77  3.182e+07
     98.79  2.963e+07
     100.8  2.882e+07
     102.8  3.033e+07
     104.8  2.975e+07
     106.8  3.067e+07
     108.9  2.937e+07
     110.9  2.868e+07
     112.9  2.632e+07
     114.9  2.587e+07
     116.9  2.358e+07
       119  2.437e+07
       121  2.187e+07
       123  2.136e+07
       125  2.091e+07
       127  1.876e+07
       129  1.676e+07
     131.1  1.775e+07
     133.1  1.769e+07
     135.1  1.616e+07
     137.1   1.65e+07
     139.1  1.559e+07
     141.1   1.58e+07
     143.2  1.591e+07
     145.2  1.373e+07
     147.2  1.396e+07
     149.2  1.443e+07
     151.2  1.464e+07
     153.2  1.517e+07
     155.2  1.437e+07
     157.3  1.321e+07
     159.3  1.191e+07
     161.3  1.249e+07
     163.3  1.238e+07
     165.3  1.282e+07
     167.3  1.151e+07
     169.3  1.011e+07
     171.4  1.054e+07
     173.4  9.827e+06
     175.4  9.353e+06
     177.4  8.933e+06
     179.4   8.39e+06
     181.4  8.557e+06
     183.5   8.42e+06
     185.5  8.198e+06
     187.5  8.619e+06
     189.5   8.15e+06
     191.5  7.896e+06
     193.6  7.284e+06
     195.6  8.628e+06
     197.6  6.814e+06
     199.6  6.705e+06
     201.6  6.671e+06
     203.6  6.922e+06
     205.7  6.815e+06
     207.7   6.36e+06
     209.7  6.796e+06
     211.7  5.938e+06
     213.7  5.853e+06
     215.7  5.394e+06
     217.7   6.32e+06
     219.8  6.771e+06
     221.8  5.846e+06
     223.8  5.977e+06
     225.8  5.783e+06
     227.8  4.853e+06
     229.8  5.337e+06
     231.8  5.248e+06
     233.9  5.278e+06
     235.9  5.568e+06
     237.9  5.248e+06
     239.9  5.046e+06
     241.9  4.709e+06
     243.9  4.367e+06
       246  4.599e+06
       248  4.136e+06
       250 -1.232e+09
