     2.016  2.817e+09
     4.032  1.149e+09
     6.048  5.586e+08
     8.065  3.749e+08
     10.08   2.57e+08
      12.1  1.738e+08
     14.11  1.254e+08
     16.13   1.03e+08
     18.14   8.79e+07
     20.16  7.024e+07
     22.18  6.429e+07
     24.19  4.516e+07
     26.21  5.347e+07
     28.23  4.475e+07
     30.24  4.364e+07
     32.26  4.173e+07
     34.27  4.063e+07
     36.29  3.638e+07
     38.31  3.353e+07
     40.32  3.023e+07
     42.34  2.754e+07
     44.35  2.785e+07
     46.37  2.734e+07
     48.39  2.176e+07
      50.4  1.969e+07
     52.42  1.881e+07
     54.44  1.865e+07
     56.45   1.64e+07
     58.47  1.586e+07
     60.48   1.53e+07
      62.5  1.398e+07
     64.52  1.178e+07
     66.53  1.178e+07
     68.55  1.122e+07
     70.56  1.137e+07
     72.58  9.806e+06
      74.6  9.891e+06
     76.61  9.053e+06
     78.63  7.374e+06
     80.64  8.347e+06
     82.66  6.362e+06
     84.68  6.605e+06
     86.69  5.986e+06
     88.71  6.418e+06
     90.73  4.972e+06
     92.74  5.637e+06
     94.76  5.945e+06
     96.77  5.762e+06
     98.79  4.521e+06
     100.8  4.958e+06
     102.8  4.254e+06
     104.8  4.333e+06
     106.8  4.017e+06
     108.9  4.522e+06
     110.9   4.18e+06
     112.9  4.663e+06
     114.9   4.15e+06
     116.9  2.929e+06
       119   2.88e+06
       121  3.041e+06
       123  2.623e+06
       125  2.688e+06
       127  2.464e+06
       129  2.029e+06
     131.1  1.927e+06
     133.1  2.171e+06
     135.1  1.892e+06
     137.1  1.644e+06
     139.1  1.537e+06
     141.1  1.648e+06
     143.2  1.408e+06
     145.2  1.478e+06
     147.2  1.261e+06
     149.2  1.512e+06
     151.2   1.38e+06
     153.2  1.051e+06
     155.2  1.237e+06
     157.3  1.472e+06
     159.3  1.101e+06
     161.3  1.081e+06
     163.3   1.16e+06
     165.3   1.07e+06
     167.3  1.213e+06
     169.3  1.538e+06
     171.4  1.267e+06
     173.4  1.028e+06
     175.4  1.385e+06
     177.4  9.647e+05
     179.4  1.356e+06
     181.4  9.742e+05
     183.5  1.153e+06
     185.5  1.193e+06
     187.5  1.039e+06
     189.5   9.07e+05
     191.5  1.205e+06
     193.6  1.035e+06
     195.6  9.401e+05
     197.6  9.499e+05
     199.6  7.618e+05
     201.6  6.355e+05
     203.6  8.321e+05
     205.7  7.315e+05
     207.7  4.521e+05
     209.7   4.72e+05
     211.7  5.901e+05
     213.7  4.334e+05
     215.7  6.385e+05
     217.7  4.786e+05
     219.8  3.998e+05
     221.8  3.551e+05
     223.8  3.643e+05
     225.8  4.206e+05
     227.8  2.304e+05
     229.8  3.512e+05
     231.8  3.636e+05
     233.9  4.196e+05
     235.9  3.053e+05
     237.9  2.407e+05
     239.9  3.331e+05
     241.9  4.251e+05
     243.9  3.194e+05
       246  2.091e+05
       248  2.661e+05
       250 -2.903e+08
