     2.016  4.315e+08
     4.032  3.723e+08
     6.048  3.457e+08
     8.065  3.276e+08
     10.08   2.66e+08
      12.1  2.357e+08
     14.11  1.819e+08
     16.13  1.672e+08
     18.14  1.452e+08
     20.16  1.152e+08
     22.18  1.143e+08
     24.19  1.031e+08
     26.21  8.586e+07
     28.23  7.875e+07
     30.24  7.534e+07
     32.26  6.914e+07
     34.27  7.457e+07
     36.29  7.435e+07
     38.31  6.896e+07
     40.32  6.587e+07
     42.34  7.381e+07
     44.35  7.888e+07
     46.37   7.87e+07
     48.39    6.2e+07
      50.4  4.942e+07
     52.42  4.135e+07
     54.44  3.515e+07
     56.45  3.057e+07
     58.47  2.904e+07
     60.48  2.591e+07
      62.5  2.533e+07
     64.52  2.073e+07
     66.53  2.051e+07
     68.55  1.945e+07
     70.56  1.894e+07
     72.58  1.699e+07
      74.6  1.483e+07
     76.61  1.463e+07
     78.63  1.397e+07
     80.64  1.546e+07
     82.66  1.354e+07
     84.68   1.67e+07
     86.69  1.639e+07
     88.71  1.494e+07
     90.73  1.258e+07
     92.74  1.325e+07
     94.76  1.145e+07
     96.77  1.138e+07
     98.79  1.195e+07
     100.8  1.042e+07
     102.8  1.244e+07
     104.8  1.169e+07
     106.8  1.332e+07
     108.9  1.534e+07
     110.9  1.613e+07
     112.9  1.323e+07
     114.9  1.356e+07
     116.9  1.203e+07
       119  1.182e+07
       121  1.163e+07
       123  1.149e+07
       125  1.068e+07
       127  1.013e+07
       129  9.525e+06
     131.1  9.028e+06
     133.1  8.934e+06
     135.1  8.933e+06
     137.1  8.279e+06
     139.1  8.199e+06
     141.1   7.31e+06
     143.2  6.929e+06
     145.2  6.811e+06
     147.2    6.9e+06
     149.2   6.84e+06
     151.2  6.452e+06
     153.2  6.418e+06
     155.2  5.237e+06
     157.3  5.597e+06
     159.3  5.303e+06
     161.3  5.014e+06
     163.3  5.049e+06
     165.3  4.192e+06
     167.3  4.263e+06
     169.3  4.233e+06
     171.4  4.116e+06
     173.4  4.296e+06
     175.4  3.405e+06
     177.4  3.528e+06
     179.4  3.488e+06
     181.4  3.598e+06
     183.5  3.455e+06
     185.5  3.434e+06
     187.5  3.042e+06
     189.5  2.842e+06
     191.5  3.075e+06
     193.6  2.701e+06
     195.6  3.337e+06
     197.6  3.607e+06
     199.6  3.293e+06
     201.6  2.842e+06
     203.6  2.216e+06
     205.7  2.849e+06
     207.7  2.644e+06
     209.7  1.888e+06
     211.7   2.18e+06
     213.7  1.926e+06
     215.7  1.908e+06
     217.7    1.9e+06
     219.8  1.729e+06
     221.8  2.188e+06
     223.8  1.627e+06
     225.8  1.577e+06
     227.8  1.327e+06
     229.8  1.308e+06
     231.8  1.681e+06
     233.9  1.387e+06
     235.9  1.409e+06
     237.9  1.404e+06
     239.9   1.55e+06
     241.9  1.341e+06
     243.9  1.173e+06
       246  1.544e+06
       248  1.186e+06
       250 -6.031e+08
