     2.016  2.196e+09
     4.032  7.607e+08
     6.048  6.834e+08
     8.065  5.345e+08
     10.08  4.712e+08
      12.1  3.928e+08
     14.11  3.384e+08
     16.13  2.999e+08
     18.14  2.911e+08
     20.16  2.784e+08
     22.18   2.48e+08
     24.19   2.34e+08
     26.21  2.236e+08
     28.23  1.998e+08
     30.24  1.863e+08
     32.26   1.79e+08
     34.27  1.553e+08
     36.29  1.495e+08
     38.31  1.416e+08
     40.32  1.297e+08
     42.34  1.207e+08
     44.35  1.095e+08
     46.37  1.051e+08
     48.39  1.006e+08
      50.4   9.03e+07
     52.42  8.722e+07
     54.44   8.57e+07
     56.45  8.112e+07
     58.47  7.776e+07
     60.48  6.743e+07
      62.5  7.048e+07
     64.52  6.738e+07
     66.53  6.663e+07
     68.55  6.265e+07
     70.56  5.978e+07
     72.58  5.945e+07
      74.6  5.718e+07
     76.61  5.649e+07
     78.63  5.431e+07
     80.64  5.066e+07
     82.66  4.834e+07
     84.68  5.067e+07
     86.69  4.936e+07
     88.71  4.825e+07
     90.73  4.734e+07
     92.74  4.707e+07
     94.76  4.236e+07
     96.77  4.295e+07
     98.79  3.948e+07
     100.8  3.797e+07
     102.8  3.749e+07
     104.8  3.832e+07
     106.8  3.696e+07
     108.9  3.536e+07
     110.9  3.499e+07
     112.9   3.46e+07
     114.9  3.368e+07
     116.9  3.221e+07
       119  3.095e+07
       121  3.113e+07
       123  2.928e+07
       125  2.726e+07
       127  2.701e+07
       129   2.74e+07
     131.1  2.387e+07
     133.1   2.41e+07
     135.1  2.374e+07
     137.1  2.345e+07
     139.1  2.293e+07
     141.1  2.131e+07
     143.2  2.167e+07
     145.2  2.137e+07
     147.2  2.075e+07
     149.2  2.089e+07
     151.2  2.119e+07
     153.2  2.076e+07
     155.2  1.833e+07
     157.3   1.79e+07
     159.3  1.771e+07
     161.3  1.706e+07
     163.3  1.723e+07
     165.3  1.581e+07
     167.3  1.644e+07
     169.3  1.566e+07
     171.4   1.54e+07
     173.4  1.435e+07
     175.4  1.444e+07
     177.4  1.376e+07
     179.4  1.285e+07
     181.4  1.382e+07
     183.5  1.308e+07
     185.5  1.163e+07
     187.5  1.221e+07
     189.5  1.325e+07
     191.5  1.209e+07
     193.6   1.15e+07
     195.6  1.148e+07
     197.6  1.074e+07
     199.6  9.998e+06
     201.6  1.113e+07
     203.6  1.034e+07
     205.7  1.028e+07
     207.7  1.042e+07
     209.7  1.087e+07
     211.7  1.037e+07
     213.7  9.631e+06
     215.7  1.013e+07
     217.7  9.681e+06
     219.8  9.617e+06
     221.8  9.541e+06
     223.8  8.983e+06
     225.8  9.603e+06
     227.8  8.693e+06
     229.8  7.988e+06
     231.8  8.266e+06
     233.9  8.121e+06
     235.9  7.682e+06
     237.9  7.487e+06
     239.9  7.981e+06
     241.9  7.162e+06
     243.9  7.431e+06
       246  7.076e+06
       248  7.053e+06
       250  -1.67e+09
