     2.016  7.612e+08
     4.032  7.633e+08
     6.048  6.538e+08
     8.065  5.499e+08
     10.08  4.416e+08
      12.1  3.666e+08
     14.11  3.584e+08
     16.13   2.93e+08
     18.14  3.063e+08
     20.16  2.466e+08
     22.18  2.067e+08
     24.19  1.841e+08
     26.21  1.647e+08
     28.23  1.407e+08
     30.24  1.364e+08
     32.26  1.243e+08
     34.27  1.087e+08
     36.29  1.011e+08
     38.31  9.144e+07
     40.32  7.611e+07
     42.34  7.822e+07
     44.35   7.13e+07
     46.37  6.526e+07
     48.39  6.315e+07
      50.4  5.961e+07
     52.42  6.004e+07
     54.44  5.615e+07
     56.45  4.981e+07
     58.47  4.877e+07
     60.48  4.832e+07
      62.5  4.583e+07
     64.52  4.562e+07
     66.53   4.59e+07
     68.55  4.231e+07
     70.56  4.231e+07
     72.58  3.894e+07
      74.6  3.905e+07
     76.61  3.394e+07
     78.63  3.163e+07
     80.64  3.152e+07
     82.66  2.939e+07
     84.68  2.821e+07
     86.69  2.818e+07
     88.71    2.8e+07
     90.73  2.781e+07
     92.74  2.608e+07
     94.76  2.787e+07
     96.77  2.457e+07
     98.79  2.479e+07
     100.8  2.179e+07
     102.8  1.999e+07
     104.8   2.11e+07
     106.8  1.967e+07
     108.9  1.768e+07
     110.9  1.979e+07
     112.9  1.776e+07
     114.9  1.757e+07
     116.9  1.638e+07
       119  1.705e+07
       121   1.53e+07
       123  1.629e+07
       125  1.525e+07
       127  1.444e+07
       129  1.627e+07
     131.1  1.387e+07
     133.1  1.445e+07
     135.1  1.363e+07
     137.1  1.361e+07
     139.1  1.284e+07
     141.1  1.439e+07
     143.2  1.253e+07
     145.2  1.379e+07
     147.2  1.277e+07
     149.2  1.234e+07
     151.2  1.306e+07
     153.2  1.242e+07
     155.2  1.253e+07
     157.3  1.175e+07
     159.3  1.176e+07
     161.3  1.121e+07
     163.3  1.068e+07
     165.3  1.108e+07
     167.3  1.023e+07
     169.3  1.077e+07
     171.4   1.05e+07
     173.4  9.416e+06
     175.4  1.017e+07
     177.4   9.87e+06
     179.4  9.494e+06
     181.4  8.952e+06
     183.5  9.241e+06
     185.5  7.941e+06
     187.5  8.323e+06
     189.5  8.443e+06
     191.5  8.644e+06
     193.6  8.266e+06
     195.6  7.814e+06
     197.6  8.538e+06
     199.6  7.776e+06
     201.6  8.526e+06
     203.6  9.449e+06
     205.7  8.817e+06
     207.7  8.583e+06
     209.7  8.269e+06
     211.7  8.155e+06
     213.7  7.816e+06
     215.7  7.155e+06
     217.7   6.54e+06
     219.8  6.627e+06
     221.8   6.42e+06
     223.8  6.614e+06
     225.8   6.87e+06
     227.8  6.423e+06
     229.8   6.37e+06
     231.8   6.14e+06
     233.9  5.583e+06
     235.9  5.904e+06
     237.9  5.582e+06
     239.9  5.606e+06
     241.9  5.886e+06
     243.9   6.03e+06
       246    5.5e+06
       248  5.995e+06
       250 -1.134e+09
