     2.016  2.146e+09
     4.032  5.531e+08
     6.048  5.461e+08
     8.065  4.631e+08
     10.08  4.293e+08
      12.1  3.464e+08
     14.11  3.326e+08
     16.13  2.805e+08
     18.14  2.378e+08
     20.16  2.235e+08
     22.18   1.96e+08
     24.19  1.772e+08
     26.21  1.619e+08
     28.23  1.453e+08
     30.24  1.318e+08
     32.26  1.251e+08
     34.27  1.113e+08
     36.29  1.073e+08
     38.31  1.003e+08
     40.32  9.702e+07
     42.34   8.42e+07
     44.35  8.116e+07
     46.37  7.431e+07
     48.39  7.265e+07
      50.4  6.713e+07
     52.42  6.142e+07
     54.44  6.339e+07
     56.45  5.622e+07
     58.47  5.166e+07
     60.48  5.203e+07
      62.5   4.84e+07
     64.52    4.5e+07
     66.53   4.53e+07
     68.55  4.185e+07
     70.56  4.095e+07
     72.58   4.28e+07
      74.6  3.937e+07
     76.61  3.759e+07
     78.63  3.458e+07
     80.64   3.41e+07
     82.66  3.452e+07
     84.68  3.284e+07
     86.69  3.205e+07
     88.71  3.025e+07
     90.73  3.053e+07
     92.74  2.978e+07
     94.76  2.813e+07
     96.77  2.885e+07
     98.79  2.955e+07
     100.8  2.834e+07
     102.8  2.706e+07
     104.8  2.535e+07
     106.8  2.551e+07
     108.9   2.44e+07
     110.9  2.273e+07
     112.9  2.378e+07
     114.9  2.283e+07
     116.9  2.263e+07
       119  2.168e+07
       121  2.102e+07
       123  2.064e+07
       125  1.995e+07
       127  1.876e+07
       129  1.899e+07
     131.1  1.884e+07
     133.1  1.727e+07
     135.1  1.728e+07
     137.1  1.696e+07
     139.1  1.726e+07
     141.1  1.631e+07
     143.2  1.835e+07
     145.2  1.873e+07
     147.2  1.714e+07
     149.2  1.683e+07
     151.2  1.773e+07
     153.2  1.734e+07
     155.2  1.663e+07
     157.3  1.593e+07
     159.3  1.416e+07
     161.3  1.342e+07
     163.3  1.272e+07
     165.3  1.378e+07
     167.3   1.27e+07
     169.3  1.223e+07
     171.4  1.087e+07
     173.4  1.129e+07
     175.4  1.058e+07
     177.4  1.094e+07
     179.4  1.024e+07
     181.4  1.093e+07
     183.5   1.08e+07
     185.5  1.064e+07
     187.5  1.027e+07
     189.5   9.78e+06
     191.5  9.476e+06
     193.6  8.675e+06
     195.6  8.954e+06
     197.6  8.337e+06
     199.6  7.776e+06
     201.6  8.921e+06
     203.6  8.438e+06
     205.7    7.2e+06
     207.7  7.778e+06
     209.7  8.722e+06
     211.7  7.554e+06
     213.7   7.89e+06
     215.7  7.449e+06
     217.7  7.782e+06
     219.8  7.168e+06
     221.8  7.138e+06
     223.8  7.427e+06
     225.8  7.255e+06
     227.8  6.458e+06
     229.8  7.024e+06
     231.8  7.237e+06
     233.9  6.361e+06
     235.9  6.407e+06
     237.9  6.484e+06
     239.9  6.629e+06
     241.9  6.639e+06
     243.9  6.747e+06
       246  6.497e+06
       248  5.643e+06
       250 -1.251e+09
