     2.016  1.192e+09
     4.032  5.884e+08
     6.048  4.591e+08
     8.065  3.478e+08
     10.08  2.813e+08
      12.1  2.166e+08
     14.11  1.824e+08
     16.13  1.558e+08
     18.14  1.519e+08
     20.16  1.368e+08
     22.18  1.173e+08
     24.19  1.125e+08
     26.21   9.47e+07
     28.23  8.922e+07
     30.24  7.818e+07
     32.26  6.735e+07
     34.27  6.246e+07
     36.29  5.193e+07
     38.31  4.752e+07
     40.32   4.44e+07
     42.34  4.393e+07
     44.35   4.38e+07
     46.37  3.524e+07
     48.39  3.787e+07
      50.4  3.222e+07
     52.42   2.79e+07
     54.44  2.853e+07
     56.45   2.72e+07
     58.47  2.502e+07
     60.48  2.379e+07
      62.5  2.192e+07
     64.52  2.315e+07
     66.53  2.172e+07
     68.55  2.075e+07
     70.56  1.978e+07
     72.58  2.045e+07
      74.6  1.724e+07
     76.61  1.785e+07
     78.63  1.727e+07
     80.64  1.722e+07
     82.66   1.47e+07
     84.68  1.471e+07
     86.69  1.437e+07
     88.71  1.469e+07
     90.73  1.206e+07
     92.74  1.282e+07
     94.76  1.255e+07
     96.77  1.162e+07
     98.79  1.114e+07
     100.8  1.129e+07
     102.8  1.011e+07
     104.8   1.04e+07
     106.8   1.04e+07
     108.9  9.788e+06
     110.9  8.891e+06
     112.9  9.058e+06
     114.9  8.923e+06
     116.9  8.699e+06
       119  8.392e+06
       121  6.896e+06
       123  7.206e+06
       125  7.435e+06
       127  7.128e+06
       129  7.422e+06
     131.1  6.483e+06
     133.1  7.135e+06
     135.1  6.993e+06
     137.1  6.947e+06
     139.1  6.421e+06
     141.1  6.354e+06
     143.2  5.931e+06
     145.2  5.822e+06
     147.2  5.768e+06
     149.2  6.412e+06
     151.2  6.242e+06
     153.2  6.108e+06
     155.2  5.647e+06
     157.3  5.547e+06
     159.3  6.254e+06
     161.3  5.555e+06
     163.3  5.486e+06
     165.3  4.867e+06
     167.3  4.879e+06
     169.3  4.986e+06
     171.4  4.671e+06
     173.4  4.022e+06
     175.4  4.313e+06
     177.4   3.93e+06
     179.4  4.548e+06
     181.4  4.213e+06
     183.5  3.541e+06
     185.5   3.52e+06
     187.5  4.056e+06
     189.5  3.887e+06
     191.5  3.865e+06
     193.6  3.151e+06
     195.6    3.5e+06
     197.6  3.126e+06
     199.6  3.095e+06
     201.6  3.631e+06
     203.6  3.383e+06
     205.7  3.273e+06
     207.7  4.789e+06
     209.7  4.002e+06
     211.7  4.585e+06
     213.7  3.852e+06
     215.7      4e+06
     217.7  3.763e+06
     219.8   3.53e+06
     221.8  3.623e+06
     223.8  2.829e+06
     225.8  2.874e+06
     227.8  2.723e+06
     229.8  2.479e+06
     231.8  2.641e+06
     233.9   2.91e+06
     235.9  2.549e+06
     237.9  2.407e+06
     239.9  2.309e+06
     241.9  2.289e+06
     243.9  2.086e+06
       246  2.444e+06
       248  2.276e+06
       250 -5.796e+08
