     2.016   1.34e+09
     4.032  7.779e+08
     6.048  5.685e+08
     8.065  4.389e+08
     10.08  3.557e+08
      12.1   3.01e+08
     14.11  2.522e+08
     16.13   2.16e+08
     18.14  1.768e+08
     20.16  1.655e+08
     22.18  1.325e+08
     24.19  1.311e+08
     26.21  1.078e+08
     28.23  1.031e+08
     30.24  8.574e+07
     32.26  8.276e+07
     34.27  7.528e+07
     36.29  6.601e+07
     38.31  6.352e+07
     40.32  5.983e+07
     42.34  5.492e+07
     44.35  4.799e+07
     46.37  4.631e+07
     48.39  4.364e+07
      50.4  3.941e+07
     52.42  3.713e+07
     54.44  3.056e+07
     56.45  3.036e+07
     58.47  3.127e+07
     60.48  2.937e+07
      62.5   2.67e+07
     64.52  2.509e+07
     66.53  2.571e+07
     68.55  2.466e+07
     70.56  2.246e+07
     72.58  2.206e+07
      74.6  2.081e+07
     76.61   2.13e+07
     78.63  2.085e+07
     80.64  1.923e+07
     82.66  2.098e+07
     84.68  2.132e+07
     86.69  1.971e+07
     88.71  1.962e+07
     90.73  2.173e+07
     92.74  1.876e+07
     94.76  1.903e+07
     96.77  1.756e+07
     98.79  1.784e+07
     100.8  1.674e+07
     102.8  1.672e+07
     104.8  1.472e+07
     106.8  1.406e+07
     108.9  1.417e+07
     110.9  1.391e+07
     112.9  1.352e+07
     114.9  1.259e+07
     116.9  1.305e+07
       119  1.309e+07
       121   1.34e+07
       123  1.168e+07
       125  1.226e+07
       127  1.194e+07
       129  1.082e+07
     131.1  1.085e+07
     133.1  1.031e+07
     135.1  1.005e+07
     137.1  9.495e+06
     139.1  1.021e+07
     141.1  9.166e+06
     143.2  9.312e+06
     145.2  9.008e+06
     147.2  9.271e+06
     149.2  9.244e+06
     151.2  8.813e+06
     153.2  8.282e+06
     155.2  8.111e+06
     157.3  7.766e+06
     159.3  7.355e+06
     161.3  7.472e+06
     163.3  7.476e+06
     165.3  7.277e+06
     167.3  7.484e+06
     169.3  6.632e+06
     171.4  7.261e+06
     173.4   6.81e+06
     175.4  6.357e+06
     177.4  6.655e+06
     179.4  6.889e+06
     181.4  6.319e+06
     183.5  6.045e+06
     185.5  5.923e+06
     187.5  6.295e+06
     189.5  5.893e+06
     191.5  6.068e+06
     193.6  5.238e+06
     195.6  5.983e+06
     197.6   5.05e+06
     199.6  5.078e+06
     201.6   5.25e+06
     203.6  5.366e+06
     205.7  5.698e+06
     207.7  6.092e+06
     209.7   5.55e+06
     211.7  4.773e+06
     213.7  5.334e+06
     215.7   4.22e+06
     217.7  4.749e+06
     219.8  4.574e+06
     221.8  4.053e+06
     223.8  3.926e+06
     225.8  3.961e+06
     227.8  4.189e+06
     229.8  3.856e+06
     231.8  3.979e+06
     233.9   3.62e+06
     235.9  3.489e+06
     237.9  3.844e+06
     239.9  4.122e+06
     241.9  3.728e+06
     243.9  3.422e+06
       246  3.216e+06
       248  3.815e+06
       250 -7.804e+08
