     2.016  2.578e+09
     4.032  6.899e+08
     6.048  5.805e+08
     8.065   5.26e+08
     10.08   4.46e+08
      12.1  4.208e+08
     14.11   3.65e+08
     16.13  3.342e+08
     18.14  3.193e+08
     20.16  2.775e+08
     22.18  2.552e+08
     24.19  2.323e+08
     26.21  2.129e+08
     28.23  1.981e+08
     30.24  1.825e+08
     32.26   1.66e+08
     34.27  1.595e+08
     36.29  1.478e+08
     38.31  1.378e+08
     40.32  1.266e+08
     42.34  1.087e+08
     44.35  1.153e+08
     46.37  1.042e+08
     48.39  9.231e+07
      50.4  8.615e+07
     52.42   8.63e+07
     54.44   7.95e+07
     56.45  7.899e+07
     58.47  7.447e+07
     60.48  7.606e+07
      62.5   7.01e+07
     64.52  6.675e+07
     66.53  6.603e+07
     68.55  6.008e+07
     70.56  5.774e+07
     72.58  5.504e+07
      74.6  5.235e+07
     76.61  5.336e+07
     78.63  5.034e+07
     80.64  4.828e+07
     82.66  4.457e+07
     84.68   4.51e+07
     86.69  4.393e+07
     88.71  4.204e+07
     90.73  4.004e+07
     92.74  4.079e+07
     94.76  3.949e+07
     96.77  3.776e+07
     98.79  3.762e+07
     100.8  3.458e+07
     102.8    3.5e+07
     104.8  3.453e+07
     106.8  3.322e+07
     108.9  3.338e+07
     110.9  3.334e+07
     112.9  3.121e+07
     114.9  2.857e+07
     116.9  3.011e+07
       119  3.055e+07
       121   3.08e+07
       123  3.058e+07
       125  2.643e+07
       127  2.582e+07
       129  2.295e+07
     131.1  2.339e+07
     133.1  2.165e+07
     135.1  2.074e+07
     137.1  1.992e+07
     139.1  2.127e+07
     141.1  2.047e+07
     143.2  1.979e+07
     145.2  1.955e+07
     147.2   1.86e+07
     149.2  1.694e+07
     151.2   1.71e+07
     153.2  1.744e+07
     155.2  1.658e+07
     157.3  1.669e+07
     159.3  1.536e+07
     161.3  1.499e+07
     163.3  1.485e+07
     165.3  1.402e+07
     167.3  1.473e+07
     169.3   1.59e+07
     171.4  1.526e+07
     173.4   1.38e+07
     175.4  1.321e+07
     177.4  1.291e+07
     179.4  1.201e+07
     181.4  1.176e+07
     183.5  1.183e+07
     185.5  1.185e+07
     187.5   1.12e+07
     189.5  1.057e+07
     191.5  1.184e+07
     193.6  1.109e+07
     195.6  1.192e+07
     197.6  1.114e+07
     199.6  1.182e+07
     201.6   1.07e+07
     203.6  1.081e+07
     205.7   1.07e+07
     207.7  1.031e+07
     209.7  1.004e+07
     211.7  9.358e+06
     213.7  8.964e+06
     215.7  9.614e+06
     217.7  8.878e+06
     219.8  8.969e+06
     221.8  8.321e+06
     223.8  8.983e+06
     225.8  8.412e+06
     227.8  8.867e+06
     229.8  8.298e+06
     231.8  7.923e+06
     233.9  7.579e+06
     235.9  7.816e+06
     237.9  7.521e+06
     239.9   8.08e+06
     241.9  8.633e+06
     243.9  8.376e+06
       246  7.462e+06
       248  7.342e+06
       250 -1.594e+09
