     2.016  2.876e+09
     4.032  1.276e+09
     6.048  6.023e+08
     8.065  3.673e+08
     10.08  2.625e+08
      12.1   2.16e+08
     14.11  1.852e+08
     16.13  1.421e+08
     18.14  1.242e+08
     20.16  1.263e+08
     22.18  1.105e+08
     24.19  1.206e+08
     26.21  1.131e+08
     28.23  8.838e+07
     30.24  7.386e+07
     32.26  6.609e+07
     34.27  6.937e+07
     36.29  6.619e+07
     38.31  6.435e+07
     40.32  5.269e+07
     42.34  4.731e+07
     44.35  4.591e+07
     46.37  4.159e+07
     48.39  3.851e+07
      50.4  3.585e+07
     52.42  3.563e+07
     54.44  3.187e+07
     56.45  3.084e+07
     58.47  2.932e+07
     60.48   2.53e+07
      62.5  2.339e+07
     64.52  2.124e+07
     66.53  2.177e+07
     68.55  1.916e+07
     70.56  1.957e+07
     72.58  2.105e+07
      74.6  1.959e+07
     76.61  1.775e+07
     78.63  1.658e+07
     80.64  1.497e+07
     82.66  1.238e+07
     84.68  1.274e+07
     86.69  1.234e+07
     88.71  1.188e+07
     90.73  1.003e+07
     92.74  9.036e+06
     94.76  9.347e+06
     96.77  8.656e+06
     98.79  9.608e+06
     100.8  1.026e+07
     102.8  8.632e+06
     104.8   8.12e+06
     106.8   7.78e+06
     108.9   6.94e+06
     110.9  7.242e+06
     112.9   6.44e+06
     114.9  6.709e+06
     116.9  5.709e+06
       119  5.236e+06
       121  4.598e+06
       123  5.518e+06
       125  4.321e+06
       127  5.065e+06
       129  5.319e+06
     131.1  5.877e+06
     133.1  5.516e+06
     135.1  5.113e+06
     137.1  5.732e+06
     139.1  4.873e+06
     141.1  4.723e+06
     143.2  3.658e+06
     145.2   3.79e+06
     147.2  3.126e+06
     149.2  3.099e+06
     151.2   3.41e+06
     153.2  2.899e+06
     155.2   2.67e+06
     157.3  2.622e+06
     159.3  2.502e+06
     161.3  2.458e+06
     163.3  2.573e+06
     165.3  2.699e+06
     167.3  2.558e+06
     169.3  2.681e+06
     171.4  3.191e+06
     173.4  3.382e+06
     175.4   2.86e+06
     177.4  2.814e+06
     179.4  2.649e+06
     181.4   2.37e+06
     183.5  1.943e+06
     185.5   1.76e+06
     187.5  1.648e+06
     189.5  1.463e+06
     191.5  1.579e+06
     193.6   1.76e+06
     195.6  1.628e+06
     197.6  1.724e+06
     199.6  1.627e+06
     201.6   1.46e+06
     203.6  1.478e+06
     205.7  1.463e+06
     207.7  1.303e+06
     209.7   1.17e+06
     211.7  1.315e+06
     213.7  1.111e+06
     215.7  1.174e+06
     217.7  1.096e+06
     219.8  9.365e+05
     221.8   1.04e+06
     223.8  9.903e+05
     225.8  8.412e+05
     227.8  1.012e+06
     229.8  1.205e+06
     231.8  9.947e+05
     233.9  1.049e+06
     235.9   7.38e+05
     237.9  7.353e+05
     239.9  1.022e+06
     241.9  5.559e+05
     243.9  5.541e+05
       246  6.111e+05
       248   5.13e+05
       250 -4.925e+08
