     2.016  2.831e+09
     4.032  1.374e+09
     6.048  7.408e+08
     8.065  5.353e+08
     10.08  4.071e+08
      12.1  3.478e+08
     14.11  2.684e+08
     16.13  2.329e+08
     18.14  1.994e+08
     20.16  1.752e+08
     22.18  1.542e+08
     24.19  1.514e+08
     26.21  1.355e+08
     28.23  1.265e+08
     30.24  1.181e+08
     32.26  1.064e+08
     34.27  1.013e+08
     36.29  8.955e+07
     38.31   8.57e+07
     40.32  8.161e+07
     42.34  7.556e+07
     44.35  7.536e+07
     46.37  7.095e+07
     48.39  6.353e+07
      50.4  6.313e+07
     52.42  6.265e+07
     54.44  6.945e+07
     56.45  6.675e+07
     58.47  5.867e+07
     60.48  5.309e+07
      62.5  4.391e+07
     64.52  4.251e+07
     66.53  4.036e+07
     68.55  4.185e+07
     70.56  3.982e+07
     72.58  4.578e+07
      74.6  4.516e+07
     76.61  4.145e+07
     78.63  3.692e+07
     80.64  2.875e+07
     82.66  2.659e+07
     84.68  2.444e+07
     86.69  2.238e+07
     88.71  2.124e+07
     90.73  2.129e+07
     92.74  2.195e+07
     94.76  2.206e+07
     96.77   1.88e+07
     98.79  1.954e+07
     100.8  1.966e+07
     102.8  2.178e+07
     104.8  1.958e+07
     106.8  1.623e+07
     108.9  1.315e+07
     110.9  1.183e+07
     112.9  1.175e+07
     114.9  1.176e+07
     116.9  1.019e+07
       119  1.054e+07
       121  8.998e+06
       123   8.05e+06
       125  8.451e+06
       127  8.441e+06
       129  7.546e+06
     131.1   7.21e+06
     133.1  5.516e+06
     135.1   4.76e+06
     137.1  5.153e+06
     139.1  4.472e+06
     141.1  5.398e+06
     143.2  5.432e+06
     145.2  4.724e+06
     147.2  4.204e+06
     149.2   3.42e+06
     151.2  4.616e+06
     153.2  4.607e+06
     155.2  4.158e+06
     157.3  4.236e+06
     159.3  4.153e+06
     161.3  3.638e+06
     163.3  3.835e+06
     165.3  3.614e+06
     167.3  3.647e+06
     169.3  4.186e+06
     171.4  3.931e+06
     173.4  3.428e+06
     175.4  2.679e+06
     177.4  3.528e+06
     179.4  3.356e+06
     181.4  3.247e+06
     183.5  3.886e+06
     185.5  3.648e+06
     187.5  3.845e+06
     189.5  3.594e+06
     191.5  3.616e+06
     193.6  2.742e+06
     195.6  3.052e+06
     197.6  2.084e+06
     199.6   2.38e+06
     201.6   2.25e+06
     203.6  2.139e+06
     205.7   1.81e+06
     207.7  1.686e+06
     209.7  1.699e+06
     211.7  2.255e+06
     213.7  1.852e+06
     215.7  1.541e+06
     217.7  1.571e+06
     219.8  1.621e+06
     221.8  1.327e+06
     223.8  1.415e+06
     225.8  1.367e+06
     227.8  1.606e+06
     229.8  1.584e+06
     231.8  1.509e+06
     233.9  1.489e+06
     235.9  1.677e+06
     237.9  1.805e+06
     239.9  1.451e+06
     241.9  1.733e+06
     243.9  1.434e+06
       246  1.287e+06
       248  1.186e+06
       250 -8.032e+08
