     2.016  1.074e+09
     4.032  6.553e+08
     6.048  3.648e+08
     8.065  2.308e+08
     10.08  1.777e+08
      12.1  1.534e+08
     14.11  1.225e+08
     16.13  1.192e+08
     18.14  1.029e+08
     20.16  9.678e+07
     22.18  9.312e+07
     24.19  8.583e+07
     26.21  8.333e+07
     28.23  7.779e+07
     30.24  7.318e+07
     32.26  7.149e+07
     34.27   6.23e+07
     36.29  6.491e+07
     38.31  5.774e+07
     40.32  5.576e+07
     42.34  4.825e+07
     44.35  4.786e+07
     46.37  4.523e+07
     48.39  3.881e+07
      50.4  4.178e+07
     52.42  3.953e+07
     54.44  3.738e+07
     56.45  3.659e+07
     58.47  3.185e+07
     60.48  3.345e+07
      62.5   3.22e+07
     64.52  2.998e+07
     66.53  2.942e+07
     68.55  2.879e+07
     70.56  2.709e+07
     72.58  2.375e+07
      74.6  2.238e+07
     76.61  2.053e+07
     78.63  2.006e+07
     80.64   1.81e+07
     82.66  1.569e+07
     84.68  1.529e+07
     86.69  1.169e+07
     88.71  1.143e+07
     90.73  1.074e+07
     92.74   1.05e+07
     94.76  9.516e+06
     96.77  9.727e+06
     98.79  8.962e+06
     100.8  1.026e+07
     102.8  1.042e+07
     104.8  8.727e+06
     106.8  8.379e+06
     108.9  9.058e+06
     110.9  7.314e+06
     112.9  7.572e+06
     114.9  7.055e+06
     116.9  7.068e+06
       119  7.318e+06
       121  7.422e+06
       123  7.076e+06
       125   6.99e+06
       127  6.565e+06
       129  5.999e+06
     131.1  6.241e+06
     133.1  5.516e+06
     135.1  5.994e+06
     137.1  6.079e+06
     139.1  5.504e+06
     141.1  5.567e+06
     143.2  5.654e+06
     145.2  5.767e+06
     147.2  5.282e+06
     149.2  5.504e+06
     151.2  4.774e+06
     153.2  5.073e+06
     155.2  4.826e+06
     157.3  5.396e+06
     159.3  5.603e+06
     161.3  5.997e+06
     163.3  5.389e+06
     165.3  5.542e+06
     167.3  5.069e+06
     169.3  4.704e+06
     171.4   4.44e+06
     173.4  5.028e+06
     175.4  4.586e+06
     177.4    4.6e+06
     179.4  4.813e+06
     181.4  4.783e+06
     183.5  4.318e+06
     185.5  4.378e+06
     187.5   4.14e+06
     189.5  4.221e+06
     191.5  4.322e+06
     193.6  3.437e+06
     195.6  3.297e+06
     197.6  3.447e+06
     199.6  3.412e+06
     201.6  3.237e+06
     203.6  2.916e+06
     205.7  2.888e+06
     207.7   3.41e+06
     209.7   3.36e+06
     211.7  2.556e+06
     213.7  3.482e+06
     215.7  3.523e+06
     217.7  3.069e+06
     219.8  2.845e+06
     221.8   2.69e+06
     223.8  2.723e+06
     225.8  2.769e+06
     227.8  2.688e+06
     229.8  2.238e+06
     231.8  2.504e+06
     233.9  1.929e+06
     235.9  2.247e+06
     237.9  2.173e+06
     239.9  1.847e+06
     241.9  1.897e+06
     243.9  2.053e+06
       246  1.898e+06
       248  2.212e+06
       250 -5.605e+08
