     2.016  3.067e+09
     4.032  1.286e+09
     6.048  1.208e+09
     8.065  9.801e+08
     10.08  8.086e+08
      12.1  6.984e+08
     14.11  5.672e+08
     16.13  4.866e+08
     18.14  4.307e+08
     20.16  3.547e+08
     22.18  3.267e+08
     24.19  3.082e+08
     26.21  2.789e+08
     28.23  2.831e+08
     30.24  2.574e+08
     32.26  2.445e+08
     34.27  2.167e+08
     36.29  1.974e+08
     38.31  1.782e+08
     40.32  1.676e+08
     42.34  1.473e+08
     44.35  1.337e+08
     46.37   1.22e+08
     48.39  1.083e+08
      50.4  9.526e+07
     52.42  9.183e+07
     54.44  8.689e+07
     56.45  7.842e+07
     58.47  6.925e+07
     60.48  6.902e+07
      62.5  6.445e+07
     64.52  5.867e+07
     66.53  5.892e+07
     68.55  5.435e+07
     70.56  5.048e+07
     72.58  4.908e+07
      74.6  4.688e+07
     76.61  4.438e+07
     78.63  3.906e+07
     80.64  3.777e+07
     82.66  3.674e+07
     84.68  3.576e+07
     86.69  3.739e+07
     88.71  3.718e+07
     90.73  3.326e+07
     92.74  2.935e+07
     94.76  2.897e+07
     96.77  2.902e+07
     98.79  2.793e+07
     100.8  2.605e+07
     102.8  2.613e+07
     104.8  2.436e+07
     106.8  2.424e+07
     108.9   2.33e+07
     110.9  2.373e+07
     112.9  2.229e+07
     114.9  1.971e+07
     116.9  2.093e+07
       119  2.021e+07
       121  2.062e+07
       123  1.902e+07
       125  1.767e+07
       127  1.688e+07
       129  1.756e+07
     131.1   1.69e+07
     133.1  1.619e+07
     135.1  1.475e+07
     137.1  1.499e+07
     139.1  1.611e+07
     141.1    1.4e+07
     143.2  1.308e+07
     145.2  1.357e+07
     147.2  1.304e+07
     149.2  1.234e+07
     151.2  1.248e+07
     153.2  1.201e+07
     155.2  1.181e+07
     157.3   1.14e+07
     159.3  1.161e+07
     161.3  1.195e+07
     163.3  1.218e+07
     165.3  1.137e+07
     167.3   1.08e+07
     169.3  1.096e+07
     171.4  1.138e+07
     173.4  1.152e+07
     175.4   1.24e+07
     177.4  1.228e+07
     179.4  1.113e+07
     181.4  1.101e+07
     183.5  1.123e+07
     185.5  1.155e+07
     187.5   1.12e+07
     189.5   9.78e+06
     191.5  1.014e+07
     193.6  9.616e+06
     195.6  9.808e+06
     197.6    9.9e+06
     199.6  1.063e+07
     201.6  1.014e+07
     203.6  9.177e+06
     205.7  9.279e+06
     207.7  8.851e+06
     209.7  9.326e+06
     211.7  8.381e+06
     213.7  8.964e+06
     215.7  9.027e+06
     217.7  8.768e+06
     219.8  8.752e+06
     221.8  7.927e+06
     223.8  8.311e+06
     225.8  8.307e+06
     227.8  8.134e+06
     229.8  8.126e+06
     231.8  7.923e+06
     233.9  7.681e+06
     235.9  8.319e+06
     237.9  7.454e+06
     239.9  7.156e+06
     241.9  6.377e+06
     243.9  6.975e+06
       246  6.079e+06
       248  6.476e+06
       250 -1.581e+09
