     2.016  2.605e+09
     4.032  1.139e+09
     6.048  5.989e+08
     8.065  3.455e+08
     10.08  2.523e+08
      12.1  2.013e+08
     14.11  1.627e+08
     16.13  1.609e+08
     18.14  1.357e+08
     20.16  1.196e+08
     22.18   1.13e+08
     24.19  1.061e+08
     26.21  9.094e+07
     28.23  8.179e+07
     30.24  7.564e+07
     32.26  7.132e+07
     34.27  6.616e+07
     36.29  5.999e+07
     38.31  4.807e+07
     40.32  5.062e+07
     42.34  4.493e+07
     44.35  3.958e+07
     46.37  3.921e+07
     48.39  3.279e+07
      50.4  3.035e+07
     52.42  2.833e+07
     54.44  2.639e+07
     56.45  2.465e+07
     58.47  1.929e+07
     60.48  1.996e+07
      62.5  1.692e+07
     64.52  1.684e+07
     66.53  1.595e+07
     68.55  1.553e+07
     70.56  1.476e+07
     72.58  1.348e+07
      74.6  1.198e+07
     76.61  1.053e+07
     78.63  1.163e+07
     80.64  1.161e+07
     82.66  1.021e+07
     84.68  8.964e+06
     86.69  8.067e+06
     88.71  6.553e+06
     90.73  6.731e+06
     92.74  7.306e+06
     94.76  5.642e+06
     96.77  6.628e+06
     98.79  7.509e+06
     100.8  5.968e+06
     102.8  5.032e+06
     104.8  5.464e+06
     106.8  5.237e+06
     108.9  5.406e+06
     110.9  5.521e+06
     112.9  5.803e+06
     114.9  4.634e+06
     116.9   3.67e+06
       119  3.961e+06
       121  3.612e+06
       123  3.246e+06
       125  2.923e+06
       127  3.376e+06
       129  3.835e+06
     131.1  3.696e+06
     133.1  2.638e+06
     135.1  3.291e+06
     137.1  2.316e+06
     139.1  2.293e+06
     141.1  1.968e+06
     143.2  1.718e+06
     145.2  1.538e+06
     147.2  1.563e+06
     149.2  1.763e+06
     151.2  1.679e+06
     153.2  1.139e+06
     155.2  1.232e+06
     157.3  1.261e+06
     159.3  1.401e+06
     161.3  1.426e+06
     163.3  1.505e+06
     165.3  1.253e+06
     167.3  1.137e+06
     169.3  8.937e+05
     171.4  9.712e+05
     173.4  1.006e+06
     175.4  9.081e+05
     177.4  8.933e+05
     179.4  6.624e+05
     181.4  7.899e+05
     183.5  8.205e+05
     185.5  7.297e+05
     187.5  8.872e+05
     189.5  6.687e+05
     191.5  7.896e+05
     193.6  6.138e+05
     195.6  5.698e+05
     197.6  7.616e+05
     199.6  7.538e+05
     201.6  9.473e+05
     203.6  1.283e+06
     205.7  1.386e+06
     207.7  8.046e+05
     209.7  6.796e+05
     211.7  6.013e+05
     213.7  4.816e+05
     215.7  5.504e+05
     217.7  6.211e+05
     219.8  1.045e+06
     221.8  4.663e+05
     223.8   3.89e+05
     225.8  3.855e+05
     227.8  3.491e+05
     229.8  3.787e+05
     231.8  2.744e+05
     233.9  4.399e+05
     235.9  2.684e+05
     237.9  3.008e+05
     239.9  2.638e+05
     241.9  2.616e+05
     243.9  2.607e+05
       246  2.573e+05
       248  2.244e+05
       250  -3.83e+08
