     2.016  2.207e+09
     4.032  9.609e+08
     6.048  8.149e+08
     8.065  6.764e+08
     10.08  5.639e+08
      12.1  4.467e+08
     14.11   3.99e+08
     16.13  3.471e+08
     18.14  2.958e+08
     20.16  2.687e+08
     22.18  2.461e+08
     24.19  2.263e+08
     26.21  2.119e+08
     28.23  1.899e+08
     30.24   1.85e+08
     32.26  1.682e+08
     34.27  1.536e+08
     36.29  1.394e+08
     38.31  1.342e+08
     40.32  1.218e+08
     42.34  1.072e+08
     44.35  9.962e+07
     46.37  9.937e+07
     48.39  9.564e+07
      50.4  9.046e+07
     52.42  8.292e+07
     54.44  7.669e+07
     56.45  7.244e+07
     58.47  7.268e+07
     60.48  6.809e+07
      62.5  6.445e+07
     64.52   6.24e+07
     66.53  5.976e+07
     68.55  5.739e+07
     70.56   5.32e+07
     72.58  5.173e+07
      74.6  4.978e+07
     76.61  4.594e+07
     78.63  4.262e+07
     80.64  4.144e+07
     82.66  4.186e+07
     84.68   4.18e+07
     86.69  3.914e+07
     88.71  3.943e+07
     90.73  3.608e+07
     92.74  3.658e+07
     94.76   3.41e+07
     96.77   3.33e+07
     98.79  3.342e+07
     100.8  2.976e+07
     102.8  2.963e+07
     104.8  2.648e+07
     106.8  2.656e+07
     108.9  2.586e+07
     110.9  2.373e+07
     112.9  2.378e+07
     114.9  2.366e+07
     116.9  2.236e+07
       119  2.303e+07
       121  2.364e+07
       123  2.175e+07
       125  1.995e+07
       127  1.995e+07
       129  2.146e+07
     131.1  2.127e+07
     133.1  1.847e+07
     135.1  1.863e+07
     137.1  1.696e+07
     139.1  1.668e+07
     141.1  1.749e+07
     143.2   1.58e+07
     145.2  1.615e+07
     147.2  1.461e+07
     149.2  1.368e+07
     151.2  1.322e+07
     153.2  1.165e+07
     155.2  1.114e+07
     157.3   1.14e+07
     159.3  1.111e+07
     161.3  1.195e+07
     163.3  1.053e+07
     165.3  1.007e+07
     167.3   9.19e+06
     169.3  8.843e+06
     171.4  9.527e+06
     173.4  9.279e+06
     175.4   8.49e+06
     177.4  8.977e+06
     179.4   8.39e+06
     181.4  8.469e+06
     183.5  7.816e+06
     185.5  7.683e+06
     187.5  8.069e+06
     189.5  8.317e+06
     191.5  7.855e+06
     193.6  6.957e+06
     195.6  7.122e+06
     197.6  6.453e+06
     199.6  6.665e+06
     201.6  6.552e+06
     203.6  5.949e+06
     205.7  5.698e+06
     207.7  5.632e+06
     209.7   5.55e+06
     211.7  4.999e+06
     213.7  5.112e+06
     215.7  4.807e+06
     217.7  4.786e+06
     219.8  4.646e+06
     221.8  5.237e+06
     223.8  4.492e+06
     225.8  4.451e+06
     227.8  4.678e+06
     229.8  4.476e+06
     231.8  4.459e+06
     233.9  4.331e+06
     235.9  3.824e+06
     237.9  3.978e+06
     239.9  3.793e+06
     241.9   3.63e+06
     243.9  3.813e+06
       246  3.442e+06
       248   2.95e+06
       250  -1.34e+09
