     3.012  8.793e+08
     5.019  2.023e+08
     7.027  1.053e+08
     9.035  7.132e+07
     11.04  5.721e+07
     13.05  3.786e+07
     15.06  3.098e+07
     17.07  2.302e+07
     19.07  1.438e+07
     21.08  1.207e+07
     23.09  9.861e+06
      25.1  8.682e+06
      27.1  8.603e+06
     29.11  6.603e+06
     31.12  5.203e+06
     33.13  4.449e+06
     35.14  5.256e+06
     37.14  3.652e+06
     39.15  3.876e+06
     41.16  3.949e+06
     43.17  2.868e+06
     45.17  2.891e+06
     47.18   3.03e+06
     49.19  3.219e+06
      51.2  3.917e+06
     53.21  3.476e+06
     55.21  3.117e+06
     57.22  2.668e+06
     59.23  2.217e+06
     61.24  2.236e+06
     63.24    2.5e+06
     65.25  1.739e+06
     67.26  1.419e+06
     69.27  2.072e+06
     71.28  2.996e+06
     73.28  2.637e+06
     75.29  1.961e+06
      77.3  1.661e+06
     79.31  1.744e+06
     81.31  9.512e+05
     83.32  1.085e+06
     85.33  1.027e+06
     87.34   9.11e+05
     89.35  7.854e+05
     91.35  5.719e+05
     93.36  2.299e+05
     95.37  1.018e+05
     97.38  6.107e+04
     99.38  6.369e+04
     101.4          0
     103.4          0
     105.4   3.16e+04
     107.4   2.79e+04
     109.4          0
     111.4  2.917e+04
     113.4          0
     115.4          0
     117.5          0
     119.5          0
     121.5          0
     123.5          0
     125.5          0
     127.5          0
     129.5  2.546e+04
     131.5  2.457e+04
     133.5          0
     135.5          0
     137.5  2.378e+04
     139.5          0
     141.5          0
     143.6  2.139e+04
     145.6          0
     147.6          0
     149.6   2.13e+04
     151.6          0
     153.6          0
     155.6          0
     157.6          0
     159.6  2.018e+04
     161.6          0
     163.6          0
     165.6          0
     167.6          0
     169.7          0
     171.7          0
     173.7          0
     175.7          0
     177.7          0
     179.7          0
     181.7          0
     183.7          0
     185.7          0
     187.7          0
     189.7          0
     191.7          0
     193.7          0
     195.8          0
     197.8          0
     199.8          0
