     1.004  3.794e-16
     3.012  2.886e-17
     5.019   1.24e-17
     7.027  7.635e-18
     9.035  6.659e-18
     11.04  4.529e-18
     13.05  2.572e-18
     15.06  2.281e-18
     17.07  1.734e-18
     19.07  9.292e-19
     21.08  8.751e-19
     23.09  7.074e-19
      25.1  8.057e-19
      27.1  5.671e-19
     29.11  4.128e-19
     31.12  2.567e-19
     33.13  3.524e-19
     35.14    2.7e-19
     37.14  2.296e-19
     39.15  2.855e-19
     41.16  2.204e-19
     43.17  1.458e-19
     45.17   1.74e-19
     47.18  1.767e-19
     49.19  2.086e-19
      51.2  2.193e-19
     53.21  2.766e-19
     55.21  2.226e-19
     57.22  2.182e-19
     59.23  1.834e-19
     61.24  1.466e-19
     63.24   1.57e-19
     65.25  1.475e-19
     67.26  1.329e-19
     69.27  1.604e-19
     71.28   2.42e-19
     73.28  1.781e-19
     75.29  2.874e-19
      77.3  2.478e-19
     79.31  1.014e-19
     81.31  6.738e-20
     83.32  5.504e-20
     85.33  5.703e-20
     87.34  4.354e-20
     89.35  3.265e-20
     91.35   2.14e-20
     93.36  1.197e-20
     95.37  4.758e-21
     97.38   4.85e-21
     99.38  1.369e-21
     101.4  1.852e-23
     103.4  3.024e-21
     105.4  1.224e-21
     107.4  3.332e-22
     109.4  2.463e-21
     111.4  2.824e-22
     113.4      1e-23
     115.4      1e-23
     117.5      1e-23
     119.5      1e-23
     121.5      1e-23
     123.5      1e-23
     125.5  1.003e-23
     127.5  2.254e-21
     129.5  4.056e-22
     131.5  2.078e-21
     133.5  1.258e-23
     135.5   7.68e-22
     137.5  1.722e-21
     139.5      1e-23
     141.5  1.502e-22
     143.6  1.228e-21
     145.6  5.696e-23
     147.6  1.397e-21
     149.6  1.594e-21
     151.6      1e-23
     153.6      1e-23
     155.6      1e-23
     157.6  2.327e-21
     159.6  1.376e-21
     161.6      1e-23
     163.6      1e-23
     165.6      1e-23
     167.6      1e-23
     169.7      1e-23
     171.7      1e-23
     173.7      1e-23
     175.7      1e-23
     177.7      1e-23
     179.7      1e-23
     181.7      1e-23
     183.7      1e-23
     185.7      1e-23
     187.7      1e-23
     189.7      1e-23
     191.7      1e-23
     193.7      1e-23
     195.8      1e-23
     197.8      1e-23
     199.8      1e-23
