     1.004  2.543e+10
     3.012  5.884e+10
     5.019  7.165e+10
     7.027  8.098e+10
     9.035  8.911e+10
     11.04  9.708e+10
     13.05  1.033e+11
     15.06  1.092e+11
     17.07  1.142e+11
     19.07  1.176e+11
     21.08  1.208e+11
     23.09  1.237e+11
      25.1  1.264e+11
      27.1  1.294e+11
     29.11  1.318e+11
     31.12  1.339e+11
     33.13  1.357e+11
     35.14   1.38e+11
     37.14  1.398e+11
     39.15  1.417e+11
     41.16  1.437e+11
     43.17  1.453e+11
     45.17  1.469e+11
     47.18  1.487e+11
     49.19  1.507e+11
      51.2  1.533e+11
     53.21  1.556e+11
     55.21  1.578e+11
     57.22  1.597e+11
     59.23  1.613e+11
     61.24  1.631e+11
     63.24  1.651e+11
     65.25  1.665e+11
     67.26  1.677e+11
     69.27  1.695e+11
     71.28  1.722e+11
     73.28  1.746e+11
     75.29  1.765e+11
      77.3  1.781e+11
     79.31  1.799e+11
     81.31  1.808e+11
     83.32   1.82e+11
     85.33  1.831e+11
     87.34  1.841e+11
     89.35   1.85e+11
     91.35  1.856e+11
     93.36  1.859e+11
     95.37   1.86e+11
     97.38  1.861e+11
     99.38  1.862e+11
     101.4  1.862e+11
     103.4  1.862e+11
     105.4  1.862e+11
     107.4  1.863e+11
     109.4  1.863e+11
     111.4  1.863e+11
     113.4  1.863e+11
     115.4  1.863e+11
     117.5  1.863e+11
     119.5  1.863e+11
     121.5  1.863e+11
     123.5  1.863e+11
     125.5  1.863e+11
     127.5  1.863e+11
     129.5  1.863e+11
     131.5  1.864e+11
     133.5  1.864e+11
     135.5  1.864e+11
     137.5  1.864e+11
     139.5  1.864e+11
     141.5  1.864e+11
     143.6  1.865e+11
     145.6  1.865e+11
     147.6  1.865e+11
     149.6  1.865e+11
     151.6  1.865e+11
     153.6  1.865e+11
     155.6  1.865e+11
     157.6  1.865e+11
     159.6  1.865e+11
     161.6  1.865e+11
     163.6  1.865e+11
     165.6  1.865e+11
     167.6  1.865e+11
     169.7  1.865e+11
     171.7  1.865e+11
     173.7  1.865e+11
     175.7  1.865e+11
     177.7  1.865e+11
     179.7  1.865e+11
     181.7  1.865e+11
     183.7  1.865e+11
     185.7  1.865e+11
     187.7  1.865e+11
     189.7  1.865e+11
     191.7  1.865e+11
     193.7  1.865e+11
     195.8  1.865e+11
     197.8  1.865e+11
     199.8  1.865e+11
