     1.004      16.57
     3.012      19.37
     5.019      20.28
     7.027      20.81
     9.035      20.96
     11.04      21.38
     13.05      21.99
     15.06      22.12
     17.07      22.42
     19.07       23.1
     21.08      23.16
     23.09      23.39
      25.1      23.25
      27.1      23.63
     29.11      23.98
     31.12      24.49
     33.13      24.15
     35.14      24.44
     37.14      24.61
     39.15      24.38
     41.16      24.66
     43.17      25.11
     45.17      24.91
     47.18       24.9
     49.19      24.72
      51.2      24.66
     53.21      24.41
     55.21      24.65
     57.22      24.67
     59.23      24.86
     61.24       25.1
     63.24      25.03
     65.25      25.09
     67.26      25.21
     69.27         25
     71.28      24.56
     73.28      24.89
     75.29      24.37
      77.3      24.53
     79.31       25.5
     81.31      25.94
     83.32      26.16
     85.33      26.13
     87.34      26.42
     89.35      26.73
     91.35      27.19
     93.36      27.82
     95.37      28.82
     97.38       28.8
     99.38      30.17
     101.4      34.85
     103.4      29.31
     105.4       30.3
     107.4      31.71
     109.4      29.54
     111.4      31.89
     113.4      35.52
     115.4      35.52
     117.5      35.52
     119.5      35.52
     121.5      35.52
     123.5      35.52
     125.5      35.51
     127.5      29.63
     129.5       31.5
     131.5      29.72
     133.5      35.27
     135.5       30.8
     137.5      29.93
     139.5      35.52
     141.5      32.57
     143.6      30.29
     145.6      33.63
     147.6      30.15
     149.6      30.01
     151.6      35.52
     153.6      35.52
     155.6      35.52
     157.6       29.6
     159.6      30.17
     161.6      35.52
     163.6      35.52
     165.6      35.52
     167.6      35.52
     169.7      35.52
     171.7      35.52
     173.7      35.52
     175.7      35.52
     177.7      35.52
     179.7      35.52
     181.7      35.52
     183.7      35.52
     185.7      35.52
     187.7      35.52
     189.7      35.52
     191.7      35.52
     193.7      35.52
     195.8      35.52
     197.8      35.52
     199.8      35.52
