D    1   -0.03214     0.9836     -0.123     0.4899   -0.07492     0.1424     0.2633    -0.1796   -0.06067     0.1007   -0.08441   -0.01053    -0.1545     -0.154    -0.3023    -0.4804 
D    2   -0.04522     0.9937    -0.1096     0.4824    -0.1079     0.1584   -0.05049    -0.1964   -0.08638    0.03268    -0.1263   -0.08561    -0.1833    -0.2072    -0.2989     -0.342 
D    3   -0.05084      0.984   -0.08225     0.5109    -0.1131    0.06598    0.01009    0.03963   -0.06473     0.0588    -0.1015   -0.04554    -0.1018    -0.1303    -0.4457    -0.5478 
D    4   -0.05333     0.9827   -0.09541     0.4572    -0.1432    0.05591    0.06487    -0.3349    -0.1195    0.07025    -0.1705   -0.05808    -0.3657    -0.3085    -0.4374    -0.5885 
D    5   -0.03596      1.003   -0.01917     0.5933    -0.1998    0.09269    -0.0122   -0.04167   -0.06298     0.1097    -0.1923   -0.06144      -0.08    -0.1368     -0.177    -0.2168 
D    6   -0.05223     0.9729   -0.04182     0.5312   -0.04907     0.1106  -0.009299    -0.1669   -0.07461    0.07247   -0.09647   0.007719    -0.1996    -0.1727    -0.2027    -0.2761 
D    7   -0.03994     0.9934   -0.08882     0.5246   -0.09281     0.1602    -0.2008    -0.1879   -0.05141     0.1014    -0.1061   -0.05042    -0.1393    -0.1538    -0.3273    -0.3947 
D    8   -0.03962      1.019  -0.007042     0.5646    -0.0642     0.1261   -0.05654    0.01148   -0.05457      0.087     -0.186   -0.05589    -0.1328    -0.1778    -0.3276    -0.3671 
D    9   -0.05822      1.011   -0.08652     0.5403   -0.09433     0.1556    -0.1388    -0.2461   -0.06263    0.04369   -0.09347   -0.02304    -0.1925    -0.1649    -0.3572    -0.3622 
D   10   -0.02075      1.006   -0.05494     0.5272    -0.1649   -0.01094    -0.1278   -0.01806   -0.09965     0.1016   -0.09733  -0.005782     -0.132    -0.2188    -0.1848    -0.2319 
D   11    -0.0444     0.9839    -0.1048     0.4614    -0.1058     0.1034   -0.08175    -0.3247   -0.06396     0.1093    -0.1653   -0.06125   -0.08985     -0.096    -0.2183    -0.3066 
D   12   -0.04656     0.9937    -0.0691       0.53   -0.04025    0.09956    -0.1561    -0.2185   -0.06607    0.07052   -0.06395   -0.03401    0.01555    -0.1403    -0.2872    -0.3457 
D   13   -0.03025     0.9981   -0.08538     0.5339    -0.1423     0.1089    -0.2214    -0.2112   -0.07646    0.06831    -0.1636   -0.06209     -0.222    -0.1745    -0.1232    -0.1794 
D   14   -0.05471     0.9603    -0.1243     0.4643    -0.1078     0.1807   -0.04429    -0.1064   -0.06101    0.08922    -0.1021  -0.005442    -0.1627    -0.1623    -0.1968    -0.2277 
D   15   -0.04559     0.9786   -0.09327     0.5294    -0.1561     0.1338    -0.2418    -0.1922   -0.05033    0.09174    -0.1279   -0.04001    -0.1199    -0.1166     -0.362    -0.4204 
D   16   -0.03289     0.9918   -0.08754     0.5347   -0.09018    0.08263    -0.1799    -0.1422   -0.06766    0.09469    -0.1014   -0.03689   0.005318   -0.09554    -0.2726    -0.2834 
D   17   -0.03133      1.019   -0.01039     0.5451    -0.2326   -0.03243    -0.1086    -0.1784    -0.1266    0.09025    -0.2124   -0.03345    -0.1836    -0.1492   -0.02036     -0.133 
D   18    -0.0502     0.9918   -0.07912     0.5504   -0.08759     0.1375     -0.163    -0.1658   -0.06725     0.1114    -0.1182     -0.027    -0.1495   -0.09542    -0.2881    -0.3286 
D   19   -0.05014     0.9789   -0.03171     0.5474   -0.07641     0.1055    0.08138    -0.3148   -0.06519     0.1035   -0.06783  -0.009442      -0.22    -0.1944    -0.3042    -0.4735 
D   20   -0.03605     0.9738   -0.03332      0.562    -0.1574    0.09236    0.04592    -0.1492   -0.06921    0.07566   -0.09985   0.003412    -0.0947    -0.1343    -0.2494    -0.3846 
D   21   -0.03852      1.008   -0.06931     0.5626   -0.04281     0.2478    0.03229    -0.1035   -0.06984    0.05338    -0.1098   -0.02626    -0.1222      -0.11     -0.235    -0.3189 
D   22   -0.03271     0.9877   -0.05967     0.5672    -0.1186     0.1597    -0.1523    -0.1922   -0.04901    0.09175    -0.1207   -0.03829    -0.1449    -0.1402    -0.2866     -0.335 
D   23   -0.04676     0.9895   -0.08223     0.5426    -0.1245     0.1146    -0.1967    -0.1775   -0.09558    0.04568    -0.1775   -0.07513    -0.2041    -0.1636    -0.1729    -0.2523 
D   24    -0.0356     0.9804   -0.07413     0.5292   -0.09804     0.1379    -0.1239    -0.2172   -0.06895      0.071   -0.09546   -0.01549    -0.1383     -0.161    -0.3056    -0.4109 
D   25   -0.04691      1.009    -0.1121     0.4649   -0.08398     0.2303   -0.03529   -0.04152   -0.05514    0.07309    -0.0998   -0.01374   -0.09592    -0.0875    -0.2092    -0.2338 
D   26   -0.03001     0.9859   -0.03561     0.5143    -0.1048     0.0365   0.004064    -0.3333   -0.08146     0.1003    -0.1404  -0.007583    -0.0831    -0.1785    -0.3341    -0.5226 
D   27   -0.03801      1.002   -0.05933     0.5756   -0.07371     0.1861    -0.2409    -0.2694   -0.04897    0.07628    -0.1088   -0.02586    -0.1686    -0.1383    -0.3119    -0.4212 
D   28   -0.06029     0.9693   -0.09762     0.4844    -0.1607    0.08814   -0.08106    -0.2032   -0.05298     0.1009   -0.09544    0.03673   -0.06492   -0.04019    -0.3558    -0.4411 
D   29   -0.01949      1.005   -0.06934     0.5046    -0.1705     0.0627    -0.2448    -0.1453   -0.05204     0.0977   -0.07102   0.009028    -0.1302   -0.07773    -0.1762    -0.1665 
