     11.94  4.356e-18
     15.83  3.358e-18
     19.72  2.789e-18
     23.61  2.084e-18
     27.49  1.841e-18
     31.38  1.641e-18
     35.27  1.579e-18
     39.16  1.222e-18
     43.04  1.014e-18
     46.93  7.935e-19
     50.82  7.471e-19
     54.71  6.551e-19
     58.59  5.225e-19
     62.48  4.804e-19
     66.37  5.133e-19
     70.26  3.573e-19
     74.14  3.276e-19
     78.03   3.01e-19
     81.92  2.936e-19
     85.81  2.646e-19
     89.69  2.459e-19
     93.58  2.246e-19
     97.47  2.137e-19
     101.4  2.118e-19
     105.2  2.043e-19
     109.1  1.809e-19
       113  1.738e-19
     116.9  1.746e-19
     120.8   1.76e-19
     124.7  1.792e-19
     128.6   1.41e-19
     132.5  1.349e-19
     136.3  1.204e-19
     140.2  1.127e-19
     144.1  1.007e-19
       148  9.836e-20
     151.9  8.675e-20
     155.8  8.492e-20
     159.7  8.476e-20
     163.6  7.745e-20
     167.4  7.014e-20
     171.3  7.032e-20
     175.2  7.414e-20
     179.1  6.398e-20
       183  6.291e-20
     186.9  5.849e-20
     190.8  5.697e-20
     194.7  5.276e-20
     198.5  5.056e-20
     202.4  5.138e-20
     206.3  4.883e-20
     210.2  5.662e-20
     214.1  6.635e-20
       218  4.176e-20
     221.9  4.191e-20
     225.8  3.725e-20
     229.6  3.568e-20
     233.5  3.092e-20
     237.4  3.111e-20
     241.3  3.018e-20
     245.2  2.883e-20
     249.1  2.744e-20
       253  3.092e-20
     256.9  3.015e-20
     260.7  3.072e-20
     264.6  3.078e-20
     268.5  2.378e-20
     272.4  2.275e-20
     276.3  2.652e-20
     280.2  2.266e-20
     284.1  2.084e-20
       288  1.827e-20
     291.8  2.033e-20
     295.7  1.846e-20
     299.6  1.561e-20
     303.5  2.072e-20
     307.4  1.694e-20
     311.3  1.399e-20
     315.2   1.58e-20
     319.1  1.433e-20
     322.9  1.015e-20
     326.8  1.418e-20
     330.7  1.557e-20
     334.6  8.517e-21
     338.5  1.257e-20
     342.4  1.788e-20
     346.3  1.377e-20
     350.2   9.59e-21
