     11.94      21.42
     15.83       21.7
     19.72       21.9
     23.61      22.22
     27.49      22.35
     31.38      22.48
     35.27      22.52
     39.16       22.8
     43.04         23
     46.93      23.27
     50.82      23.33
     54.71      23.48
     58.59      23.72
     62.48      23.81
     66.37      23.74
     70.26      24.13
     74.14      24.23
     78.03      24.32
     81.92      24.35
     85.81      24.46
     89.69      24.54
     93.58      24.64
     97.47      24.69
     101.4       24.7
     105.2      24.74
     109.1      24.87
       113      24.92
     116.9      24.91
     120.8       24.9
     124.7      24.88
     128.6      25.14
     132.5      25.19
     136.3      25.31
     140.2      25.39
     144.1      25.51
       148      25.53
     151.9      25.67
     155.8      25.69
     159.7       25.7
     163.6      25.79
     167.4       25.9
     171.3       25.9
     175.2      25.84
     179.1         26
       183      26.02
     186.9       26.1
     190.8      26.13
     194.7      26.21
     198.5      26.26
     202.4      26.24
     206.3      26.29
     210.2      26.13
     214.1      25.96
       218      26.46
     221.9      26.46
     225.8      26.59
     229.6      26.64
     233.5      26.79
     237.4      26.78
     241.3      26.82
     245.2      26.87
     249.1      26.92
       253      26.79
     256.9      26.82
     260.7       26.8
     264.6       26.8
     268.5      27.08
     272.4      27.12
     276.3      26.96
     280.2      27.13
     284.1      27.22
       288      27.36
     291.8      27.25
     295.7      27.35
     299.6      27.53
     303.5      27.23
     307.4      27.44
     311.3      27.65
     315.2      27.52
     319.1      27.63
     322.9         28
     326.8      27.64
     330.7      27.54
     334.6      28.19
     338.5      27.77
     342.4      27.39
     346.3      27.67
     350.2      28.06
