     3.011  7.209e+08
     5.018  1.436e+08
     7.025  6.464e+07
     9.032   2.34e+07
     11.04  1.026e+07
     13.05  1.375e+07
     15.05  6.917e+06
     17.06  9.219e+06
     19.07  5.889e+06
     21.07  4.398e+06
     23.08  1.732e+06
     25.09  1.461e+06
      27.1  1.403e+06
      29.1  1.412e+06
     31.11  1.567e+06
     33.12  1.535e+06
     35.12  1.094e+06
     37.13  7.335e+05
     39.14  3.983e+05
     41.14  2.188e+05
     43.15  3.613e+05
     45.16  1.386e+05
     47.17          0
     49.17  1.288e+05
     51.18          0
     53.19  2.977e+05
     55.19  1.704e+05
      57.2  1.125e+05
     59.21  5.477e+04
     61.22  5.188e+04
     63.22          0
     65.23          0
     67.24          0
     69.24          0
     71.25  8.731e+04
     73.26          0
     75.27  4.246e+04
     77.27          0
     79.28  4.017e+04
     81.29          0
     83.29          0
      85.3          0
     87.31          0
     89.31          0
     91.32          0
     93.33          0
     95.34          0
     97.34          0
     99.35          0
     101.4          0
     103.4          0
     105.4          0
     107.4          0
     109.4          0
     111.4          0
     113.4          0
     115.4          0
     117.4          0
     119.4          0
     121.4          0
     123.4          0
     125.4          0
     127.4          0
     129.5          0
     131.5          0
     133.5          0
     135.5          0
     137.5          0
     139.5          0
     141.5          0
     143.5          0
     145.5          0
     147.5          0
     149.5          0
     151.5          0
     153.5          0
     155.5          0
     157.6          0
     159.6          0
     161.6          0
     163.6          0
     165.6          0
     167.6          0
     169.6          0
     171.6          0
     173.6          0
     175.6          0
     177.6          0
     179.6          0
     181.6          0
     183.6          0
     185.7          0
     187.7          0
     189.7          0
     191.7          0
     193.7          0
     195.7          0
     197.7          0
     199.7          0
     201.7          0
     203.7          0
     205.7          0
     207.7          0
     209.7          0
     211.7          0
     213.8          0
     215.8          0
     217.8          0
     219.8          0
     221.8          0
     223.8          0
     225.8          0
     227.8          0
     229.8          0
     231.8          0
     233.8          0
     235.8          0
     237.8          0
     239.8          0
     241.9          0
     243.9          0
     245.9          0
     247.9          0
     249.9          0
     251.9          0
     253.9          0
     255.9          0
     257.9          0
     259.9          0
     261.9          0
     263.9          0
     265.9          0
     267.9          0
       270          0
       272          0
       274          0
       276          0
       278          0
       280          0
       282          0
       284          0
       286          0
       288          0
       290          0
       292          0
       294          0
       296          0
       298          0
     300.1          0
     302.1          0
     304.1          0
     306.1          0
     308.1          0
     310.1          0
     312.1          0
     314.1          0
     316.1          0
     318.1          0
     320.1          0
     322.1          0
     324.1          0
     326.1          0
     328.2          0
     330.2          0
     332.2          0
     334.2          0
