     1.004  3.542e-17
     3.011  1.535e-17
     5.018  1.356e-17
     7.025  6.417e-18
     9.032  3.121e-18
     11.04   2.19e-18
     13.05  1.791e-18
     15.05  1.336e-18
     17.06  1.282e-18
     19.07  7.834e-19
     21.07  5.509e-19
     23.08  2.991e-19
     25.09  3.678e-19
      27.1  3.303e-19
      29.1  2.263e-19
     31.11  2.339e-19
     33.12  2.399e-19
     35.12  1.166e-19
     37.13   9.88e-20
     39.14  3.858e-20
     41.14  5.667e-20
     43.15  2.892e-20
     45.16  2.106e-20
     47.17  9.637e-21
     49.17  2.379e-20
     51.18  3.215e-20
     53.19  5.844e-20
     55.19  1.941e-20
      57.2  1.642e-20
     59.21  1.478e-20
     61.22   6.36e-21
     63.22  8.021e-22
     65.23      1e-23
     67.24  2.057e-23
     69.24  4.521e-21
     71.25  9.254e-21
     73.26  7.136e-21
     75.27  4.528e-21
     77.27  8.246e-21
     79.28  1.553e-21
     81.29  2.382e-23
     83.29      1e-23
      85.3      1e-23
     87.31      1e-23
     89.31      1e-23
     91.32      1e-23
     93.33      1e-23
     95.34      1e-23
     97.34      1e-23
     99.35      1e-23
     101.4      1e-23
     103.4      1e-23
     105.4      1e-23
     107.4      1e-23
     109.4      1e-23
     111.4      1e-23
     113.4      1e-23
     115.4      1e-23
     117.4      1e-23
     119.4      1e-23
     121.4      1e-23
     123.4      1e-23
     125.4      1e-23
     127.4      1e-23
     129.5      1e-23
     131.5      1e-23
     133.5      1e-23
     135.5      1e-23
     137.5      1e-23
     139.5      1e-23
     141.5      1e-23
     143.5      1e-23
     145.5      1e-23
     147.5      1e-23
     149.5      1e-23
     151.5      1e-23
     153.5      1e-23
     155.5      1e-23
     157.6      1e-23
     159.6      1e-23
     161.6      1e-23
     163.6      1e-23
     165.6      1e-23
     167.6      1e-23
     169.6      1e-23
     171.6      1e-23
     173.6      1e-23
     175.6      1e-23
     177.6      1e-23
     179.6      1e-23
     181.6      1e-23
     183.6      1e-23
     185.7      1e-23
     187.7      1e-23
     189.7      1e-23
     191.7      1e-23
     193.7      1e-23
     195.7      1e-23
     197.7      1e-23
     199.7      1e-23
     201.7      1e-23
     203.7      1e-23
     205.7      1e-23
     207.7      1e-23
     209.7      1e-23
     211.7      1e-23
     213.8      1e-23
     215.8      1e-23
     217.8      1e-23
     219.8      1e-23
     221.8      1e-23
     223.8      1e-23
     225.8      1e-23
     227.8      1e-23
     229.8      1e-23
     231.8      1e-23
     233.8      1e-23
     235.8      1e-23
     237.8      1e-23
     239.8      1e-23
     241.9      1e-23
     243.9      1e-23
     245.9      1e-23
     247.9      1e-23
     249.9      1e-23
     251.9      1e-23
     253.9      1e-23
     255.9      1e-23
     257.9      1e-23
     259.9      1e-23
     261.9      1e-23
     263.9      1e-23
     265.9      1e-23
     267.9      1e-23
       270      1e-23
       272      1e-23
       274      1e-23
       276      1e-23
       278      1e-23
       280      1e-23
       282      1e-23
       284      1e-23
       286      1e-23
       288      1e-23
       290      1e-23
       292      1e-23
       294      1e-23
       296      1e-23
       298      1e-23
     300.1      1e-23
     302.1      1e-23
     304.1      1e-23
     306.1      1e-23
     308.1      1e-23
     310.1      1e-23
     312.1      1e-23
     314.1      1e-23
     316.1      1e-23
     318.1      1e-23
     320.1      1e-23
     322.1      1e-23
     324.1      1e-23
     326.1      1e-23
     328.2      1e-23
     330.2      1e-23
     332.2      1e-23
     334.2      1e-23
