     1.004   1.73e+10
     3.011  4.467e+10
     5.018  5.376e+10
     7.025  5.949e+10
     9.032  6.215e+10
     11.04  6.358e+10
     13.05  6.584e+10
     15.05  6.715e+10
     17.06  6.914e+10
     19.07  7.055e+10
     21.07  7.172e+10
     23.08  7.223e+10
     25.09  7.269e+10
      27.1  7.317e+10
      29.1  7.369e+10
     31.11   7.43e+10
     33.12  7.494e+10
     35.12  7.543e+10
     37.13  7.577e+10
     39.14  7.597e+10
     41.14  7.608e+10
     43.15  7.628e+10
     45.16  7.636e+10
     47.17  7.636e+10
     49.17  7.644e+10
     51.18  7.644e+10
     53.19  7.664e+10
     55.19  7.675e+10
      57.2  7.684e+10
     59.21  7.688e+10
     61.22  7.692e+10
     63.22  7.692e+10
     65.23  7.692e+10
     67.24  7.692e+10
     69.24  7.692e+10
     71.25    7.7e+10
     73.26    7.7e+10
     75.27  7.704e+10
     77.27  7.704e+10
     79.28  7.708e+10
     81.29  7.708e+10
     83.29  7.708e+10
      85.3  7.708e+10
     87.31  7.708e+10
     89.31  7.708e+10
     91.32  7.708e+10
     93.33  7.708e+10
     95.34  7.708e+10
     97.34  7.708e+10
     99.35  7.708e+10
     101.4  7.708e+10
     103.4  7.708e+10
     105.4  7.708e+10
     107.4  7.708e+10
     109.4  7.708e+10
     111.4  7.708e+10
     113.4  7.708e+10
     115.4  7.708e+10
     117.4  7.708e+10
     119.4  7.708e+10
     121.4  7.708e+10
     123.4  7.708e+10
     125.4  7.708e+10
     127.4  7.708e+10
     129.5  7.708e+10
     131.5  7.708e+10
     133.5  7.708e+10
     135.5  7.708e+10
     137.5  7.708e+10
     139.5  7.708e+10
     141.5  7.708e+10
     143.5  7.708e+10
     145.5  7.708e+10
     147.5  7.708e+10
     149.5  7.708e+10
     151.5  7.708e+10
     153.5  7.708e+10
     155.5  7.708e+10
     157.6  7.708e+10
     159.6  7.708e+10
     161.6  7.708e+10
     163.6  7.708e+10
     165.6  7.708e+10
     167.6  7.708e+10
     169.6  7.708e+10
     171.6  7.708e+10
     173.6  7.708e+10
     175.6  7.708e+10
     177.6  7.708e+10
     179.6  7.708e+10
     181.6  7.708e+10
     183.6  7.708e+10
     185.7  7.708e+10
     187.7  7.708e+10
     189.7  7.708e+10
     191.7  7.708e+10
     193.7  7.708e+10
     195.7  7.708e+10
     197.7  7.708e+10
     199.7  7.708e+10
     201.7  7.708e+10
     203.7  7.708e+10
     205.7  7.708e+10
     207.7  7.708e+10
     209.7  7.708e+10
     211.7  7.708e+10
     213.8  7.708e+10
     215.8  7.708e+10
     217.8  7.708e+10
     219.8  7.708e+10
     221.8  7.708e+10
     223.8  7.708e+10
     225.8  7.708e+10
     227.8  7.708e+10
     229.8  7.708e+10
     231.8  7.708e+10
     233.8  7.708e+10
     235.8  7.708e+10
     237.8  7.708e+10
     239.8  7.708e+10
     241.9  7.708e+10
     243.9  7.708e+10
     245.9  7.708e+10
     247.9  7.708e+10
     249.9  7.708e+10
     251.9  7.708e+10
     253.9  7.708e+10
     255.9  7.708e+10
     257.9  7.708e+10
     259.9  7.708e+10
     261.9  7.708e+10
     263.9  7.708e+10
     265.9  7.708e+10
     267.9  7.708e+10
       270  7.708e+10
       272  7.708e+10
       274  7.708e+10
       276  7.708e+10
       278  7.708e+10
       280  7.708e+10
       282  7.708e+10
       284  7.708e+10
       286  7.708e+10
       288  7.708e+10
       290  7.708e+10
       292  7.708e+10
       294  7.708e+10
       296  7.708e+10
       298  7.708e+10
     300.1  7.708e+10
     302.1  7.708e+10
     304.1  7.708e+10
     306.1  7.708e+10
     308.1  7.708e+10
     310.1  7.708e+10
     312.1  7.708e+10
     314.1  7.708e+10
     316.1  7.708e+10
     318.1  7.708e+10
     320.1  7.708e+10
     322.1  7.708e+10
     324.1  7.708e+10
     326.1  7.708e+10
     328.2  7.708e+10
     330.2  7.708e+10
     332.2  7.708e+10
     334.2  7.708e+10
