     1.004      19.14
     3.011      20.05
     5.018      20.19
     7.025         21
     9.032      21.78
     11.04      22.17
     13.05      22.38
     15.05       22.7
     17.06      22.75
     19.07      23.28
     21.07      23.66
     23.08      24.33
     25.09       24.1
      27.1      24.22
      29.1      24.63
     31.11      24.59
     33.12      24.57
     35.12      25.35
     37.13      25.53
     39.14      26.55
     41.14      26.13
     43.15      26.86
     45.16      27.21
     47.17      28.06
     49.17      27.08
     51.18      26.75
     53.19       26.1
     55.19       27.3
      57.2      27.48
     59.21      27.59
     61.22      28.51
     63.22      30.76
     65.23      35.52
     67.24      34.73
     69.24      28.88
     71.25       28.1
     73.26      28.38
     75.27      28.88
     77.27      28.23
     79.28      30.04
     81.29      34.57
     83.29      35.52
      85.3      35.52
     87.31      35.52
     89.31      35.52
     91.32      35.52
     93.33      35.52
     95.34      35.52
     97.34      35.52
     99.35      35.52
     101.4      35.52
     103.4      35.52
     105.4      35.52
     107.4      35.52
     109.4      35.52
     111.4      35.52
     113.4      35.52
     115.4      35.52
     117.4      35.52
     119.4      35.52
     121.4      35.52
     123.4      35.52
     125.4      35.52
     127.4      35.52
     129.5      35.52
     131.5      35.52
     133.5      35.52
     135.5      35.52
     137.5      35.52
     139.5      35.52
     141.5      35.52
     143.5      35.52
     145.5      35.52
     147.5      35.52
     149.5      35.52
     151.5      35.52
     153.5      35.52
     155.5      35.52
     157.6      35.52
     159.6      35.52
     161.6      35.52
     163.6      35.52
     165.6      35.52
     167.6      35.52
     169.6      35.52
     171.6      35.52
     173.6      35.52
     175.6      35.52
     177.6      35.52
     179.6      35.52
     181.6      35.52
     183.6      35.52
     185.7      35.52
     187.7      35.52
     189.7      35.52
     191.7      35.52
     193.7      35.52
     195.7      35.52
     197.7      35.52
     199.7      35.52
     201.7      35.52
     203.7      35.52
     205.7      35.52
     207.7      35.52
     209.7      35.52
     211.7      35.52
     213.8      35.52
     215.8      35.52
     217.8      35.52
     219.8      35.52
     221.8      35.52
     223.8      35.52
     225.8      35.52
     227.8      35.52
     229.8      35.52
     231.8      35.52
     233.8      35.52
     235.8      35.52
     237.8      35.52
     239.8      35.52
     241.9      35.52
     243.9      35.52
     245.9      35.52
     247.9      35.52
     249.9      35.52
     251.9      35.52
     253.9      35.52
     255.9      35.52
     257.9      35.52
     259.9      35.52
     261.9      35.52
     263.9      35.52
     265.9      35.52
     267.9      35.52
       270      35.52
       272      35.52
       274      35.52
       276      35.52
       278      35.52
       280      35.52
       282      35.52
       284      35.52
       286      35.52
       288      35.52
       290      35.52
       292      35.52
       294      35.52
       296      35.52
       298      35.52
     300.1      35.52
     302.1      35.52
     304.1      35.52
     306.1      35.52
     308.1      35.52
     310.1      35.52
     312.1      35.52
     314.1      35.52
     316.1      35.52
     318.1      35.52
     320.1      35.52
     322.1      35.52
     324.1      35.52
     326.1      35.52
     328.2      35.52
     330.2      35.52
     332.2      35.52
     334.2      35.52
