     7.992  4.905e-18
     13.98  2.827e-18
     19.96  1.851e-18
     25.95   1.32e-18
     31.93  9.943e-19
     37.91  7.652e-19
      43.9  6.199e-19
     49.88  5.047e-19
     55.87  4.257e-19
     61.85  3.816e-19
     67.84  3.186e-19
     73.82  2.612e-19
     79.81  2.339e-19
     85.79  2.098e-19
     91.77  1.841e-19
     97.76  1.641e-19
     103.7  1.463e-19
     109.7  1.367e-19
     115.7  1.266e-19
     121.7   1.15e-19
     127.7  1.111e-19
     133.7  1.059e-19
     139.6  9.964e-20
     145.6   1.02e-19
     151.6  9.203e-20
     157.6  7.961e-20
     163.6  7.639e-20
     169.6  7.446e-20
     175.6  6.782e-20
     181.5  6.294e-20
     187.5  5.781e-20
     193.5  5.514e-20
     199.5  5.363e-20
     205.5  5.349e-20
     211.5  4.943e-20
     217.4   4.78e-20
     223.4  4.995e-20
     229.4  4.884e-20
     235.4  4.447e-20
     241.4  4.346e-20
     247.4   4.39e-20
     253.4  4.129e-20
     259.3  3.703e-20
     265.3  3.253e-20
     271.3  3.117e-20
     277.3   2.92e-20
     283.3  2.913e-20
     289.3  2.763e-20
     295.2  2.456e-20
     301.2  2.357e-20
     307.2   2.29e-20
     313.2  2.288e-20
     319.2  2.379e-20
     325.2  2.263e-20
     331.2  2.098e-20
     337.1  1.888e-20
     343.1   2.08e-20
     349.1  1.888e-20
