     7.992      21.29
     13.98      21.89
     19.96      22.35
     25.95      22.71
     31.93      23.02
     37.91      23.31
      43.9      23.54
     49.88      23.76
     55.87      23.94
     61.85      24.06
     67.84      24.26
     73.82      24.47
     79.81      24.59
     85.79      24.71
     91.77      24.85
     97.76      24.98
     103.7       25.1
     109.7      25.18
     115.7      25.26
     121.7      25.36
     127.7       25.4
     133.7      25.45
     139.6      25.52
     145.6       25.5
     151.6      25.61
     157.6      25.76
     163.6      25.81
     169.6      25.84
     175.6      25.94
     181.5      26.02
     187.5      26.11
     193.5      26.16
     199.5      26.19
     205.5       26.2
     211.5      26.28
     217.4      26.32
     223.4      26.27
     229.4      26.29
     235.4       26.4
     241.4      26.42
     247.4      26.41
     253.4      26.48
     259.3      26.59
     265.3      26.74
     271.3      26.78
     277.3      26.85
     283.3      26.86
     289.3      26.91
     295.2      27.04
     301.2      27.09
     307.2      27.12
     313.2      27.12
     319.2      27.08
     325.2      27.13
     331.2      27.21
     337.1      27.33
     343.1      27.22
     349.1      27.33
