     4.001  6.475e+10
        12  2.387e+11
     20.01  4.305e+11
     28.01  6.097e+11
     36.01  7.704e+11
     44.01  9.136e+11
     52.01  1.044e+12
     60.02  1.164e+12
     68.02  1.269e+12
     76.02  1.362e+12
     84.02  1.444e+12
     92.03  1.519e+12
       100  1.587e+12
       108  1.654e+12
       116  1.725e+12
       124  1.791e+12
       132  1.845e+12
       140  1.897e+12
       148  1.942e+12
       156   1.98e+12
       164  2.018e+12
       172  2.054e+12
       180  2.088e+12
     188.1  2.118e+12
     196.1  2.148e+12
     204.1  2.177e+12
     212.1  2.211e+12
     220.1  2.238e+12
     228.1  2.261e+12
     236.1  2.283e+12
     244.1  2.303e+12
     252.1  2.324e+12
     260.1  2.339e+12
     268.1  2.351e+12
     276.1  2.362e+12
     284.1  2.369e+12
     292.1  2.375e+12
     300.1  2.379e+12
     308.1  2.382e+12
     316.1  2.386e+12
     324.1  2.388e+12
     332.1  2.389e+12
     340.1   2.39e+12
     348.1   2.39e+12
