     7.992  5.794e-18
     13.98  3.836e-18
     19.96  2.782e-18
     25.95  1.965e-18
     31.93  1.649e-18
     37.91  1.344e-18
      43.9  9.534e-19
     49.88  7.564e-19
     55.87  6.142e-19
     61.85  4.905e-19
     67.84  4.557e-19
     73.82  3.256e-19
     79.81  2.964e-19
     85.79  2.703e-19
     91.77  2.361e-19
     97.76  2.111e-19
     103.7  2.096e-19
     109.7  1.805e-19
     115.7  1.739e-19
     121.7  1.811e-19
     127.7   1.49e-19
     133.7  1.297e-19
     139.6  1.141e-19
     145.6  1.003e-19
     151.6  8.773e-20
     157.6  8.623e-20
     163.6  7.751e-20
     169.6  6.912e-20
     175.6  7.155e-20
     181.5  6.327e-20
     187.5  5.853e-20
     193.5  5.404e-20
     199.5  5.049e-20
     205.5  4.987e-20
     211.5  6.168e-20
     217.4  4.753e-20
     223.4  4.019e-20
     229.4  3.533e-20
     235.4  3.042e-20
     241.4   3.09e-20
     247.4  2.715e-20
     253.4  3.071e-20
     259.3  3.046e-20
     265.3  2.912e-20
     271.3  2.305e-20
     277.3  2.594e-20
     283.3   2.08e-20
     289.3  1.871e-20
     295.2  1.889e-20
     301.2  1.769e-20
     307.2  1.721e-20
     313.2  1.536e-20
     319.2  1.309e-20
     325.2  1.235e-20
     331.2  1.361e-20
     337.1  1.106e-20
     343.1   1.83e-20
     349.1  9.609e-21
