     7.992      21.11
     13.98      21.56
     19.96      21.91
     25.95      22.28
     31.93      22.47
     37.91       22.7
      43.9      23.07
     49.88      23.32
     55.87      23.55
     61.85      23.79
     67.84      23.87
     73.82      24.23
     79.81      24.34
     85.79      24.44
     91.77      24.58
     97.76       24.7
     103.7      24.71
     109.7      24.87
     115.7      24.92
     121.7      24.87
     127.7      25.08
     133.7      25.23
     139.6      25.37
     145.6      25.51
     151.6      25.66
     157.6      25.68
     163.6      25.79
     169.6      25.92
     175.6      25.88
     181.5      26.01
     187.5       26.1
     193.5      26.18
     199.5      26.26
     205.5      26.27
     211.5      26.04
     217.4      26.32
     223.4      26.51
     229.4      26.65
     235.4      26.81
     241.4      26.79
     247.4      26.93
     253.4       26.8
     259.3      26.81
     265.3      26.86
     271.3      27.11
     277.3      26.98
     283.3      27.22
     289.3      27.34
     295.2      27.33
     301.2       27.4
     307.2      27.43
     313.2      27.55
     319.2      27.72
     325.2      27.79
     331.2      27.68
     337.1      27.91
     343.1      27.36
     349.1      28.06
