         3  1.251e+09
         5  3.606e+08
     7.001  2.468e+08
     9.001  1.647e+08
        11  1.274e+08
        13   8.02e+07
        15  6.268e+07
        17  4.568e+07
        19  3.123e+07
        21  1.873e+07
        23  1.162e+07
        25   1.22e+07
        27  9.665e+06
        29  5.738e+06
        31  3.751e+06
        33  3.865e+06
        35  3.277e+06
        37  2.071e+06
        39  1.662e+06
        41  1.818e+06
        43  1.177e+06
        45  1.372e+06
        47  1.035e+06
        49  1.153e+06
        51  7.484e+05
        53  6.574e+05
        55  1.141e+06
        57  9.499e+05
        59   3.85e+05
        61  5.544e+05
        63  1.099e+06
        65  6.748e+05
     67.01  1.171e+06
     69.01  1.569e+06
     71.01   7.29e+05
     73.01  3.078e+05
     75.01  7.474e+05
     77.01    6.4e+05
     79.01  6.125e+05
     81.01  5.711e+05
     83.01  3.871e+05
     85.01  8.091e+05
     87.01  6.808e+05
     89.01  6.304e+05
     91.01  5.942e+05
     93.01  1.159e+06
     95.01  2.693e+05
     97.01  4.471e+05
     99.01  3.283e+05
       101  3.042e+05
       103  1.755e+05
       105  1.476e+05
       107  1.168e+05
       109  8.495e+04
       111  5.732e+04
       113  2.693e+04
       115  8.708e+04
       117  5.384e+04
       119  7.729e+04
       121   2.63e+04
       123  9.957e+04
       125  5.074e+04
       127  9.625e+04
       129   1.45e+05
       131  7.207e+04
       133  7.262e+04
       135  1.467e+05
       137  8.966e+04
       139  8.671e+04
       141  8.639e+04
       143   4.14e+04
       145  8.505e+04
       147  1.033e+05
       149  2.059e+05
       151  3.922e+05
       153  2.645e+05
       155  1.416e+05
       157  1.008e+05
       159      1e+05
       161  5.609e+04
       163  5.705e+04
       165  1.985e+04
       167   5.71e+04
       169  1.744e+04
       171          0
       173  7.005e+04
       175          0
       177  3.633e+04
       179  1.715e+04
       181          0
       183   1.67e+04
       185  1.692e+04
       187  6.537e+04
       189          0
       191  9.595e+04
       193          0
       195  3.161e+04
       197  4.687e+04
       199  4.617e+04
       201  3.033e+04
       203  1.518e+04
       205  4.443e+04
       207  2.904e+04
       209  2.902e+04
       211  4.326e+04
       213  4.309e+04
       215  2.795e+04
       217  2.765e+04
       219  1.393e+04
       221          0
       223  1.345e+04
       225  2.714e+04
       227          0
       229          0
       231          0
       233          0
       235          0
       237   1.28e+04
       239          0
       241  1.244e+04
       243          0
       245          0
       247          0
       249          0
       251          0
       253          0
       255          0
       257          0
       259          0
       261          0
       263          0
       265          0
       267          0
       269          0
       271          0
       273          0
       275          0
       277          0
       279          0
       281          0
       283          0
       285          0
       287          0
       289          0
       291          0
       293          0
       295          0
       297          0
       299          0
       301          0
       303          0
       305          0
       307          0
       309          0
       311          0
       313          0
       315          0
       317          0
       319          0
       321          0
       323          0
       325          0
       327          0
       329          0
       331          0
       333          0
       335          0
       337          0
       339          0
       341          0
       343          0
       345          0
       347          0
       349          0
       351          0
