         1  5.864e-16
         3  8.099e-17
         5  4.827e-17
     7.001  3.127e-17
     9.001   2.45e-17
        11  1.471e-17
        13  1.037e-17
        15  8.102e-18
        17  4.876e-18
        19  3.377e-18
        21  2.083e-18
        23  1.403e-18
        25  1.931e-18
        27  1.117e-18
        29  8.659e-19
        31  5.362e-19
        33  6.523e-19
        35  5.539e-19
        37  4.029e-19
        39  3.847e-19
        41  2.836e-19
        43   2.71e-19
        45  2.279e-19
        47  2.198e-19
        49  1.931e-19
        51  1.123e-19
        53  2.768e-19
        55  2.282e-19
        57  1.734e-19
        59  1.455e-19
        61  1.545e-19
        63  1.517e-19
        65  1.585e-19
     67.01  4.058e-19
     69.01  1.622e-19
     71.01  9.963e-20
     73.01  1.497e-19
     75.01  1.723e-19
     77.01   1.52e-19
     79.01  1.288e-19
     81.01  1.087e-19
     83.01  9.657e-20
     85.01  1.522e-19
     87.01  1.165e-19
     89.01  9.183e-20
     91.01  1.861e-19
     93.01  6.863e-20
     95.01   5.71e-20
     97.01  5.898e-20
     99.01  4.712e-20
       101  4.531e-20
       103  2.412e-20
       105  2.662e-20
       107  1.847e-20
       109  9.329e-21
       111  7.252e-21
       113  8.165e-21
       115   1.28e-20
       117   1.04e-20
       119  7.129e-21
       121   1.09e-20
       123  1.364e-20
       125  9.708e-21
       127  2.371e-20
       129  2.202e-20
       131   1.15e-20
       133   2.07e-20
       135  2.512e-20
       137  1.473e-20
       139   1.07e-20
       141  7.986e-21
       143  1.074e-20
       145   1.21e-20
       147  1.645e-20
       149  4.871e-20
       151  3.981e-20
       153  3.308e-20
       155  1.935e-20
       157  1.534e-20
       159  1.395e-20
       161   5.91e-21
       163  6.549e-21
       165  5.016e-21
       167  5.332e-21
       169  2.709e-21
       171  6.166e-21
       173  5.504e-21
       175   5.22e-21
       177  1.757e-21
       179  2.767e-21
       181   1.28e-21
       183  1.407e-21
       185  6.282e-21
       187   5.56e-21
       189  4.777e-21
       191  8.825e-21
       193  2.516e-21
       195  6.775e-21
       197  7.575e-21
       199  4.471e-21
       201  5.119e-21
       203  4.628e-21
       205  4.392e-21
       207  4.143e-21
       209  4.753e-21
       211  6.025e-21
       213  3.956e-21
       215   5.34e-21
       217  2.615e-21
       219  1.106e-21
       221  1.077e-21
       223  2.718e-21
       225  1.945e-21
       227  2.396e-22
       229      1e-23
       231      1e-23
       233  1.047e-23
       235  1.026e-21
       237  1.256e-21
       239  1.316e-21
       241  2.947e-22
       243  2.174e-23
       245      1e-23
       247      1e-23
       249      1e-23
       251      1e-23
       253      1e-23
       255      1e-23
       257      1e-23
       259      1e-23
       261      1e-23
       263      1e-23
       265      1e-23
       267      1e-23
       269      1e-23
       271      1e-23
       273      1e-23
       275      1e-23
       277      1e-23
       279      1e-23
       281      1e-23
       283      1e-23
       285      1e-23
       287      1e-23
       289      1e-23
       291      1e-23
       293      1e-23
       295      1e-23
       297      1e-23
       299      1e-23
       301      1e-23
       303      1e-23
       305      1e-23
       307      1e-23
       309      1e-23
       311      1e-23
       313      1e-23
       315      1e-23
       317      1e-23
       319      1e-23
       321      1e-23
       323      1e-23
       325      1e-23
       327      1e-23
       329      1e-23
       331      1e-23
       333      1e-23
       335      1e-23
       337      1e-23
       339      1e-23
       341      1e-23
       343      1e-23
       345      1e-23
       347      1e-23
       349      1e-23
       351      1e-23
