         1  3.144e+10
         3   7.86e+10
         5  1.013e+11
     7.001   1.23e+11
     9.001  1.416e+11
        11  1.592e+11
        13  1.723e+11
        15  1.841e+11
        17  1.939e+11
        19  2.014e+11
        21  2.063e+11
        23  2.097e+11
        25  2.135e+11
        27  2.168e+11
        29  2.189e+11
        31  2.203e+11
        33  2.219e+11
        35  2.234e+11
        37  2.243e+11
        39  2.251e+11
        41  2.261e+11
        43  2.267e+11
        45  2.275e+11
        47  2.281e+11
        49  2.288e+11
        51  2.293e+11
        53  2.297e+11
        55  2.305e+11
        57  2.312e+11
        59  2.315e+11
        61  2.319e+11
        63  2.328e+11
        65  2.333e+11
     67.01  2.343e+11
     69.01  2.357e+11
     71.01  2.363e+11
     73.01  2.366e+11
     75.01  2.373e+11
     77.01  2.379e+11
     79.01  2.385e+11
     81.01  2.391e+11
     83.01  2.395e+11
     85.01  2.404e+11
     87.01  2.411e+11
     89.01  2.418e+11
     91.01  2.425e+11
     93.01  2.439e+11
     95.01  2.442e+11
     97.01  2.447e+11
     99.01  2.452e+11
       101  2.455e+11
       103  2.458e+11
       105   2.46e+11
       107  2.461e+11
       109  2.462e+11
       111  2.463e+11
       113  2.464e+11
       115  2.465e+11
       117  2.466e+11
       119  2.467e+11
       121  2.467e+11
       123  2.469e+11
       125  2.469e+11
       127  2.471e+11
       129  2.473e+11
       131  2.475e+11
       133  2.476e+11
       135  2.478e+11
       137   2.48e+11
       139  2.481e+11
       141  2.483e+11
       143  2.484e+11
       145  2.485e+11
       147  2.487e+11
       149  2.491e+11
       151  2.498e+11
       153  2.503e+11
       155  2.506e+11
       157  2.508e+11
       159   2.51e+11
       161  2.511e+11
       163  2.512e+11
       165  2.513e+11
       167  2.514e+11
       169  2.514e+11
       171  2.514e+11
       173  2.516e+11
       175  2.516e+11
       177  2.517e+11
       179  2.517e+11
       181  2.517e+11
       183  2.518e+11
       185  2.518e+11
       187   2.52e+11
       189   2.52e+11
       191  2.522e+11
       193  2.522e+11
       195  2.523e+11
       197  2.524e+11
       199  2.525e+11
       201  2.526e+11
       203  2.526e+11
       205  2.527e+11
       207  2.528e+11
       209  2.529e+11
       211   2.53e+11
       213  2.531e+11
       215  2.532e+11
       217  2.533e+11
       219  2.533e+11
       221  2.533e+11
       223  2.533e+11
       225  2.534e+11
       227  2.534e+11
       229  2.534e+11
       231  2.534e+11
       233  2.534e+11
       235  2.534e+11
       237  2.534e+11
       239  2.534e+11
       241  2.535e+11
       243  2.535e+11
       245  2.535e+11
       247  2.535e+11
       249  2.535e+11
       251  2.535e+11
       253  2.535e+11
       255  2.535e+11
       257  2.535e+11
       259  2.535e+11
       261  2.535e+11
       263  2.535e+11
       265  2.535e+11
       267  2.535e+11
       269  2.535e+11
       271  2.535e+11
       273  2.535e+11
       275  2.535e+11
       277  2.535e+11
       279  2.535e+11
       281  2.535e+11
       283  2.535e+11
       285  2.535e+11
       287  2.535e+11
       289  2.535e+11
       291  2.535e+11
       293  2.535e+11
       295  2.535e+11
       297  2.535e+11
       299  2.535e+11
       301  2.535e+11
       303  2.535e+11
       305  2.535e+11
       307  2.535e+11
       309  2.535e+11
       311  2.535e+11
       313  2.535e+11
       315  2.535e+11
       317  2.535e+11
       319  2.535e+11
       321  2.535e+11
       323  2.535e+11
       325  2.535e+11
       327  2.535e+11
       329  2.535e+11
       331  2.535e+11
       333  2.535e+11
       335  2.535e+11
       337  2.535e+11
       339  2.535e+11
       341  2.535e+11
       343  2.535e+11
       345  2.535e+11
       347  2.535e+11
       349  2.535e+11
       351  2.535e+11
