         1       16.1
         3      18.25
         5      18.81
     7.001      19.28
     9.001      19.54
        11       20.1
        13      20.48
        15      20.74
        17       21.3
        19      21.69
        21      22.22
        23      22.65
        25       22.3
        27       22.9
        29      23.17
        31      23.69
        33      23.48
        35      23.66
        37         24
        39      24.05
        41      24.38
        43      24.43
        45      24.62
        47      24.66
        49       24.8
        51      25.39
        53      24.41
        55      24.62
        57      24.92
        59      25.11
        61      25.04
        63      25.06
        65      25.02
     67.01         24
     69.01      24.99
     71.01      25.52
     73.01      25.08
     75.01      24.93
     77.01      25.06
     79.01      25.24
     81.01      25.43
     83.01      25.55
     85.01      25.06
     87.01      25.35
     89.01      25.61
     91.01      24.84
     93.01      25.92
     95.01      26.12
     97.01      26.09
     99.01      26.33
       101      26.38
       103      27.06
       105      26.95
       107      27.35
       109      28.09
       111      28.36
       113      28.24
       115      27.75
       117      27.97
       119      28.38
       121      27.92
       123      27.68
       125      28.05
       127      27.08
       129      27.16
       131      27.86
       133      27.23
       135      27.02
       137       27.6
       139      27.94
       141      28.26
       143      27.94
       145      27.81
       147      27.48
       149       26.3
       151      26.52
       153      26.72
       155       27.3
       157      27.55
       159      27.65
       161      28.59
       163      28.48
       165      28.77
       167       28.7
       169      29.43
       171      28.54
       173      28.66
       175      28.72
       177       29.9
       179      29.41
       181      30.25
       183      30.15
       185      28.52
       187      28.65
       189      28.82
       191      28.15
       193      29.51
       195      28.44
       197      28.32
       199      28.89
       201      28.74
       203      28.85
       205      28.91
       207      28.97
       209      28.82
       211      28.57
       213      29.02
       215       28.7
       217      29.47
       219      30.41
       221      30.44
       223      29.43
       225      29.79
       227      32.07
       229      35.52
       231      35.52
       233      35.47
       235      30.49
       237      30.27
       239      30.22
       241      31.84
       243      34.67
       245      35.52
       247      35.52
       249      35.52
       251      35.52
       253      35.52
       255      35.52
       257      35.52
       259      35.52
       261      35.52
       263      35.52
       265      35.52
       267      35.52
       269      35.52
       271      35.52
       273      35.52
       275      35.52
       277      35.52
       279      35.52
       281      35.52
       283      35.52
       285      35.52
       287      35.52
       289      35.52
       291      35.52
       293      35.52
       295      35.52
       297      35.52
       299      35.52
       301      35.52
       303      35.52
       305      35.52
       307      35.52
       309      35.52
       311      35.52
       313      35.52
       315      35.52
       317      35.52
       319      35.52
       321      35.52
       323      35.52
       325      35.52
       327      35.52
       329      35.52
       331      35.52
       333      35.52
       335      35.52
       337      35.52
       339      35.52
       341      35.52
       343      35.52
       345      35.52
       347      35.52
       349      35.52
       351      35.52
