     3.015  1.587e+09
     5.025  5.295e+08
     7.035  2.462e+08
     9.046  1.433e+08
     11.06  8.932e+07
     13.07  6.366e+07
     15.08  5.371e+07
     17.09   4.43e+07
      19.1  3.275e+07
     21.11  2.722e+07
     23.12  1.879e+07
     25.13  1.686e+07
     27.14  1.439e+07
     29.15   1.22e+07
     31.16  1.142e+07
     33.17  8.348e+06
     35.18  6.033e+06
     37.19  4.506e+06
      39.2  3.851e+06
     41.21  3.491e+06
     43.22  1.911e+06
     45.23  2.352e+06
     47.24  2.655e+06
     49.25  2.134e+06
     51.26  2.775e+06
     53.27  1.676e+06
     55.28  1.695e+06
     57.29  1.541e+06
      59.3  1.773e+06
     61.31   1.94e+06
     63.32  1.378e+06
     65.33  1.765e+06
     67.34  8.439e+05
     69.35  1.482e+06
     71.36  1.919e+06
     73.37  1.523e+06
     75.38  1.285e+06
     77.39  1.568e+06
      79.4  1.357e+06
     81.41   1.03e+06
     83.42  6.923e+05
     85.43  8.277e+05
     87.44  5.433e+05
     89.45  4.235e+05
     91.46  4.194e+05
     93.47  3.963e+05
     95.48  4.625e+05
     97.49  2.551e+05
      99.5   5.03e+05
     101.5  4.038e+05
     103.5  5.091e+05
     105.5  2.992e+05
     107.5  3.206e+05
     109.6  2.876e+05
     111.6  1.711e+05
     113.6  1.619e+05
     115.6  3.519e+05
     117.6  4.201e+05
     119.6  4.458e+05
     121.6  3.448e+05
     123.6  2.564e+05
     125.6  2.727e+05
     127.6  2.132e+05
     129.7  9.272e+04
     131.7          0
     133.7  1.385e+05
     135.7  9.291e+04
     137.7   8.86e+04
     139.7  6.636e+04
     141.7   8.83e+04
     143.7  1.096e+05
     145.7  6.295e+04
     147.7  3.986e+04
     149.8  2.158e+04
     151.8  6.039e+04
     153.8  1.925e+04
     155.8   3.91e+04
     157.8  1.853e+04
     159.8   3.79e+04
     161.8  3.645e+04
     163.8  9.342e+04
     165.8  9.406e+04
     167.8          0
     169.9  1.827e+04
     171.9  3.473e+04
     173.9  8.941e+04
     175.9  1.883e+04
     177.9  1.774e+04
     179.9  3.495e+04
     181.9          0
     183.9  6.972e+04
     185.9  3.474e+04
     187.9          0
       190  4.823e+04
       192  6.212e+04
       194   1.12e+05
       196   1.12e+05
       198  2.014e+05
       200  1.957e+05
       202  1.959e+05
       204  5.994e+04
       206  2.992e+04
       208  8.734e+04
     210.1  2.857e+04
     212.1   7.09e+04
     214.1          0
     216.1          0
     218.1  1.473e+04
     220.1          0
     222.1  1.324e+04
     224.1  2.785e+04
     226.1  2.604e+04
     228.1  2.754e+04
     230.2  1.383e+04
     232.2  1.291e+04
     234.2  1.339e+04
     236.2          0
     238.2  2.621e+04
     240.2   1.21e+04
     242.2  1.265e+04
     244.2          0
     246.2  1.213e+04
     248.3  1.212e+04
     250.3          0
     252.3          0
     254.3          0
     256.3          0
     258.3          0
     260.3          0
     262.3          0
     264.3          0
     266.3          0
     268.4          0
     270.4          0
     272.4          0
     274.4          0
     276.4          0
     278.4          0
     280.4          0
     282.4          0
     284.4          0
     286.4          0
     288.5          0
     290.5          0
     292.5          0
     294.5          0
     296.5          0
     298.5          0
     300.5          0
     302.5          0
     304.5          0
     306.5          0
     308.6          0
     310.6          0
     312.6          0
     314.6          0
     316.6          0
     318.6          0
     320.6          0
     322.6          0
     324.6          0
     326.6          0
     328.7          0
     330.7          0
     332.7          0
     334.7          0
     336.7          0
     338.7          0
     340.7          0
     342.7          0
     344.7          0
     346.7          0
     348.8          0
     350.8          0
