     1.005  3.858e-16
     3.015  9.148e-17
     5.025  4.049e-17
     7.035  2.149e-17
     9.046  1.387e-17
     11.06  1.046e-17
     13.07  7.509e-18
     15.08   5.46e-18
     17.09  4.253e-18
      19.1  3.956e-18
     21.11  2.839e-18
     23.12  2.259e-18
     25.13  1.884e-18
     27.14  2.149e-18
     29.15  1.768e-18
     31.16  1.254e-18
     33.17  1.141e-18
     35.18  9.359e-19
     37.19   7.61e-19
      39.2  6.669e-19
     41.21  5.049e-19
     43.22  4.524e-19
     45.23  4.532e-19
     47.24  4.501e-19
     49.25  4.437e-19
     51.26  3.671e-19
     53.27  3.018e-19
     55.28  3.039e-19
     57.29  3.315e-19
      59.3  4.009e-19
     61.31  3.424e-19
     63.32  3.848e-19
     65.33  2.352e-19
     67.34  2.266e-19
     69.35  3.031e-19
     71.36  3.696e-19
     73.37  3.064e-19
     75.38  3.129e-19
     77.39  3.169e-19
      79.4  2.677e-19
     81.41   1.71e-19
     83.42  1.765e-19
     85.43   1.17e-19
     87.44  9.405e-20
     89.45   9.67e-20
     91.46  7.255e-20
     93.47  7.864e-20
     95.48  6.715e-20
     97.49  6.721e-20
      99.5   7.96e-20
     101.5  8.911e-20
     103.5   6.79e-20
     105.5  5.725e-20
     107.5  4.725e-20
     109.6  4.736e-20
     111.6  3.019e-20
     113.6  4.847e-20
     115.6  6.329e-20
     117.6  6.976e-20
     119.6  9.156e-20
     121.6  7.443e-20
     123.6  5.466e-20
     125.6   4.69e-20
     127.6  2.627e-20
     129.7  7.959e-21
     131.7   9.76e-21
     133.7  1.375e-20
     135.7  1.385e-20
     137.7  1.446e-20
     139.7  1.581e-20
     141.7  2.224e-20
     143.7  1.528e-20
     145.7  7.527e-21
     147.7  4.073e-21
     149.8  8.071e-21
     151.8  6.908e-21
     153.8  2.869e-21
     155.8  4.367e-21
     157.8  3.643e-21
     159.8  5.381e-21
     161.8  1.062e-20
     163.8   9.75e-21
     165.8  1.155e-20
     167.8  3.299e-21
     169.9  4.282e-21
     171.9  8.146e-21
     173.9   8.35e-21
     175.9  4.104e-21
     177.9  4.575e-21
     179.9  4.324e-21
     181.9  8.467e-21
     183.9  1.014e-20
     185.9  3.884e-21
     187.9  4.226e-21
       190  7.964e-21
       192  1.651e-20
       194  2.718e-20
       196  1.904e-20
       198  2.835e-20
       200   2.16e-20
       202  1.669e-20
       204  7.146e-21
       206  1.008e-20
       208   8.35e-21
     210.1  5.969e-21
     212.1  5.221e-21
     214.1  6.932e-22
     216.1  1.818e-21
     218.1  1.084e-21
     220.1  1.977e-21
     222.1  3.176e-21
     224.1  2.307e-21
     226.1  5.866e-21
     228.1   2.53e-21
     230.2   9.47e-22
     232.2  2.372e-21
     234.2  1.264e-21
     236.2  2.758e-21
     238.2   2.23e-21
     240.2  1.483e-21
     242.2    1.3e-21
     244.2   7.81e-22
     246.2  2.011e-21
     248.3  6.091e-22
     250.3      1e-23
     252.3      1e-23
     254.3      1e-23
     256.3      1e-23
     258.3      1e-23
     260.3      1e-23
     262.3      1e-23
     264.3      1e-23
     266.3      1e-23
     268.4      1e-23
     270.4      1e-23
     272.4      1e-23
     274.4      1e-23
     276.4      1e-23
     278.4      1e-23
     280.4      1e-23
     282.4      1e-23
     284.4      1e-23
     286.4      1e-23
     288.5      1e-23
     290.5      1e-23
     292.5      1e-23
     294.5      1e-23
     296.5      1e-23
     298.5      1e-23
     300.5      1e-23
     302.5      1e-23
     304.5      1e-23
     306.5      1e-23
     308.6      1e-23
     310.6      1e-23
     312.6      1e-23
     314.6      1e-23
     316.6      1e-23
     318.6      1e-23
     320.6      1e-23
     322.6      1e-23
     324.6      1e-23
     326.6      1e-23
     328.7      1e-23
     330.7      1e-23
     332.7      1e-23
     334.7      1e-23
     336.7      1e-23
     338.7      1e-23
     340.7      1e-23
     342.7      1e-23
     344.7      1e-23
     346.7      1e-23
     348.8      1e-23
     350.8      1e-23
