     1.005  4.106e+10
     3.015  1.015e+11
     5.025  1.351e+11
     7.035   1.57e+11
     9.046  1.733e+11
     11.06  1.858e+11
     13.07  1.963e+11
     15.08  2.065e+11
     17.09  2.161e+11
      19.1   2.24e+11
     21.11  2.313e+11
     23.12  2.367e+11
     25.13  2.421e+11
     27.14   2.47e+11
     29.15  2.515e+11
     31.16   2.56e+11
     33.17  2.595e+11
     35.18  2.622e+11
     37.19  2.643e+11
      39.2  2.662e+11
     41.21   2.68e+11
     43.22  2.691e+11
     45.23  2.704e+11
     47.24   2.72e+11
     49.25  2.733e+11
     51.26  2.751e+11
     53.27  2.763e+11
     55.28  2.774e+11
     57.29  2.786e+11
      59.3  2.799e+11
     61.31  2.814e+11
     63.32  2.825e+11
     65.33  2.839e+11
     67.34  2.847e+11
     69.35   2.86e+11
     71.36  2.877e+11
     73.37  2.891e+11
     75.38  2.903e+11
     77.39  2.919e+11
      79.4  2.932e+11
     81.41  2.943e+11
     83.42   2.95e+11
     85.43  2.959e+11
     87.44  2.965e+11
     89.45   2.97e+11
     91.46  2.975e+11
     93.47  2.979e+11
     95.48  2.985e+11
     97.49  2.988e+11
      99.5  2.994e+11
     101.5      3e+11
     103.5  3.006e+11
     105.5   3.01e+11
     107.5  3.015e+11
     109.6  3.018e+11
     111.6  3.021e+11
     113.6  3.023e+11
     115.6  3.028e+11
     117.6  3.035e+11
     119.6  3.041e+11
     121.6  3.047e+11
     123.6  3.051e+11
     125.6  3.055e+11
     127.6  3.058e+11
     129.7   3.06e+11
     131.7   3.06e+11
     133.7  3.062e+11
     135.7  3.064e+11
     137.7  3.065e+11
     139.7  3.067e+11
     141.7  3.068e+11
     143.7   3.07e+11
     145.7  3.071e+11
     147.7  3.072e+11
     149.8  3.072e+11
     151.8  3.074e+11
     153.8  3.074e+11
     155.8  3.075e+11
     157.8  3.075e+11
     159.8  3.076e+11
     161.8  3.077e+11
     163.8  3.079e+11
     165.8  3.081e+11
     167.8  3.081e+11
     169.9  3.081e+11
     171.9  3.082e+11
     173.9  3.084e+11
     175.9  3.084e+11
     177.9  3.084e+11
     179.9  3.085e+11
     181.9  3.085e+11
     183.9  3.087e+11
     185.9  3.088e+11
     187.9  3.088e+11
       190  3.089e+11
       192   3.09e+11
       194  3.093e+11
       196  3.096e+11
       198  3.101e+11
       200  3.106e+11
       202  3.111e+11
       204  3.112e+11
       206  3.113e+11
       208  3.115e+11
     210.1  3.116e+11
     212.1  3.118e+11
     214.1  3.118e+11
     216.1  3.118e+11
     218.1  3.119e+11
     220.1  3.119e+11
     222.1  3.119e+11
     224.1   3.12e+11
     226.1   3.12e+11
     228.1  3.121e+11
     230.2  3.122e+11
     232.2  3.122e+11
     234.2  3.122e+11
     236.2  3.122e+11
     238.2  3.123e+11
     240.2  3.124e+11
     242.2  3.124e+11
     244.2  3.124e+11
     246.2  3.124e+11
     248.3  3.125e+11
     250.3  3.125e+11
     252.3  3.125e+11
     254.3  3.125e+11
     256.3  3.125e+11
     258.3  3.125e+11
     260.3  3.125e+11
     262.3  3.125e+11
     264.3  3.125e+11
     266.3  3.125e+11
     268.4  3.125e+11
     270.4  3.125e+11
     272.4  3.125e+11
     274.4  3.125e+11
     276.4  3.125e+11
     278.4  3.125e+11
     280.4  3.125e+11
     282.4  3.125e+11
     284.4  3.125e+11
     286.4  3.125e+11
     288.5  3.125e+11
     290.5  3.125e+11
     292.5  3.125e+11
     294.5  3.125e+11
     296.5  3.125e+11
     298.5  3.125e+11
     300.5  3.125e+11
     302.5  3.125e+11
     304.5  3.125e+11
     306.5  3.125e+11
     308.6  3.125e+11
     310.6  3.125e+11
     312.6  3.125e+11
     314.6  3.125e+11
     316.6  3.125e+11
     318.6  3.125e+11
     320.6  3.125e+11
     322.6  3.125e+11
     324.6  3.125e+11
     326.6  3.125e+11
     328.7  3.125e+11
     330.7  3.125e+11
     332.7  3.125e+11
     334.7  3.125e+11
     336.7  3.125e+11
     338.7  3.125e+11
     340.7  3.125e+11
     342.7  3.125e+11
     344.7  3.125e+11
     346.7  3.125e+11
     348.8  3.125e+11
     350.8  3.125e+11
