     1.005      16.55
     3.015      18.11
     5.025         19
     7.035      19.69
     9.046      20.16
     11.06      20.47
     13.07      20.83
     15.08      21.17
     17.09      21.44
      19.1      21.52
     21.11      21.88
     23.12      22.13
     25.13      22.33
     27.14      22.19
     29.15       22.4
     31.16      22.77
     33.17      22.87
     35.18      23.09
     37.19      23.31
      39.2      23.46
     41.21      23.76
     43.22      23.88
     45.23      23.88
     47.24      23.88
     49.25       23.9
     51.26       24.1
     53.27      24.32
     55.28      24.31
     57.29      24.22
      59.3      24.01
     61.31      24.18
     63.32      24.05
     65.33      24.59
     67.34      24.63
     69.35      24.31
     71.36       24.1
     73.37       24.3
     75.38      24.28
     77.39      24.26
      79.4      24.45
     81.41      24.93
     83.42       24.9
     85.43      25.35
     87.44      25.58
     89.45      25.55
     91.46      25.86
     93.47      25.78
     95.48      25.95
     97.49      25.95
      99.5      25.76
     101.5      25.64
     103.5      25.94
     105.5      26.12
     107.5      26.33
     109.6      26.33
     111.6      26.82
     113.6       26.3
     115.6      26.01
     117.6      25.91
     119.6      25.61
     121.6      25.84
     123.6      26.17
     125.6      26.34
     127.6      26.97
     129.7      28.26
     131.7      28.04
     133.7      27.67
     135.7      27.66
     137.7      27.62
     139.7      27.52
     141.7      27.15
     143.7      27.56
     145.7      28.32
     147.7      28.99
     149.8      28.25
     151.8      28.42
     153.8      29.37
     155.8      28.92
     157.8      29.11
     159.8      28.69
     161.8      27.95
     163.8      28.04
     165.8      27.86
     167.8      29.22
     169.9      28.94
     171.9      28.24
     173.9      28.21
     175.9      28.98
     177.9      28.87
     179.9      28.93
     181.9       28.2
     183.9         28
     185.9      29.04
     187.9      28.95
       190      28.26
       192      27.47
       194      26.93
       196      27.32
       198      26.88
       200      27.18
       202      27.46
       204      28.38
       206      28.01
       208      28.21
     210.1      28.58
     212.1      28.72
     214.1      30.91
     216.1      29.87
     218.1      30.43
     220.1      29.78
     222.1      29.26
     224.1      29.61
     226.1       28.6
     228.1      29.51
     230.2      30.58
     232.2      29.58
     234.2      30.26
     236.2      29.41
     238.2      29.65
     240.2      30.09
     242.2      30.23
     244.2      30.78
     246.2      29.76
     248.3      31.05
     250.3      35.52
     252.3      35.52
     254.3      35.52
     256.3      35.52
     258.3      35.52
     260.3      35.52
     262.3      35.52
     264.3      35.52
     266.3      35.52
     268.4      35.52
     270.4      35.52
     272.4      35.52
     274.4      35.52
     276.4      35.52
     278.4      35.52
     280.4      35.52
     282.4      35.52
     284.4      35.52
     286.4      35.52
     288.5      35.52
     290.5      35.52
     292.5      35.52
     294.5      35.52
     296.5      35.52
     298.5      35.52
     300.5      35.52
     302.5      35.52
     304.5      35.52
     306.5      35.52
     308.6      35.52
     310.6      35.52
     312.6      35.52
     314.6      35.52
     316.6      35.52
     318.6      35.52
     320.6      35.52
     322.6      35.52
     324.6      35.52
     326.6      35.52
     328.7      35.52
     330.7      35.52
     332.7      35.52
     334.7      35.52
     336.7      35.52
     338.7      35.52
     340.7      35.52
     342.7      35.52
     344.7      35.52
     346.7      35.52
     348.8      35.52
     350.8      35.52
