     17.91  2.091e-18
     23.72   1.48e-18
     29.53  1.117e-18
     35.34  8.328e-19
     41.15  6.921e-19
     46.97  5.418e-19
     52.78  4.554e-19
     58.59  4.071e-19
      64.4  3.571e-19
     70.21  2.862e-19
     76.03   2.51e-19
     81.84  2.261e-19
     87.65  2.012e-19
     93.46  1.778e-19
     99.27  1.586e-19
     105.1  1.438e-19
     110.9  1.339e-19
     116.7  1.253e-19
     122.5  1.133e-19
     128.3  1.105e-19
     134.1  1.055e-19
       140  9.976e-20
     145.8  1.022e-19
     151.6  9.219e-20
     157.4  7.978e-20
     163.2  7.653e-20
       169   7.52e-20
     174.8  6.805e-20
     180.6  6.373e-20
     186.5   5.85e-20
     192.3  5.589e-20
     198.1  5.286e-20
     203.9  5.479e-20
     209.7   5.03e-20
     215.5  4.759e-20
     221.3  4.942e-20
     227.1  5.034e-20
       233  4.614e-20
     238.8  4.348e-20
     244.6  4.283e-20
     250.4  4.438e-20
     256.2  3.885e-20
       262  3.468e-20
     267.8   3.21e-20
     273.6  2.982e-20
     279.4  2.915e-20
     285.3  2.833e-20
     291.1  2.733e-20
     296.9  2.403e-20
     302.7  2.341e-20
     308.5  2.297e-20
     314.3  2.306e-20
     320.1  2.356e-20
     325.9  2.281e-20
     331.8  2.037e-20
     337.6  1.897e-20
     343.4   2.08e-20
     349.2  1.888e-20
