     17.91      22.22
     23.72      22.59
     29.53       22.9
     35.34      23.21
     41.15      23.42
     46.97      23.68
     52.78      23.87
     58.59      23.99
      64.4      24.13
     70.21      24.37
     76.03      24.52
     81.84      24.63
     87.65      24.76
     93.46      24.89
     99.27      25.02
     105.1      25.12
     110.9       25.2
     116.7      25.27
     122.5      25.38
     128.3      25.41
     134.1      25.46
       140      25.52
     145.8      25.49
     151.6       25.6
     157.4      25.76
     163.2      25.81
       169      25.83
     174.8      25.93
     180.6      26.01
     186.5       26.1
     192.3      26.15
     198.1      26.21
     203.9      26.17
     209.7      26.26
     215.5      26.32
     221.3      26.28
     227.1      26.26
       233      26.36
     238.8      26.42
     244.6      26.44
     250.4       26.4
     256.2      26.54
       262      26.67
     267.8      26.75
     273.6      26.83
     279.4      26.85
     285.3      26.89
     291.1      26.92
     296.9      27.06
     302.7      27.09
     308.5      27.11
     314.3      27.11
     320.1      27.09
     325.9      27.12
     331.8      27.24
     337.6      27.32
     343.4      27.22
     349.2      27.33
