     5.986  7.488e-18
     7.958  6.121e-18
      9.93  5.035e-18
      11.9  4.658e-18
     13.87  4.471e-18
     15.85  4.361e-18
     17.82  5.351e-18
     19.79  5.176e-18
     21.76  3.776e-18
     23.74  4.257e-18
     25.71  4.759e-18
     27.68  3.614e-18
     29.65  2.934e-18
     31.62   2.49e-18
      33.6  1.937e-18
     35.57    1.7e-18
     37.54  2.022e-18
     39.51  2.331e-18
     41.48  1.846e-18
     43.46  1.249e-18
     45.43  1.125e-18
      47.4  1.048e-18
     49.37  9.974e-19
     51.35  9.751e-19
     53.32  9.314e-19
     55.29  9.058e-19
     57.26   8.42e-19
     59.23  7.369e-19
     61.21  6.551e-19
     63.18  6.812e-19
     65.15  6.659e-19
     67.12  6.538e-19
     69.09  6.643e-19
     71.07  6.845e-19
     73.04  5.071e-19
     75.01  4.997e-19
     76.98   5.52e-19
     78.96  5.733e-19
     80.93  5.185e-19
      82.9   4.41e-19
     84.87  4.364e-19
     86.84  3.765e-19
     88.82  3.303e-19
     90.79  3.548e-19
     92.76  3.302e-19
     94.73  2.992e-19
      96.7   2.89e-19
     98.68  2.696e-19
     100.6  2.668e-19
     102.6  2.864e-19
     104.6  2.499e-19
     106.6  2.281e-19
     108.5  2.323e-19
     110.5  2.405e-19
     112.5  2.128e-19
     114.5  1.936e-19
     116.4  2.046e-19
     118.4  2.238e-19
     120.4  1.857e-19
     122.3  2.051e-19
     124.3  1.902e-19
     126.3  1.577e-19
     128.3  1.576e-19
     130.2  1.505e-19
     132.2  1.375e-19
     134.2  1.553e-19
     136.1  1.557e-19
     138.1   1.42e-19
     140.1  1.405e-19
     142.1  1.274e-19
       144  1.099e-19
       146  1.036e-19
       148  9.299e-20
       150  9.704e-20
     151.9  8.958e-20
     153.9  9.378e-20
     155.9  9.081e-20
     157.8  9.118e-20
     159.8  8.347e-20
     161.8  8.791e-20
     163.8  8.178e-20
     165.7  8.034e-20
     167.7  7.118e-20
     169.7  7.405e-20
     171.6  7.419e-20
     173.6   7.99e-20
     175.6  7.072e-20
     177.6  5.601e-20
     179.5  6.376e-20
     181.5  7.172e-20
     183.5   6.41e-20
     185.5  6.178e-20
     187.4  6.138e-20
     189.4  6.148e-20
     191.4  5.406e-20
     193.3  5.552e-20
     195.3  5.416e-20
     197.3   5.01e-20
     199.3  4.889e-20
     201.2  5.233e-20
     203.2  6.194e-20
     205.2  5.545e-20
     207.1  4.604e-20
     209.1   4.86e-20
     211.1  5.417e-20
     213.1  5.134e-20
       215  5.317e-20
       217  4.953e-20
       219    3.9e-20
     220.9  3.613e-20
     222.9  3.554e-20
     224.9  3.313e-20
     226.9  3.569e-20
     228.8  3.991e-20
     230.8   3.65e-20
     232.8  4.252e-20
     234.8  3.395e-20
     236.7  2.916e-20
     238.7  2.997e-20
     240.7  3.068e-20
     242.6   3.24e-20
     244.6  3.378e-20
     246.6  3.804e-20
     248.6  3.396e-20
     250.5  3.241e-20
     252.5  3.356e-20
     254.5  2.595e-20
     256.4  2.851e-20
     258.4  2.824e-20
     260.4  2.189e-20
     262.4  2.205e-20
     264.3   2.82e-20
     266.3   2.99e-20
     268.3  2.651e-20
     270.3  2.831e-20
     272.2  2.542e-20
     274.2  2.308e-20
     276.2  2.219e-20
     278.1  2.649e-20
     280.1  2.164e-20
     282.1  1.573e-20
     284.1  2.054e-20
       286  3.222e-20
       288  2.335e-20
       290  2.253e-20
     291.9  1.717e-20
     293.9  1.602e-20
     295.9  1.497e-20
     297.9  1.288e-20
     299.8  1.269e-20
     301.8  2.029e-20
     303.8  2.161e-20
     305.8  1.945e-20
     307.7   2.08e-20
     309.7  2.902e-20
     311.7  2.542e-20
     313.6  2.198e-20
     315.6  2.615e-20
     317.6  1.873e-20
     319.6  1.649e-20
     321.5  1.624e-20
     323.5  1.143e-20
     325.5  6.004e-21
     327.4  8.807e-21
     329.4  1.404e-20
     331.4  1.135e-20
     333.4  7.534e-21
     335.3  5.198e-21
     337.3  2.677e-21
     339.3  6.584e-21
     341.3  8.888e-21
     343.2  9.313e-21
     345.2  1.038e-20
     347.2   2.53e-20
     349.1  2.223e-20
     351.1  1.328e-20
