     5.986      20.83
     7.958      21.05
      9.93      21.26
      11.9      21.35
     13.87      21.39
     15.85      21.42
     17.82       21.2
     19.79      21.23
     21.76      21.57
     23.74      21.44
     25.71      21.32
     27.68      21.62
     29.65      21.85
     31.62      22.03
      33.6       22.3
     35.57      22.44
     37.54      22.25
     39.51       22.1
     41.48      22.35
     43.46      22.77
     45.43      22.89
      47.4      22.96
     49.37      23.02
     51.35      23.04
     53.32      23.09
     55.29      23.12
     57.26       23.2
     59.23      23.35
     61.21      23.48
     63.18      23.43
     65.15      23.46
     67.12      23.48
     69.09      23.46
     71.07      23.43
     73.04      23.75
     75.01      23.77
     76.98      23.66
     78.96      23.62
     80.93      23.73
      82.9       23.9
     84.87      23.92
     86.84      24.08
     88.82      24.22
     90.79      24.14
     92.76      24.22
     94.73      24.33
      96.7      24.36
     98.68      24.44
     100.6      24.45
     102.6      24.37
     104.6      24.52
     106.6      24.62
     108.5       24.6
     110.5      24.56
     112.5       24.7
     114.5       24.8
     116.4      24.74
     118.4      24.64
     120.4      24.84
     122.3      24.74
     124.3      24.82
     126.3      25.02
     128.3      25.02
     130.2      25.07
     132.2      25.17
     134.2      25.04
     136.1      25.04
     138.1      25.14
     140.1      25.15
     142.1      25.25
       144      25.41
       146      25.48
       148       25.6
       150      25.55
     151.9      25.64
     153.9      25.59
     155.9      25.62
     157.8      25.62
     159.8      25.71
     161.8      25.66
     163.8      25.73
     165.7      25.75
     167.7      25.89
     169.7      25.84
     171.6      25.84
     173.6      25.76
     175.6      25.89
     177.6      26.15
     179.5         26
     181.5      25.88
     183.5         26
     185.5      26.04
     187.4      26.05
     189.4      26.04
     191.4      26.18
     193.3      26.16
     195.3      26.18
     197.3      26.27
     199.3      26.29
     201.2      26.22
     203.2      26.04
     205.2      26.16
     207.1      26.36
     209.1       26.3
     211.1      26.18
     213.1      26.24
       215       26.2
       217      26.28
       219      26.54
     220.9      26.62
     222.9      26.64
     224.9      26.72
     226.9      26.63
     228.8      26.51
     230.8      26.61
     232.8      26.44
     234.8      26.69
     236.7      26.85
     238.7      26.82
     240.7       26.8
     242.6      26.74
     244.6      26.69
     246.6      26.57
     248.6      26.69
     250.5      26.74
     252.5       26.7
     254.5      26.98
     256.4      26.88
     258.4      26.89
     260.4      27.17
     262.4      27.16
     264.3      26.89
     266.3      26.83
     268.3      26.96
     270.3      26.89
     272.2         27
     274.2      27.11
     276.2      27.15
     278.1      26.96
     280.1      27.18
     282.1      27.52
     284.1      27.23
       286      26.75
       288       27.1
       290      27.13
     291.9      27.43
     293.9       27.5
     295.9      27.58
     297.9      27.74
     299.8      27.76
     301.8      27.25
     303.8      27.18
     305.8      27.29
     307.7      27.22
     309.7      26.86
     311.7         27
     313.6      27.16
     315.6      26.97
     317.6      27.34
     319.6      27.47
     321.5      27.49
     323.5      27.87
     325.5      28.57
     327.4      28.15
     329.4      27.65
     331.4      27.88
     333.4      28.32
     335.3      28.73
     337.3      29.45
     339.3      28.47
     341.3      28.14
     343.2      28.09
     345.2      27.98
     347.2      27.01
     349.1      27.15
     351.1      27.71
