     3.016  7.697e+08
     5.027  2.929e+08
     7.038  2.085e+08
     9.048  1.689e+08
     11.06   1.41e+08
     13.07  1.069e+08
     15.08  7.972e+07
     17.09  5.345e+07
      19.1  4.472e+07
     21.11  2.598e+07
     23.12  2.131e+07
     25.13  1.332e+07
     27.14  1.337e+07
     29.16  1.289e+07
     31.17   1.03e+07
     33.18   1.02e+07
     35.19  7.904e+06
      37.2  7.925e+06
     39.21   6.72e+06
     41.22  4.807e+06
     43.23  4.361e+06
     45.24  5.641e+06
     47.25  3.411e+06
     49.26  4.205e+06
     51.27  3.722e+06
     53.28   2.52e+06
     55.29  2.388e+06
     57.31  2.025e+06
     59.32  1.476e+06
     61.33  9.521e+05
     63.34  1.372e+06
     65.35  1.328e+06
     67.36  1.052e+06
     69.37  1.359e+06
     71.38  1.185e+06
     73.39   1.13e+06
      75.4  1.089e+06
     77.41  1.444e+06
     79.42  1.331e+06
     81.43  1.233e+06
     83.44  1.379e+06
     85.46  1.175e+06
     87.47  8.163e+05
     89.48  1.356e+06
     91.49  8.628e+05
      93.5  1.433e+06
     95.51  1.368e+06
     97.52  1.183e+06
     99.53    8.3e+05
     101.5  1.371e+06
     103.6  1.391e+06
     105.6  9.956e+05
     107.6  1.066e+06
     109.6  1.369e+06
     111.6  7.493e+05
     113.6  9.276e+05
     115.6  8.123e+05
     117.6  7.716e+05
     119.6  1.075e+06
     121.6  8.496e+05
     123.7  6.779e+05
     125.7  7.375e+05
     127.7  1.088e+06
     129.7   6.35e+05
     131.7  4.338e+05
     133.7  4.802e+05
     135.7  5.621e+05
     137.7  7.717e+05
     139.7  8.422e+05
     141.8  8.661e+05
     143.8  7.865e+05
     145.8  8.901e+05
     147.8  1.329e+06
     149.8  1.695e+06
     151.8   1.36e+06
     153.8  1.121e+06
     155.8  9.464e+05
     157.8  1.002e+06
     159.9  1.283e+06
     161.9  1.034e+06
     163.9  7.152e+05
     165.9  6.463e+05
     167.9  7.726e+05
     169.9   5.71e+05
     171.9   4.66e+05
     173.9  3.245e+05
     175.9  2.138e+05
     177.9  2.967e+05
       180  1.723e+05
       182  1.804e+05
       184  1.775e+05
       186  1.529e+05
       188  1.035e+05
       190  1.098e+05
       192  3.153e+04
       194  4.593e+04
       196  4.628e+04
     198.1  1.063e+05
     200.1  7.793e+04
     202.1  9.235e+04
     204.1  8.916e+04
     206.1  1.351e+05
     208.1  1.893e+05
     210.1  9.989e+04
     212.1  8.379e+04
     214.1  6.923e+04
     216.2   1.65e+05
     218.2  1.373e+05
     220.2  1.502e+05
     222.2  6.629e+04
     224.2  4.129e+04
     226.2  9.401e+04
     228.2  2.572e+04
     230.2  1.633e+04
     232.2  7.926e+04
     234.2  3.715e+04
     236.3  1.252e+04
     238.3  1.252e+04
     240.3  1.229e+04
     242.3  1.245e+04
     244.3   1.24e+04
     246.3  3.653e+04
     248.3  1.343e+04
     250.3  1.157e+04
     252.3  3.923e+04
     254.4  1.164e+04
     256.4          0
     258.4  2.289e+04
     260.4  3.463e+04
     262.4  1.154e+04
     264.4          0
     266.4          0
     268.4  1.217e+04
     270.4          0
     272.5          0
     274.5          0
     276.5   2.18e+04
     278.5  1.065e+04
     280.5  1.069e+04
     282.5  2.149e+04
     284.5  1.043e+04
     286.5    3.1e+04
     288.5   1.27e+04
     290.5          0
     292.6          0
     294.6          0
     296.6          0
     298.6          0
     300.6          0
     302.6          0
     304.6       9881
     306.6          0
     308.6  2.157e+04
     310.7          0
     312.7          0
     314.7          0
     316.7  1.002e+04
     318.7  2.031e+04
     320.7       9141
     322.7          0
     324.7       8958
     326.7          0
     328.8          0
     330.8          0
     332.8       9289
     334.8       9281
     336.8       9155
     338.8       9335
     340.8          0
     342.8          0
     344.8          0
