     1.005  2.257e-16
     3.016  5.692e-17
     5.027  3.406e-17
     7.038  3.338e-17
     9.048  2.968e-17
     11.06   2.25e-17
     13.07  2.266e-17
     15.08  2.051e-17
     17.09  1.169e-17
      19.1  9.551e-18
     21.11  5.416e-18
     23.12  3.872e-18
     25.13  3.015e-18
     27.14  2.722e-18
     29.16   2.92e-18
     31.17  2.782e-18
     33.18  2.619e-18
     35.19  2.147e-18
      37.2  2.508e-18
     39.21  2.106e-18
     41.22  1.136e-18
     43.23  1.146e-18
     45.24  1.146e-18
     47.25  8.233e-19
     49.26  8.489e-19
     51.27  6.634e-19
     53.28  5.451e-19
     55.29   6.53e-19
     57.31  7.322e-19
     59.32  2.633e-19
     61.33  2.269e-19
     63.34  2.241e-19
     65.35  2.187e-19
     67.36  2.649e-19
     69.37   2.42e-19
     71.38  1.933e-19
     73.39  2.326e-19
      75.4  2.635e-19
     77.41  2.444e-19
     79.42  2.726e-19
     81.43  2.271e-19
     83.44   2.35e-19
     85.46  2.085e-19
     87.47  1.988e-19
     89.48   2.31e-19
     91.49  2.384e-19
      93.5  2.421e-19
     95.51  2.298e-19
     97.52  1.745e-19
     99.53  1.728e-19
     101.5  2.756e-19
     103.6  3.012e-19
     105.6  2.563e-19
     107.6  2.319e-19
     109.6  3.229e-19
     111.6  2.275e-19
     113.6  2.274e-19
     115.6  2.179e-19
     117.6  2.366e-19
     119.6  2.389e-19
     121.6  2.697e-19
     123.7  2.142e-19
     125.7  1.877e-19
     127.7  1.552e-19
     129.7  1.307e-19
     131.7  9.462e-20
     133.7  9.941e-20
     135.7  1.282e-19
     137.7  1.274e-19
     139.7  1.606e-19
     141.8   1.23e-19
     143.8  1.437e-19
     145.8  1.841e-19
     147.8  2.749e-19
     149.8  2.445e-19
     151.8    2.3e-19
     153.8  1.626e-19
     155.8  1.942e-19
     157.8  2.961e-19
     159.9  3.049e-19
     161.9  1.709e-19
     163.9  1.957e-19
     165.9  1.405e-19
     167.9  1.051e-19
     169.9  8.175e-20
     171.9  6.533e-20
     173.9  4.669e-20
     175.9  4.282e-20
     177.9  3.864e-20
       180  2.917e-20
       182  2.585e-20
       184  2.448e-20
       186  3.089e-20
       188  2.293e-20
       190  8.473e-21
       192  2.795e-21
       194  4.712e-21
       196  1.355e-20
     198.1  1.531e-20
     200.1  1.065e-20
     202.1  1.488e-20
     204.1  1.337e-20
     206.1  1.874e-20
     208.1  2.099e-20
     210.1  1.361e-20
     212.1   1.03e-20
     214.1  1.268e-20
     216.2  1.642e-20
     218.2  1.878e-20
     220.2    1.4e-20
     222.2  8.003e-21
     224.2  8.465e-21
     226.2  7.509e-21
     228.2   3.78e-21
     230.2  9.315e-21
     232.2  7.115e-21
     234.2  2.543e-21
     236.3    1.7e-21
     238.3  1.923e-21
     240.3  1.224e-21
     242.3  2.005e-21
     244.3  4.511e-21
     246.3  2.978e-21
     248.3  2.029e-21
     250.3  5.694e-21
     252.3  4.298e-21
     254.4  2.253e-21
     256.4  2.793e-21
     258.4  5.978e-21
     260.4  4.693e-21
     262.4  1.624e-21
     264.4  1.023e-22
     266.4  5.484e-22
     268.4  1.962e-21
     270.4  6.522e-23
     272.5  1.093e-21
     274.5  3.866e-21
     276.5  5.397e-21
     278.5  3.946e-21
     280.5  5.913e-21
     282.5  4.884e-21
     284.5  6.637e-21
     286.5  9.155e-21
     288.5  4.563e-21
     290.5  8.094e-22
     292.6      1e-23
     294.6      1e-23
     296.6      1e-23
     298.6      1e-23
     300.6  7.002e-22
     302.6  3.317e-21
     304.6  4.063e-21
     306.6  1.485e-20
     308.6  6.292e-21
     310.7  7.356e-22
     312.7  5.012e-23
     314.7  1.097e-20
     316.7  2.769e-20
     318.7  1.582e-20
     320.7  2.749e-21
     322.7  9.177e-21
     324.7    7.5e-22
     326.7      1e-23
     328.8  6.566e-21
     330.8  2.046e-20
     332.8  1.402e-20
     334.8  2.323e-20
     336.8  3.165e-20
     338.8  4.437e-20
     340.8  1.247e-20
     342.8      1e-23
     344.8      1e-23
