     1.005  1.214e+10
     3.016  4.147e+10
     5.027  6.007e+10
     7.038   7.86e+10
     9.048  9.791e+10
     11.06  1.176e+11
     13.07  1.353e+11
     15.08  1.505e+11
     17.09   1.62e+11
      19.1  1.728e+11
     21.11  1.797e+11
     23.12  1.859e+11
     25.13  1.902e+11
     27.14  1.948e+11
     29.16  1.995e+11
     31.17  2.036e+11
     33.18  2.078e+11
     35.19  2.114e+11
      37.2  2.151e+11
     39.21  2.184e+11
     41.22  2.209e+11
     43.23  2.233e+11
     45.24  2.265e+11
     47.25  2.286e+11
     49.26  2.312e+11
     51.27  2.336e+11
     53.28  2.353e+11
     55.29  2.369e+11
     57.31  2.384e+11
     59.32  2.395e+11
     61.33  2.403e+11
     63.34  2.414e+11
     65.35  2.424e+11
     67.36  2.433e+11
     69.37  2.445e+11
     71.38  2.456e+11
     73.39  2.466e+11
      75.4  2.477e+11
     77.41  2.491e+11
     79.42  2.504e+11
     81.43  2.517e+11
     83.44  2.532e+11
     85.46  2.544e+11
     87.47  2.553e+11
     89.48  2.569e+11
     91.49  2.579e+11
      93.5  2.595e+11
     95.51  2.612e+11
     97.52  2.627e+11
     99.53  2.637e+11
     101.5  2.655e+11
     103.6  2.673e+11
     105.6  2.686e+11
     107.6  2.701e+11
     109.6   2.72e+11
     111.6   2.73e+11
     113.6  2.743e+11
     115.6  2.755e+11
     117.6  2.767e+11
     119.6  2.783e+11
     121.6  2.796e+11
     123.7  2.807e+11
     125.7  2.818e+11
     127.7  2.836e+11
     129.7  2.846e+11
     131.7  2.854e+11
     133.7  2.862e+11
     135.7  2.871e+11
     137.7  2.885e+11
     139.7    2.9e+11
     141.8  2.915e+11
     143.8  2.929e+11
     145.8  2.946e+11
     147.8  2.971e+11
     149.8  3.003e+11
     151.8  3.029e+11
     153.8  3.051e+11
     155.8  3.069e+11
     157.8  3.089e+11
     159.9  3.115e+11
     161.9  3.136e+11
     163.9  3.151e+11
     165.9  3.165e+11
     167.9  3.181e+11
     169.9  3.193e+11
     171.9  3.203e+11
     173.9   3.21e+11
     175.9  3.215e+11
     177.9  3.222e+11
       180  3.226e+11
       182   3.23e+11
       184  3.234e+11
       186  3.238e+11
       188   3.24e+11
       190  3.243e+11
       192  3.243e+11
       194  3.245e+11
       196  3.246e+11
     198.1  3.248e+11
     200.1   3.25e+11
     202.1  3.253e+11
     204.1  3.255e+11
     206.1  3.259e+11
     208.1  3.264e+11
     210.1  3.266e+11
     212.1  3.268e+11
     214.1   3.27e+11
     216.2  3.275e+11
     218.2  3.279e+11
     220.2  3.283e+11
     222.2  3.285e+11
     224.2  3.286e+11
     226.2  3.288e+11
     228.2  3.289e+11
     230.2   3.29e+11
     232.2  3.292e+11
     234.2  3.293e+11
     236.3  3.294e+11
     238.3  3.294e+11
     240.3  3.294e+11
     242.3  3.295e+11
     244.3  3.295e+11
     246.3  3.296e+11
     248.3  3.297e+11
     250.3  3.297e+11
     252.3  3.298e+11
     254.4  3.299e+11
     256.4  3.299e+11
     258.4  3.299e+11
     260.4    3.3e+11
     262.4  3.301e+11
     264.4  3.301e+11
     266.4  3.301e+11
     268.4  3.301e+11
     270.4  3.301e+11
     272.5  3.301e+11
     274.5  3.301e+11
     276.5  3.302e+11
     278.5  3.302e+11
     280.5  3.303e+11
     282.5  3.304e+11
     284.5  3.304e+11
     286.5  3.305e+11
     288.5  3.305e+11
     290.5  3.305e+11
     292.6  3.305e+11
     294.6  3.305e+11
     296.6  3.305e+11
     298.6  3.305e+11
     300.6  3.305e+11
     302.6  3.305e+11
     304.6  3.306e+11
     306.6  3.306e+11
     308.6  3.307e+11
     310.7  3.307e+11
     312.7  3.307e+11
     314.7  3.307e+11
     316.7  3.307e+11
     318.7  3.308e+11
     320.7  3.308e+11
     322.7  3.308e+11
     324.7  3.309e+11
     326.7  3.309e+11
     328.8  3.309e+11
     330.8  3.309e+11
     332.8  3.309e+11
     334.8  3.309e+11
     336.8   3.31e+11
     338.8   3.31e+11
     340.8   3.31e+11
     342.8   3.31e+11
     344.8   3.31e+11
