     1.005      17.13
     3.016      18.63
     5.027      19.19
     7.038      19.21
     9.048      19.33
     11.06      19.64
     13.07      19.63
     15.08      19.74
     17.09      20.35
      19.1      20.57
     21.11      21.18
     23.12      21.55
     25.13      21.82
     27.14      21.93
     29.16      21.85
     31.17      21.91
     33.18      21.97
     35.19      22.19
      37.2      22.02
     39.21      22.21
     41.22      22.88
     43.23      22.87
     45.24      22.87
     47.25      23.23
     49.26      23.19
     51.27      23.46
     53.28      23.67
     55.29      23.48
     57.31      23.35
     59.32      24.46
     61.33      24.63
     63.34      24.64
     65.35      24.67
     67.36      24.46
     69.37      24.56
     71.38       24.8
     73.39       24.6
      75.4      24.46
     77.41      24.55
     79.42      24.43
     81.43      24.63
     83.44      24.59
     85.46      24.72
     87.47      24.77
     89.48      24.61
     91.49      24.57
      93.5      24.56
     95.51      24.61
     97.52      24.91
     99.53      24.92
     101.5      24.42
     103.6      24.32
     105.6      24.49
     107.6       24.6
     109.6      24.24
     111.6      24.62
     113.6      24.62
     115.6      24.67
     117.6      24.58
     119.6      24.57
     121.6      24.44
     123.7      24.69
     125.7      24.83
     127.7      25.04
     129.7      25.23
     131.7      25.58
     133.7      25.52
     135.7      25.25
     137.7      25.25
     139.7         25
     141.8      25.29
     143.8      25.12
     145.8      24.85
     147.8      24.42
     149.8      24.55
     151.8      24.61
     153.8      24.99
     155.8       24.8
     157.8      24.34
     159.9      24.31
     161.9      24.93
     163.9      24.79
     165.9      25.15
     167.9      25.46
     169.9      25.73
     171.9      25.98
     173.9      26.34
     175.9      26.44
     177.9      26.55
       180      26.85
       182      26.98
       184      27.04
       186      26.79
       188      27.12
       190       28.2
       192       29.4
       194      28.83
       196      27.69
     198.1      27.55
     200.1      27.95
     202.1      27.58
     204.1       27.7
     206.1      27.33
     208.1      27.21
     210.1      27.68
     212.1      27.98
     214.1      27.76
     216.2      27.48
     218.2      27.33
     220.2      27.65
     222.2      28.26
     224.2       28.2
     226.2      28.33
     228.2      29.07
     230.2      28.09
     232.2      28.39
     234.2       29.5
     236.3      29.94
     238.3      29.81
     240.3       30.3
     242.3      29.76
     244.3      28.88
     246.3      29.33
     248.3      29.75
     250.3      28.63
     252.3      28.93
     254.4      29.63
     256.4       29.4
     258.4      28.57
     260.4      28.84
     262.4      29.99
     264.4      32.99
     266.4      31.17
     268.4      29.78
     270.4      33.48
     272.5      30.42
     274.5      29.05
     276.5      28.69
     278.5      29.03
     280.5      28.59
     282.5      28.79
     284.5      28.46
     286.5      28.11
     288.5      28.87
     290.5      30.75
     292.6      35.52
     294.6      35.52
     296.6      35.52
     298.6      35.52
     300.6       30.9
     302.6      29.21
     304.6      28.99
     306.6      27.59
     308.6      28.52
     310.7      30.85
     312.7      33.77
     314.7      27.92
     316.7      26.91
     318.7      27.52
     320.7      29.42
     322.7      28.11
     324.7      30.83
     326.7      35.52
     328.8      28.47
     330.8      27.24
     332.8      27.65
     334.8       27.1
     336.8      26.77
     338.8       26.4
     340.8      27.78
     342.8      35.52
     344.8      35.52
