     3.009  1.128e+09
     5.015  2.067e+08
     7.021  1.281e+08
     9.027  7.312e+07
     11.03  4.739e+07
     13.04  3.014e+07
     15.05  2.273e+07
     17.05  1.553e+07
     19.06  1.221e+07
     21.06  1.128e+07
     23.07  9.263e+06
     25.08  6.234e+06
     27.08  4.517e+06
     29.09  5.189e+06
     31.09  3.323e+06
      33.1  5.498e+06
     35.11  4.231e+06
     37.11  3.225e+06
     39.12  4.223e+06
     41.12  3.815e+06
     43.13  3.108e+06
     45.14  3.072e+06
     47.14  2.379e+06
     49.15  1.643e+06
     51.16  1.585e+06
     53.16  1.258e+06
     55.17   1.55e+06
     57.17  1.872e+06
     59.18  1.632e+06
     61.19  1.234e+06
     63.19   1.43e+06
      65.2  1.688e+06
      67.2  2.323e+06
     69.21  1.845e+06
     71.22  1.708e+06
     73.22  2.018e+06
     75.23   3.83e+06
     77.23  1.622e+06
     79.24  1.415e+06
     81.25  9.874e+05
     83.25  1.234e+06
     85.26  1.175e+06
     87.26  1.231e+06
     89.27  8.336e+05
     91.28   1.23e+06
     93.28  1.168e+06
     95.29  1.827e+06
     97.29  1.367e+06
      99.3  1.526e+06
     101.3   9.08e+05
     103.3  1.026e+06
     105.3  1.945e+06
     107.3  1.142e+06
     109.3  6.889e+05
     111.3  6.691e+05
     113.3  5.547e+05
     115.3  6.154e+05
     117.4  1.204e+06
     119.4  6.895e+05
     121.4  5.586e+05
     123.4   6.56e+05
     125.4  5.336e+05
     127.4  5.365e+05
     129.4   4.82e+05
     131.4  7.494e+05
     133.4  4.244e+05
     135.4  4.252e+05
     137.4  2.793e+05
     139.4  2.537e+05
     141.4  2.608e+05
     143.4  1.784e+05
     145.4  1.169e+05
     147.4  1.991e+05
     149.5  2.131e+05
     151.5  1.456e+05
     153.5  2.326e+05
     155.5  1.869e+05
     157.5  1.813e+05
     159.5  9.976e+04
     161.5  5.834e+04
     163.5  6.179e+04
     165.5  5.867e+04
     167.5  9.254e+04
     169.5  3.691e+04
     171.5  3.773e+04
     173.5  7.173e+04
     175.5  5.461e+04
     177.5  1.898e+04
     179.5  3.615e+04
     181.6          0
     183.6          0
     185.6          0
     187.6          0
     189.6  4.886e+04
     191.6  1.671e+04
     193.6  1.625e+04
     195.6  1.491e+04
     197.6          0
     199.6          0
     201.6          0
     203.6  1.491e+04
     205.6          0
     207.6          0
     209.6          0
     211.6          0
     213.6          0
     215.7          0
     217.7          0
     219.7          0
     221.7          0
     223.7          0
     225.7          0
     227.7          0
     229.7          0
     231.7          0
     233.7          0
     235.7          0
     237.7          0
     239.7          0
     241.7          0
     243.7          0
     245.7          0
     247.8          0
     249.8          0
     251.8          0
     253.8          0
     255.8          0
     257.8          0
     259.8          0
     261.8          0
     263.8          0
     265.8          0
     267.8          0
     269.8          0
     271.8          0
     273.8          0
     275.8          0
     277.8          0
     279.8          0
     281.9          0
     283.9          0
     285.9          0
     287.9          0
     289.9          0
     291.9          0
     293.9          0
     295.9          0
     297.9          0
     299.9          0
     301.9          0
     303.9          0
     305.9          0
     307.9          0
     309.9          0
     311.9          0
       314          0
       316          0
       318          0
       320          0
       322          0
       324          0
       326          0
       328          0
       330          0
       332          0
       334          0
       336          0
       338          0
       340          0
       342          0
