     1.003  3.263e-16
     3.009  3.811e-17
     5.015  1.541e-17
     7.021   9.23e-18
     9.027  6.186e-18
     11.03  4.532e-18
     13.04  3.811e-18
     15.05  2.752e-18
     17.05  1.945e-18
     19.06  2.065e-18
     21.06  1.721e-18
     23.07  1.308e-18
     25.08  9.239e-19
     27.08   8.01e-19
     29.09  7.831e-19
     31.09  8.009e-19
      33.1  6.764e-19
     35.11  6.433e-19
     37.11   6.89e-19
     39.12  6.934e-19
     41.12  5.554e-19
     43.13  4.877e-19
     45.14  4.455e-19
     47.14  3.934e-19
     49.15  3.208e-19
     51.16  2.553e-19
     53.16  2.504e-19
     55.17  3.447e-19
     57.17  2.484e-19
     59.18  2.318e-19
     61.19  2.098e-19
     63.19  2.222e-19
      65.2  4.082e-19
      67.2  3.651e-19
     69.21  3.909e-19
     71.22  3.153e-19
     73.22  4.584e-19
     75.23  4.218e-19
     77.23  2.282e-19
     79.24  2.007e-19
     81.25  1.691e-19
     83.25  1.728e-19
     85.26  1.838e-19
     87.26  1.705e-19
     89.27  1.907e-19
     91.28  2.197e-19
     93.28  2.441e-19
     95.29   3.11e-19
     97.29  1.989e-19
      99.3  2.204e-19
     101.3  1.554e-19
     103.3   2.27e-19
     105.3  2.501e-19
     107.3   1.54e-19
     109.3  9.722e-20
     111.3  1.127e-19
     113.3  1.274e-19
     115.3  1.327e-19
     117.4  1.671e-19
     119.4  1.017e-19
     121.4  1.181e-19
     123.4  1.127e-19
     125.4  1.124e-19
     127.4  1.082e-19
     129.4  1.236e-19
     131.4  8.965e-20
     133.4  7.693e-20
     135.4  6.619e-20
     137.4   4.48e-20
     139.4  4.425e-20
     141.4  3.694e-20
     143.4  2.683e-20
     145.4  2.412e-20
     147.4  3.349e-20
     149.5  3.243e-20
     151.5  3.549e-20
     153.5  3.438e-20
     155.5  2.885e-20
     157.5  2.208e-20
     159.5  1.767e-20
     161.5   1.15e-20
     163.5  1.543e-20
     165.5  1.539e-20
     167.5  8.407e-21
     169.5  8.238e-21
     171.5  1.024e-20
     173.5  5.993e-21
     175.5  6.616e-21
     177.5  4.956e-21
     179.5  2.785e-21
     181.6  2.284e-22
     183.6      1e-23
     185.6  3.005e-22
     187.6  3.647e-21
     189.6  3.547e-21
     191.6  2.565e-21
     193.6   2.18e-21
     195.6  1.113e-21
     197.6   7.54e-23
     199.6   7.81e-23
     201.6   1.25e-21
     203.6  7.309e-22
     205.6  1.449e-23
     207.6      1e-23
     209.6      1e-23
     211.6      1e-23
     213.6      1e-23
     215.7      1e-23
     217.7      1e-23
     219.7      1e-23
     221.7      1e-23
     223.7      1e-23
     225.7      1e-23
     227.7      1e-23
     229.7      1e-23
     231.7      1e-23
     233.7      1e-23
     235.7      1e-23
     237.7      1e-23
     239.7      1e-23
     241.7      1e-23
     243.7      1e-23
     245.7      1e-23
     247.8      1e-23
     249.8      1e-23
     251.8      1e-23
     253.8      1e-23
     255.8      1e-23
     257.8      1e-23
     259.8      1e-23
     261.8      1e-23
     263.8      1e-23
     265.8      1e-23
     267.8      1e-23
     269.8      1e-23
     271.8      1e-23
     273.8      1e-23
     275.8      1e-23
     277.8      1e-23
     279.8      1e-23
     281.9      1e-23
     283.9      1e-23
     285.9      1e-23
     287.9      1e-23
     289.9      1e-23
     291.9      1e-23
     293.9      1e-23
     295.9      1e-23
     297.9      1e-23
     299.9      1e-23
     301.9      1e-23
     303.9      1e-23
     305.9      1e-23
     307.9      1e-23
     309.9      1e-23
     311.9      1e-23
       314      1e-23
       316      1e-23
       318      1e-23
       320      1e-23
       322      1e-23
       324      1e-23
       326      1e-23
       328      1e-23
       330      1e-23
       332      1e-23
       334      1e-23
       336      1e-23
       338      1e-23
       340      1e-23
       342      1e-23
