     1.003  2.608e+10
     3.009  6.887e+10
     5.015  8.194e+10
     7.021  9.328e+10
     9.027  1.016e+11
     11.03  1.082e+11
     13.04  1.131e+11
     15.05  1.175e+11
     17.05  1.208e+11
     19.06  1.237e+11
     21.06  1.267e+11
     23.07  1.294e+11
     25.08  1.314e+11
     27.08  1.329e+11
     29.09  1.348e+11
     31.09  1.361e+11
      33.1  1.384e+11
     35.11  1.403e+11
     37.11  1.418e+11
     39.12  1.439e+11
     41.12  1.459e+11
     43.13  1.476e+11
     45.14  1.493e+11
     47.14  1.507e+11
     49.15  1.517e+11
     51.16  1.528e+11
     53.16  1.536e+11
     55.17  1.547e+11
     57.17   1.56e+11
     59.18  1.572e+11
     61.19  1.582e+11
     63.19  1.593e+11
      65.2  1.607e+11
      67.2  1.627e+11
     69.21  1.643e+11
     71.22  1.658e+11
     73.22  1.677e+11
     75.23  1.713e+11
     77.23  1.729e+11
     79.24  1.743e+11
     81.25  1.753e+11
     83.25  1.766e+11
     85.26  1.779e+11
     87.26  1.792e+11
     89.27  1.802e+11
     91.28  1.816e+11
     93.28   1.83e+11
     95.29  1.852e+11
     97.29  1.868e+11
      99.3  1.887e+11
     101.3  1.899e+11
     103.3  1.912e+11
     105.3  1.938e+11
     107.3  1.954e+11
     109.3  1.963e+11
     111.3  1.973e+11
     113.3   1.98e+11
     115.3  1.989e+11
     117.4  2.007e+11
     119.4  2.018e+11
     121.4  2.026e+11
     123.4  2.036e+11
     125.4  2.045e+11
     127.4  2.053e+11
     129.4  2.061e+11
     131.4  2.074e+11
     133.4  2.081e+11
     135.4  2.088e+11
     137.4  2.093e+11
     139.4  2.097e+11
     141.4  2.102e+11
     143.4  2.105e+11
     145.4  2.107e+11
     147.4  2.111e+11
     149.5  2.115e+11
     151.5  2.118e+11
     153.5  2.122e+11
     155.5  2.126e+11
     157.5   2.13e+11
     159.5  2.132e+11
     161.5  2.133e+11
     163.5  2.134e+11
     165.5  2.135e+11
     167.5  2.137e+11
     169.5  2.138e+11
     171.5  2.139e+11
     173.5   2.14e+11
     175.5  2.142e+11
     177.5  2.142e+11
     179.5  2.143e+11
     181.6  2.143e+11
     183.6  2.143e+11
     185.6  2.143e+11
     187.6  2.143e+11
     189.6  2.144e+11
     191.6  2.144e+11
     193.6  2.145e+11
     195.6  2.145e+11
     197.6  2.145e+11
     199.6  2.145e+11
     201.6  2.145e+11
     203.6  2.146e+11
     205.6  2.146e+11
     207.6  2.146e+11
     209.6  2.146e+11
     211.6  2.146e+11
     213.6  2.146e+11
     215.7  2.146e+11
     217.7  2.146e+11
     219.7  2.146e+11
     221.7  2.146e+11
     223.7  2.146e+11
     225.7  2.146e+11
     227.7  2.146e+11
     229.7  2.146e+11
     231.7  2.146e+11
     233.7  2.146e+11
     235.7  2.146e+11
     237.7  2.146e+11
     239.7  2.146e+11
     241.7  2.146e+11
     243.7  2.146e+11
     245.7  2.146e+11
     247.8  2.146e+11
     249.8  2.146e+11
     251.8  2.146e+11
     253.8  2.146e+11
     255.8  2.146e+11
     257.8  2.146e+11
     259.8  2.146e+11
     261.8  2.146e+11
     263.8  2.146e+11
     265.8  2.146e+11
     267.8  2.146e+11
     269.8  2.146e+11
     271.8  2.146e+11
     273.8  2.146e+11
     275.8  2.146e+11
     277.8  2.146e+11
     279.8  2.146e+11
     281.9  2.146e+11
     283.9  2.146e+11
     285.9  2.146e+11
     287.9  2.146e+11
     289.9  2.146e+11
     291.9  2.146e+11
     293.9  2.146e+11
     295.9  2.146e+11
     297.9  2.146e+11
     299.9  2.146e+11
     301.9  2.146e+11
     303.9  2.146e+11
     305.9  2.146e+11
     307.9  2.146e+11
     309.9  2.146e+11
     311.9  2.146e+11
       314  2.146e+11
       316  2.146e+11
       318  2.146e+11
       320  2.146e+11
       322  2.146e+11
       324  2.146e+11
       326  2.146e+11
       328  2.146e+11
       330  2.146e+11
       332  2.146e+11
       334  2.146e+11
       336  2.146e+11
       338  2.146e+11
       340  2.146e+11
       342  2.146e+11
