     1.003      16.73
     3.009      19.06
     5.015      20.05
     7.021       20.6
     9.027      21.04
     11.03      21.38
     13.04      21.56
     15.05      21.92
     17.05      22.29
     19.06      22.23
     21.06      22.43
     23.07      22.72
     25.08       23.1
     27.08      23.26
     29.09      23.28
     31.09      23.26
      33.1      23.44
     35.11       23.5
     37.11      23.42
     39.12      23.41
     41.12      23.65
     43.13       23.8
     45.14      23.89
     47.14      24.03
     49.15      24.25
     51.16       24.5
     53.16      24.52
     55.17      24.17
     57.17      24.53
     59.18       24.6
     61.19      24.71
     63.19      24.65
      65.2      23.99
      67.2      24.11
     69.21      24.04
     71.22      24.27
     73.22      23.86
     75.23      23.95
     77.23      24.62
     79.24      24.76
     81.25      24.95
     83.25      24.92
     85.26      24.86
     87.26      24.94
     89.27      24.82
     91.28      24.66
     93.28      24.55
     95.29      24.28
     97.29      24.77
      99.3      24.66
     101.3      25.04
     103.3      24.63
     105.3      24.52
     107.3      25.05
     109.3      25.55
     111.3      25.39
     113.3      25.25
     115.3      25.21
     117.4      24.96
     119.4       25.5
     121.4      25.34
     123.4      25.39
     125.4      25.39
     127.4      25.43
     129.4      25.29
     131.4      25.63
     133.4       25.8
     135.4      25.96
     137.4      26.39
     139.4       26.4
     141.4       26.6
     143.4      26.94
     145.4      27.06
     147.4       26.7
     149.5      26.74
     151.5      26.64
     153.5      26.68
     155.5      26.87
     157.5      27.16
     159.5       27.4
     161.5      27.86
     163.5      27.55
     165.5      27.55
     167.5       28.2
     169.5      28.23
     171.5      27.99
     173.5      28.57
     175.5      28.46
     177.5      28.78
     179.5       29.4
     181.6      32.12
     183.6      35.52
     185.6      31.82
     187.6      29.11
     189.6      29.14
     191.6      29.49
     193.6      29.67
     195.6       30.4
     197.6      33.32
     199.6      33.28
     201.6      30.27
     203.6      30.86
     205.6      35.11
     207.6      35.52
     209.6      35.52
     211.6      35.52
     213.6      35.52
     215.7      35.52
     217.7      35.52
     219.7      35.52
     221.7      35.52
     223.7      35.52
     225.7      35.52
     227.7      35.52
     229.7      35.52
     231.7      35.52
     233.7      35.52
     235.7      35.52
     237.7      35.52
     239.7      35.52
     241.7      35.52
     243.7      35.52
     245.7      35.52
     247.8      35.52
     249.8      35.52
     251.8      35.52
     253.8      35.52
     255.8      35.52
     257.8      35.52
     259.8      35.52
     261.8      35.52
     263.8      35.52
     265.8      35.52
     267.8      35.52
     269.8      35.52
     271.8      35.52
     273.8      35.52
     275.8      35.52
     277.8      35.52
     279.8      35.52
     281.9      35.52
     283.9      35.52
     285.9      35.52
     287.9      35.52
     289.9      35.52
     291.9      35.52
     293.9      35.52
     295.9      35.52
     297.9      35.52
     299.9      35.52
     301.9      35.52
     303.9      35.52
     305.9      35.52
     307.9      35.52
     309.9      35.52
     311.9      35.52
       314      35.52
       316      35.52
       318      35.52
       320      35.52
       322      35.52
       324      35.52
       326      35.52
       328      35.52
       330      35.52
       332      35.52
       334      35.52
       336      35.52
       338      35.52
       340      35.52
       342      35.52
