     15.96  2.378e-18
     17.87  2.076e-18
     19.79  1.882e-18
      21.7  1.676e-18
     23.62  1.527e-18
     25.53  1.318e-18
     27.45  1.201e-18
     29.36  1.128e-18
     31.28  1.042e-18
      33.2  9.176e-19
     35.11  8.372e-19
     37.03  7.758e-19
     38.94  7.532e-19
     40.86  6.946e-19
     42.77  6.495e-19
     44.69  5.755e-19
      46.6  5.503e-19
     48.52  5.253e-19
     50.43  4.975e-19
     52.35  4.614e-19
     54.26  4.327e-19
     56.18  4.179e-19
     58.09  4.123e-19
     60.01  4.148e-19
     61.93  3.665e-19
     63.84  3.677e-19
     65.76  3.527e-19
     67.67  3.193e-19
     69.59  2.823e-19
      71.5  2.741e-19
     73.42  2.627e-19
     75.33  2.482e-19
     77.25  2.478e-19
     79.16  2.389e-19
     81.08  2.267e-19
     82.99  2.221e-19
     84.91  2.178e-19
     86.82  2.013e-19
     88.74  1.951e-19
     90.66  1.884e-19
     92.57  1.806e-19
     94.49  1.739e-19
      96.4  1.681e-19
     98.32  1.641e-19
     100.2  1.543e-19
     102.1  1.501e-19
     104.1  1.463e-19
       106  1.417e-19
     107.9  1.392e-19
     109.8  1.377e-19
     111.7  1.319e-19
     113.6  1.292e-19
     115.6  1.269e-19
     117.5  1.243e-19
     119.4   1.21e-19
     121.3  1.134e-19
     123.2  1.125e-19
     125.1  1.116e-19
       127  1.135e-19
       129  1.089e-19
     130.9   1.08e-19
     132.8  1.088e-19
     134.7  1.041e-19
     136.6  1.005e-19
     138.5  1.017e-19
     140.5   9.88e-20
     142.4  9.841e-20
     144.3    9.7e-20
     146.2  1.126e-19
     148.1  9.784e-20
       150  8.903e-20
     151.9  8.887e-20
     153.9   9.42e-20
     155.8  8.026e-20
     157.7  7.897e-20
     159.6  7.961e-20
     161.5  7.883e-20
     163.4  7.491e-20
     165.4  7.559e-20
     167.3  7.824e-20
     169.2  7.654e-20
     171.1   7.04e-20
       173  6.956e-20
     174.9  6.926e-20
     176.8  6.542e-20
     178.8  6.384e-20
     180.7  6.427e-20
     182.6  6.283e-20
     184.5  6.006e-20
     186.4  5.812e-20
     188.3  5.739e-20
     190.3  5.699e-20
     192.2  5.575e-20
     194.1  5.526e-20
       196  5.323e-20
     197.9  5.196e-20
     199.8  5.253e-20
     201.7  5.659e-20
     203.7  5.442e-20
     205.6  5.346e-20
     207.5  5.229e-20
     209.4  5.006e-20
     211.3  4.913e-20
     213.2  4.947e-20
     215.2  4.688e-20
     217.1  4.676e-20
       219   4.94e-20
     220.9  4.924e-20
     222.8  5.003e-20
     224.7  5.018e-20
     226.6  5.022e-20
     228.6  5.101e-20
     230.5  4.683e-20
     232.4  4.564e-20
     234.3  4.576e-20
     236.2   4.45e-20
     238.1  4.311e-20
     240.1  4.362e-20
       242  4.406e-20
     243.9  4.321e-20
     245.8  4.245e-20
     247.7  4.446e-20
     249.6   4.38e-20
     251.5  4.562e-20
     253.5  3.798e-20
     255.4  4.042e-20
     257.3  3.847e-20
     259.2  3.764e-20
     261.1  3.488e-20
       263  3.367e-20
     264.9  3.332e-20
     266.9  3.147e-20
     268.8  3.204e-20
     270.7  3.151e-20
     272.6  2.995e-20
     274.5  2.952e-20
     276.4  2.945e-20
     278.4  2.817e-20
     280.3  2.995e-20
     282.2  3.009e-20
     284.1  2.936e-20
       286  2.708e-20
     287.9  2.741e-20
     289.8  2.804e-20
     291.8  2.688e-20
     293.7  2.558e-20
     295.6  2.447e-20
     297.5  2.361e-20
     299.4  2.375e-20
     301.3  2.354e-20
     303.3  2.341e-20
     305.2  2.184e-20
     307.1  2.256e-20
       309  2.369e-20
     310.9  2.346e-20
     312.8  2.255e-20
     314.7  2.318e-20
     316.7  2.372e-20
     318.6  2.428e-20
     320.5   2.31e-20
     322.4  2.372e-20
     324.3   2.33e-20
     326.2  2.317e-20
     328.2  2.102e-20
     330.1  2.056e-20
       332  2.075e-20
     333.9  1.952e-20
     335.8  1.928e-20
     337.7  1.816e-20
     339.6  1.955e-20
     341.6  2.012e-20
     343.5  2.252e-20
     345.4   2.07e-20
     347.3   1.96e-20
     349.2  1.936e-20
     351.1  1.493e-20
