     15.96      22.08
     17.87      22.22
     19.79      22.33
      21.7      22.46
     23.62      22.56
     25.53      22.72
     27.45      22.82
     29.36      22.88
     31.28      22.97
      33.2      23.11
     35.11      23.21
     37.03      23.29
     38.94      23.32
     40.86      23.41
     42.77      23.48
     44.69      23.62
      46.6      23.66
     48.52      23.72
     50.43      23.77
     52.35      23.86
     54.26      23.93
     56.18      23.96
     58.09      23.98
     60.01      23.97
     61.93      24.11
     63.84       24.1
     65.76      24.15
     67.67      24.26
     69.59      24.39
      71.5      24.42
     73.42      24.47
     75.33      24.53
     77.25      24.53
     79.16      24.57
     81.08      24.63
     82.99      24.65
     84.91      24.67
     86.82      24.76
     88.74      24.79
     90.66      24.83
     92.57      24.87
     94.49      24.92
      96.4      24.95
     98.32      24.98
     100.2      25.05
     102.1      25.08
     104.1       25.1
       106      25.14
     107.9      25.16
     109.8      25.17
     111.7      25.22
     113.6      25.24
     115.6      25.26
     117.5      25.28
     119.4      25.31
     121.3      25.38
     123.2      25.39
     125.1       25.4
       127      25.38
       129      25.42
     130.9      25.43
     132.8      25.43
     134.7      25.47
     136.6      25.51
     138.5       25.5
     140.5      25.53
     142.4      25.53
     144.3      25.55
     146.2      25.39
     148.1      25.54
       150      25.64
     151.9      25.64
     153.9      25.58
     155.8      25.75
     157.7      25.77
     159.6      25.76
     161.5      25.77
     163.4      25.83
     165.4      25.82
     167.3      25.78
     169.2      25.81
     171.1       25.9
       173      25.91
     174.9      25.91
     176.8      25.98
     178.8         26
     180.7         26
     182.6      26.02
     184.5      26.07
     186.4      26.11
     188.3      26.12
     190.3      26.13
     192.2      26.15
     194.1      26.16
       196       26.2
     197.9      26.23
     199.8      26.22
     201.7      26.13
     203.7      26.18
     205.6       26.2
     207.5      26.22
     209.4      26.27
     211.3      26.29
     213.2      26.28
     215.2      26.34
     217.1      26.34
       219      26.28
     220.9      26.29
     222.8      26.27
     224.7      26.26
     226.6      26.26
     228.6      26.25
     230.5      26.34
     232.4      26.37
     234.3      26.37
     236.2       26.4
     238.1      26.43
     240.1      26.42
       242      26.41
     243.9      26.43
     245.8      26.45
     247.7       26.4
     249.6      26.41
     251.5      26.37
     253.5      26.57
     255.4       26.5
     257.3      26.55
     259.2      26.58
     261.1      26.66
       263       26.7
     264.9      26.71
     266.9      26.77
     268.8      26.75
     270.7      26.77
     272.6      26.83
     274.5      26.84
     276.4      26.84
     278.4      26.89
     280.3      26.83
     282.2      26.82
     284.1      26.85
       286      26.93
     287.9      26.92
     289.8       26.9
     291.8      26.94
     293.7         27
     295.6      27.04
     297.5      27.08
     299.4      27.08
     301.3      27.09
     303.3      27.09
     305.2      27.17
     307.1      27.13
       309      27.08
     310.9      27.09
     312.8      27.13
     314.7       27.1
     316.7      27.08
     318.6      27.05
     320.5      27.11
     322.4      27.08
     324.3       27.1
     326.2       27.1
     328.2      27.21
     330.1      27.23
       332      27.22
     333.9      27.29
     335.8       27.3
     337.7      27.37
     339.6      27.29
     341.6      27.26
     343.5      27.13
     345.4      27.23
     347.3      27.29
     349.2       27.3
     351.1      27.58
