     3.005  8.864e+08
     5.008  2.033e+08
     7.011  1.049e+08
     9.014  7.129e+07
     11.02  5.774e+07
     13.02  3.784e+07
     15.02   3.07e+07
     17.03  2.335e+07
     19.03  1.456e+07
     21.03  1.228e+07
     23.04  9.639e+06
     25.04  8.965e+06
     27.04  8.283e+06
     29.04  6.952e+06
     31.05  5.152e+06
     33.05  4.744e+06
     35.05  4.852e+06
     37.06  3.994e+06
     39.06  3.766e+06
     41.06  3.678e+06
     43.07  3.342e+06
     45.07  2.839e+06
     47.07  2.739e+06
     49.08   3.44e+06
     51.08  3.903e+06
     53.08  3.492e+06
     55.08  3.212e+06
     57.09  2.704e+06
     59.09  2.198e+06
     61.09  2.161e+06
      63.1  2.415e+06
      65.1  1.798e+06
      67.1  1.556e+06
     69.11  1.993e+06
     71.11  2.647e+06
     73.11   3.02e+06
     75.12  2.015e+06
     77.12  1.563e+06
     79.12  1.811e+06
     81.12  9.911e+05
     83.13  1.081e+06
     85.13  9.903e+05
     87.13  9.997e+05
     89.14  7.203e+05
     91.14  5.276e+05
     93.14  3.425e+05
     95.15  1.007e+05
     97.15  6.452e+04
     99.15  9.373e+04
     101.2          0
     103.2          0
     105.2  3.175e+04
     107.2  2.803e+04
     109.2          0
     111.2   2.93e+04
     113.2          0
     115.2          0
     117.2          0
     119.2          0
     121.2          0
     123.2          0
     125.2          0
     127.2          0
     129.2  2.557e+04
     131.2          0
     133.2  2.431e+04
     135.2          0
     137.2  2.389e+04
     139.2          0
     141.2          0
     143.2          0
     145.2  2.119e+04
     147.2          0
     149.2   2.14e+04
     151.2          0
     153.2          0
     155.2          0
     157.2          0
     159.2  2.027e+04
     161.2          0
     163.3          0
     165.3          0
     167.3          0
     169.3          0
     171.3          0
     173.3          0
     175.3          0
     177.3          0
     179.3          0
     181.3          0
     183.3          0
     185.3          0
     187.3          0
     189.3          0
     191.3          0
     193.3          0
     195.3          0
     197.3          0
     199.3          0
     201.3          0
     203.3          0
     205.3          0
     207.3          0
     209.3          0
     211.3          0
     213.3          0
     215.3          0
     217.3          0
     219.3          0
     221.3          0
     223.3          0
     225.3          0
     227.3          0
     229.4          0
     231.4          0
     233.4          0
     235.4          0
     237.4          0
     239.4          0
     241.4          0
     243.4          0
     245.4          0
     247.4          0
     249.4          0
     251.4          0
     253.4          0
     255.4          0
     257.4          0
     259.4          0
     261.4          0
     263.4          0
     265.4          0
     267.4          0
     269.4          0
     271.4          0
     273.4          0
     275.4          0
     277.4          0
     279.4          0
     281.4          0
     283.4          0
     285.4          0
     287.4          0
     289.4          0
     291.4          0
     293.5          0
     295.5          0
     297.5          0
     299.5          0
     301.5          0
     303.5          0
     305.5          0
     307.5          0
     309.5          0
     311.5          0
     313.5          0
     315.5          0
     317.5          0
