     1.002  9.908e-16
     3.005  4.887e-17
     5.008  2.537e-17
     7.011  1.127e-17
     9.014  6.835e-18
     11.02  4.725e-18
     13.02  4.086e-18
     15.02  3.712e-18
     17.03  2.682e-18
     19.03  1.878e-18
     21.03  1.487e-18
     23.04  1.575e-18
     25.04  1.563e-18
     27.04  1.315e-18
     29.04  9.495e-19
     31.05  7.054e-19
     33.05  8.492e-19
     35.05  6.881e-19
     37.06  6.438e-19
     39.06  6.576e-19
     41.06  5.899e-19
     43.07  3.605e-19
     45.07  4.146e-19
     47.07  4.164e-19
     49.08  5.066e-19
     51.08  5.182e-19
     53.08  5.662e-19
     55.08  5.288e-19
     57.09  4.289e-19
     59.09  4.142e-19
     61.09  3.743e-19
      63.1  3.097e-19
      65.1  3.117e-19
      67.1  3.401e-19
     69.11  4.096e-19
     71.11   5.54e-19
     73.11   4.33e-19
     75.12  3.336e-19
     77.12   3.14e-19
     79.12  2.613e-19
     81.12  1.649e-19
     83.13  1.506e-19
     85.13  1.409e-19
     87.13  1.116e-19
     89.14  8.164e-20
     91.14  5.702e-20
     93.14  3.335e-20
     95.15  1.232e-20
     97.15  9.707e-21
     99.15  7.607e-21
     101.2   1.16e-21
     103.2  3.689e-21
     105.2  5.625e-21
     107.2  2.342e-21
     109.2   4.59e-21
     111.2  1.314e-21
     113.2      1e-23
     115.2      1e-23
     117.2      1e-23
     119.2      1e-23
     121.2      1e-23
     123.2      1e-23
     125.2  1.916e-22
     127.2   4.97e-21
     129.2  1.798e-21
     131.2   3.22e-21
     133.2  2.132e-21
     135.2  2.355e-21
     137.2  3.395e-21
     139.2  3.936e-22
     141.2  2.831e-22
     143.2  2.603e-21
     145.2   3.38e-22
     147.2  1.895e-21
     149.2  2.734e-21
     151.2  4.577e-23
     153.2      1e-23
     155.2  9.986e-24
     157.2  1.448e-21
     159.2  1.788e-21
     161.2  6.759e-22
     163.3      1e-23
     165.3      1e-23
     167.3      1e-23
     169.3      1e-23
     171.3      1e-23
     173.3      1e-23
     175.3      1e-23
     177.3      1e-23
     179.3      1e-23
     181.3      1e-23
     183.3      1e-23
     185.3      1e-23
     187.3      1e-23
     189.3      1e-23
     191.3      1e-23
     193.3      1e-23
     195.3      1e-23
     197.3      1e-23
     199.3      1e-23
     201.3      1e-23
     203.3      1e-23
     205.3      1e-23
     207.3      1e-23
     209.3      1e-23
     211.3      1e-23
     213.3      1e-23
     215.3      1e-23
     217.3      1e-23
     219.3      1e-23
     221.3      1e-23
     223.3      1e-23
     225.3      1e-23
     227.3      1e-23
     229.4      1e-23
     231.4      1e-23
     233.4      1e-23
     235.4      1e-23
     237.4      1e-23
     239.4      1e-23
     241.4      1e-23
     243.4      1e-23
     245.4      1e-23
     247.4      1e-23
     249.4      1e-23
     251.4      1e-23
     253.4      1e-23
     255.4      1e-23
     257.4      1e-23
     259.4      1e-23
     261.4      1e-23
     263.4      1e-23
     265.4      1e-23
     267.4      1e-23
     269.4      1e-23
     271.4      1e-23
     273.4      1e-23
     275.4      1e-23
     277.4      1e-23
     279.4      1e-23
     281.4      1e-23
     283.4      1e-23
     285.4      1e-23
     287.4      1e-23
     289.4      1e-23
     291.4      1e-23
     293.5      1e-23
     295.5      1e-23
     297.5      1e-23
     299.5      1e-23
     301.5      1e-23
     303.5      1e-23
     305.5      1e-23
     307.5      1e-23
     309.5      1e-23
     311.5      1e-23
     313.5      1e-23
     315.5      1e-23
     317.5      1e-23
