     1.002  2.532e+10
     3.005  5.884e+10
     5.008  7.165e+10
     7.011   8.09e+10
     9.014  8.899e+10
     11.02    9.7e+10
     13.02  1.032e+11
     15.02   1.09e+11
     17.03   1.14e+11
     19.03  1.175e+11
     21.03  1.207e+11
     23.04  1.235e+11
     25.04  1.264e+11
     27.04  1.292e+11
     29.04  1.317e+11
     31.05  1.337e+11
     33.05  1.357e+11
     35.05  1.379e+11
     37.06  1.397e+11
     39.06  1.416e+11
     41.06  1.435e+11
     43.07  1.453e+11
     45.07  1.469e+11
     47.07  1.485e+11
     49.08  1.506e+11
     51.08  1.531e+11
     53.08  1.555e+11
     55.08  1.577e+11
     57.09  1.596e+11
     59.09  1.613e+11
     61.09  1.629e+11
      63.1  1.649e+11
      65.1  1.663e+11
      67.1  1.676e+11
     69.11  1.694e+11
     71.11  1.717e+11
     73.11  1.745e+11
     75.12  1.764e+11
     77.12   1.78e+11
     79.12  1.798e+11
     81.12  1.808e+11
     83.13  1.819e+11
     85.13   1.83e+11
     87.13  1.841e+11
     89.14  1.849e+11
     91.14  1.855e+11
     93.14  1.859e+11
     95.15   1.86e+11
     97.15  1.861e+11
     99.15  1.862e+11
     101.2  1.862e+11
     103.2  1.862e+11
     105.2  1.862e+11
     107.2  1.863e+11
     109.2  1.863e+11
     111.2  1.863e+11
     113.2  1.863e+11
     115.2  1.863e+11
     117.2  1.863e+11
     119.2  1.863e+11
     121.2  1.863e+11
     123.2  1.863e+11
     125.2  1.863e+11
     127.2  1.863e+11
     129.2  1.863e+11
     131.2  1.863e+11
     133.2  1.864e+11
     135.2  1.864e+11
     137.2  1.864e+11
     139.2  1.864e+11
     141.2  1.864e+11
     143.2  1.864e+11
     145.2  1.865e+11
     147.2  1.865e+11
     149.2  1.865e+11
     151.2  1.865e+11
     153.2  1.865e+11
     155.2  1.865e+11
     157.2  1.865e+11
     159.2  1.865e+11
     161.2  1.865e+11
     163.3  1.865e+11
     165.3  1.865e+11
     167.3  1.865e+11
     169.3  1.865e+11
     171.3  1.865e+11
     173.3  1.865e+11
     175.3  1.865e+11
     177.3  1.865e+11
     179.3  1.865e+11
     181.3  1.865e+11
     183.3  1.865e+11
     185.3  1.865e+11
     187.3  1.865e+11
     189.3  1.865e+11
     191.3  1.865e+11
     193.3  1.865e+11
     195.3  1.865e+11
     197.3  1.865e+11
     199.3  1.865e+11
     201.3  1.865e+11
     203.3  1.865e+11
     205.3  1.865e+11
     207.3  1.865e+11
     209.3  1.865e+11
     211.3  1.865e+11
     213.3  1.865e+11
     215.3  1.865e+11
     217.3  1.865e+11
     219.3  1.865e+11
     221.3  1.865e+11
     223.3  1.865e+11
     225.3  1.865e+11
     227.3  1.865e+11
     229.4  1.865e+11
     231.4  1.865e+11
     233.4  1.865e+11
     235.4  1.865e+11
     237.4  1.865e+11
     239.4  1.865e+11
     241.4  1.865e+11
     243.4  1.865e+11
     245.4  1.865e+11
     247.4  1.865e+11
     249.4  1.865e+11
     251.4  1.865e+11
     253.4  1.865e+11
     255.4  1.865e+11
     257.4  1.865e+11
     259.4  1.865e+11
     261.4  1.865e+11
     263.4  1.865e+11
     265.4  1.865e+11
     267.4  1.865e+11
     269.4  1.865e+11
     271.4  1.865e+11
     273.4  1.865e+11
     275.4  1.865e+11
     277.4  1.865e+11
     279.4  1.865e+11
     281.4  1.865e+11
     283.4  1.865e+11
     285.4  1.865e+11
     287.4  1.865e+11
     289.4  1.865e+11
     291.4  1.865e+11
     293.5  1.865e+11
     295.5  1.865e+11
     297.5  1.865e+11
     299.5  1.865e+11
     301.5  1.865e+11
     303.5  1.865e+11
     305.5  1.865e+11
     307.5  1.865e+11
     309.5  1.865e+11
     311.5  1.865e+11
     313.5  1.865e+11
     315.5  1.865e+11
     317.5  1.865e+11
