     1.002      15.53
     3.005      18.79
     5.008      19.51
     7.011      20.39
     9.014      20.93
     11.02      21.33
     13.02      21.49
     15.02      21.59
     17.03      21.95
     19.03      22.33
     21.03      22.59
     23.04      22.52
     25.04      22.53
     27.04      22.72
     29.04      23.07
     31.05      23.39
     33.05      23.19
     35.05      23.42
     37.06      23.49
     39.06      23.47
     41.06      23.59
     43.07      24.12
     45.07      23.97
     47.07      23.97
     49.08      23.75
     51.08      23.73
     53.08      23.63
     55.08      23.71
     57.09      23.94
     59.09      23.97
     61.09      24.08
      63.1      24.29
      65.1      24.28
      67.1      24.19
     69.11      23.99
     71.11      23.66
     73.11      23.92
     75.12      24.21
     77.12      24.27
     79.12      24.47
     81.12      24.97
     83.13      25.07
     85.13      25.14
     87.13       25.4
     89.14      25.74
     91.14      26.13
     93.14      26.71
     95.15      27.79
     97.15      28.05
     99.15      28.31
     101.2      30.36
     103.2       29.1
     105.2      28.64
     107.2      29.59
     109.2      28.86
     111.2      30.22
     113.2      35.52
     115.2      35.52
     117.2      35.52
     119.2      35.52
     121.2      35.52
     123.2      35.52
     125.2      32.31
     127.2      28.78
     129.2      29.88
     131.2      29.25
     133.2      29.69
     135.2      29.59
     137.2      29.19
     139.2      31.53
     141.2      31.89
     143.2      29.48
     145.2      31.69
     147.2      29.82
     149.2      29.42
     151.2      33.86
     153.2      35.52
     155.2      35.52
     157.2      30.11
     159.2      29.89
     161.2      30.94
     163.3      35.52
     165.3      35.52
     167.3      35.52
     169.3      35.52
     171.3      35.52
     173.3      35.52
     175.3      35.52
     177.3      35.52
     179.3      35.52
     181.3      35.52
     183.3      35.52
     185.3      35.52
     187.3      35.52
     189.3      35.52
     191.3      35.52
     193.3      35.52
     195.3      35.52
     197.3      35.52
     199.3      35.52
     201.3      35.52
     203.3      35.52
     205.3      35.52
     207.3      35.52
     209.3      35.52
     211.3      35.52
     213.3      35.52
     215.3      35.52
     217.3      35.52
     219.3      35.52
     221.3      35.52
     223.3      35.52
     225.3      35.52
     227.3      35.52
     229.4      35.52
     231.4      35.52
     233.4      35.52
     235.4      35.52
     237.4      35.52
     239.4      35.52
     241.4      35.52
     243.4      35.52
     245.4      35.52
     247.4      35.52
     249.4      35.52
     251.4      35.52
     253.4      35.52
     255.4      35.52
     257.4      35.52
     259.4      35.52
     261.4      35.52
     263.4      35.52
     265.4      35.52
     267.4      35.52
     269.4      35.52
     271.4      35.52
     273.4      35.52
     275.4      35.52
     277.4      35.52
     279.4      35.52
     281.4      35.52
     283.4      35.52
     285.4      35.52
     287.4      35.52
     289.4      35.52
     291.4      35.52
     293.5      35.52
     295.5      35.52
     297.5      35.52
     299.5      35.52
     301.5      35.52
     303.5      35.52
     305.5      35.52
     307.5      35.52
     309.5      35.52
     311.5      35.52
     313.5      35.52
     315.5      35.52
     317.5      35.52
