     8.944  5.324e-18
     16.83  3.273e-18
     24.72  2.083e-18
     32.61  1.647e-18
      40.5  1.136e-18
     48.39  7.766e-19
     56.28  5.956e-19
     64.16  5.007e-19
     72.05  3.437e-19
     79.94  2.971e-19
     87.83  2.557e-19
     95.72  2.181e-19
     103.6  2.053e-19
     111.5   1.77e-19
     119.4  1.731e-19
     127.3  1.581e-19
     135.2  1.251e-19
       143  1.058e-19
     150.9  9.026e-20
     158.8  8.461e-20
     166.7  7.203e-20
     174.6  7.123e-20
     182.5  6.258e-20
     190.4  5.624e-20
     198.3  5.091e-20
     206.2  5.107e-20
       214  5.859e-20
     221.9  4.077e-20
     229.8  3.464e-20
     237.7   3.08e-20
     245.6  2.834e-20
     253.5  3.007e-20
     261.4  3.134e-20
     269.3  2.405e-20
     277.2  2.486e-20
       285  1.992e-20
     292.9   1.94e-20
     300.8  1.813e-20
     308.7  1.544e-20
     316.6  1.498e-20
     324.5  1.233e-20
     332.4  1.294e-20
     340.3   1.46e-20
     348.2  1.272e-20
