     8.944       21.2
     16.83      21.73
     24.72      22.22
     32.61      22.47
      40.5      22.88
     48.39      23.29
     56.28      23.58
     64.16      23.77
     72.05      24.18
     79.94      24.33
     87.83       24.5
     95.72      24.67
     103.6      24.74
     111.5       24.9
     119.4      24.92
     127.3      25.02
     135.2      25.27
       143      25.45
     150.9      25.63
     158.8       25.7
     166.7      25.87
     174.6      25.88
     182.5      26.03
     190.4      26.14
     198.3      26.25
     206.2      26.25
       214       26.1
     221.9      26.49
     229.8      26.67
     237.7      26.79
     245.6      26.89
     253.5      26.82
     261.4      26.78
     269.3      27.06
     277.2      27.03
       285      27.27
     292.9       27.3
     300.8      27.37
     308.7      27.54
     316.6      27.58
     324.5      27.79
     332.4      27.74
     340.3      27.61
     348.2      27.75
