     3.001  9.566e+08
     5.001  3.463e+08
     7.001  1.606e+08
     9.002  6.764e+07
        11  4.408e+07
        13  4.419e+07
        15  2.862e+07
        17  3.388e+07
        19  2.546e+07
        21  2.099e+07
        23  1.558e+07
        25  1.168e+07
     27.01  1.079e+07
     29.01  1.228e+07
     31.01  1.208e+07
     33.01  1.199e+07
     35.01  8.718e+06
     37.01  8.831e+06
     39.01  5.299e+06
     41.01  3.365e+06
     43.01  2.331e+06
     45.01  2.309e+06
     47.01  3.062e+06
     49.01  1.501e+06
     51.01   1.17e+06
     53.01  5.894e+05
     55.01  1.692e+05
     57.01   5.05e+05
     59.01  1.606e+05
     61.01  1.519e+05
     63.01  1.015e+05
     65.01  9.588e+04
     67.01  1.829e+05
     69.01  3.124e+05
     71.01  1.301e+05
     73.01  2.545e+05
     75.01  3.981e+04
     77.02  1.646e+05
     79.02          0
     81.02  1.506e+05
     83.02   3.83e+04
     85.02  1.083e+05
     87.02   6.96e+04
     89.02  3.352e+04
     91.02  3.292e+04
     93.02  1.785e+05
     95.02          0
     97.02  7.741e+04
     99.02  2.336e+05
       101  1.311e+05
       103  3.589e+04
       105  5.552e+04
       107   8.09e+04
       109  1.027e+05
       111   3.25e+04
       113  5.737e+04
       115   6.13e+04
       117   5.89e+04
       119  5.542e+04
       121  4.975e+04
       123   2.57e+04
       125          0
       127  9.749e+04
       129          0
       131  9.916e+04
       133  2.445e+04
       135  2.305e+04
       137  7.246e+04
       139  6.841e+04
       141  4.482e+04
       143  1.513e+05
       145  6.416e+04
       147  6.063e+04
       149  8.232e+04
       151  1.214e+05
       153  1.023e+05
       155  8.188e+04
       157          0
       159  1.879e+04
       161  1.861e+04
       163   1.84e+04
       165          0
       167  1.888e+04
       169          0
       171          0
       173          0
       175          0
       177          0
       179          0
       181  1.643e+04
       183          0
       185          0
       187          0
       189          0
       191          0
       193          0
       195          0
       197          0
       199          0
       201          0
       203          0
       205          0
       207          0
       209          0
       211          0
       213  1.583e+04
       215          0
       217          0
       219          0
       221          0
       223          0
       225          0
       227          0
       229          0
       231          0
       233          0
       235          0
       237          0
       239          0
       241          0
       243          0
       245   1.21e+04
       247          0
       249          0
       251          0
       253          0
     255.1          0
     257.1          0
     259.1          0
     261.1          0
     263.1          0
     265.1          0
     267.1          0
     269.1          0
     271.1          0
     273.1          0
     275.1          0
     277.1          0
     279.1          0
     281.1          0
     283.1          0
     285.1          0
     287.1          0
     289.1          0
     291.1          0
     293.1          0
     295.1          0
     297.1          0
     299.1          0
     301.1          0
     303.1          0
     305.1          0
     307.1          0
     309.1          0
     311.1          0
     313.1          0
     315.1          0
     317.1          0
     319.1          0
     321.1          0
     323.1          0
     325.1          0
     327.1          0
     329.1          0
     331.1          0
     333.1          0
     335.1          0
     337.1          0
     339.1          0
     341.1          0
     343.1          0
     345.1          0
