         1  2.303e-15
     3.001  2.553e-16
     5.001  1.248e-16
     7.001  3.624e-17
     9.002  2.291e-17
        11  1.542e-17
        13  1.325e-17
        15  9.138e-18
        17  1.181e-17
        19  7.548e-18
        21   6.05e-18
        23  3.913e-18
        25  2.948e-18
     27.01    2.7e-18
     29.01  2.456e-18
     31.01  2.764e-18
     33.01  2.415e-18
     35.01  2.984e-18
     37.01   2.57e-18
     39.01  1.208e-18
     41.01  6.804e-19
     43.01  4.856e-19
     45.01  4.128e-19
     47.01  4.758e-19
     49.01  2.907e-19
     51.01  1.624e-19
     53.01  9.166e-20
     55.01  6.211e-20
     57.01   7.68e-20
     59.01  3.078e-20
     61.01  2.746e-20
     63.01  1.931e-20
     65.01  2.353e-20
     67.01  4.288e-20
     69.01  3.678e-20
     71.01  3.453e-20
     73.01  1.776e-20
     75.01  1.264e-20
     77.02  8.439e-21
     79.02  6.651e-21
     81.02  1.369e-20
     83.02   1.36e-20
     85.02  1.546e-20
     87.02  6.859e-21
     89.02  4.148e-21
     91.02  1.207e-20
     93.02  1.356e-20
     95.02  6.029e-21
     97.02  3.365e-20
     99.02  6.586e-20
       101  2.729e-20
       103  1.774e-20
       105  6.364e-21
       107  2.265e-20
       109  2.999e-20
       111  2.708e-20
       113  2.246e-20
       115   2.43e-20
       117   1.96e-20
       119  1.241e-20
       121  4.362e-21
       123  3.388e-21
       125  9.239e-21
       127  7.349e-21
       129  1.585e-20
       131  1.225e-20
       133  2.843e-21
       135  8.999e-21
       137  1.198e-20
       139  7.911e-21
       141  1.179e-20
       143  1.645e-20
       145  1.072e-20
       147  7.571e-21
       149  1.217e-20
       151   1.68e-20
       153  1.658e-20
       155  7.882e-21
       157  2.267e-21
       159  1.277e-21
       161  3.397e-21
       163   4.97e-22
       165  1.544e-21
       167  2.186e-21
       169  2.171e-22
       171  1.021e-23
       173      1e-23
       175      1e-23
       177  3.402e-23
       179  8.947e-22
       181  9.391e-22
       183  3.887e-23
       185      1e-23
       187      1e-23
       189      1e-23
       191      1e-23
       193      1e-23
       195      1e-23
       197      1e-23
       199      1e-23
       201      1e-23
       203      1e-23
       205      1e-23
       207      1e-23
       209  2.683e-23
       211  2.263e-21
       213  1.333e-21
       215  1.934e-22
       217      1e-23
       219      1e-23
       221      1e-23
       223      1e-23
       225      1e-23
       227      1e-23
       229      1e-23
       231      1e-23
       233      1e-23
       235      1e-23
       237      1e-23
       239      1e-23
       241      1e-23
       243  2.219e-22
       245  1.122e-21
       247      1e-23
       249      1e-23
       251      1e-23
       253      1e-23
     255.1      1e-23
     257.1      1e-23
     259.1      1e-23
     261.1      1e-23
     263.1      1e-23
     265.1      1e-23
     267.1      1e-23
     269.1      1e-23
     271.1      1e-23
     273.1      1e-23
     275.1      1e-23
     277.1      1e-23
     279.1      1e-23
     281.1      1e-23
     283.1      1e-23
     285.1      1e-23
     287.1      1e-23
     289.1      1e-23
     291.1      1e-23
     293.1      1e-23
     295.1      1e-23
     297.1      1e-23
     299.1      1e-23
     301.1      1e-23
     303.1      1e-23
     305.1      1e-23
     307.1      1e-23
     309.1      1e-23
     311.1      1e-23
     313.1      1e-23
     315.1      1e-23
     317.1      1e-23
     319.1      1e-23
     321.1      1e-23
     323.1      1e-23
     325.1      1e-23
     327.1      1e-23
     329.1      1e-23
     331.1      1e-23
     333.1      1e-23
     335.1      1e-23
     337.1      1e-23
     339.1      1e-23
     341.1      1e-23
     343.1      1e-23
     345.1      1e-23
