         1  1.737e+10
     3.001  5.345e+10
     5.001  7.522e+10
     7.001  8.935e+10
     9.002    9.7e+10
        11  1.031e+11
        13  1.103e+11
        15  1.157e+11
        17   1.23e+11
        19   1.29e+11
        21  1.346e+11
        23  1.391e+11
        25  1.428e+11
     27.01  1.464e+11
     29.01  1.509e+11
     31.01  1.556e+11
     33.01  1.606e+11
     35.01  1.644e+11
     37.01  1.685e+11
     39.01  1.711e+11
     41.01  1.729e+11
     43.01  1.741e+11
     45.01  1.754e+11
     47.01  1.772e+11
     49.01  1.782e+11
     51.01  1.789e+11
     53.01  1.793e+11
     55.01  1.794e+11
     57.01  1.798e+11
     59.01  1.799e+11
     61.01    1.8e+11
     63.01  1.801e+11
     65.01  1.802e+11
     67.01  1.803e+11
     69.01  1.806e+11
     71.01  1.807e+11
     73.01  1.809e+11
     75.01   1.81e+11
     77.02  1.811e+11
     79.02  1.811e+11
     81.02  1.813e+11
     83.02  1.813e+11
     85.02  1.814e+11
     87.02  1.815e+11
     89.02  1.816e+11
     91.02  1.816e+11
     93.02  1.818e+11
     95.02  1.818e+11
     97.02  1.819e+11
     99.02  1.822e+11
       101  1.824e+11
       103  1.824e+11
       105  1.825e+11
       107  1.826e+11
       109  1.827e+11
       111  1.828e+11
       113  1.829e+11
       115  1.829e+11
       117   1.83e+11
       119  1.831e+11
       121  1.832e+11
       123  1.832e+11
       125  1.832e+11
       127  1.834e+11
       129  1.834e+11
       131  1.835e+11
       133  1.836e+11
       135  1.836e+11
       137  1.838e+11
       139  1.839e+11
       141   1.84e+11
       143  1.842e+11
       145  1.843e+11
       147  1.845e+11
       149  1.846e+11
       151  1.848e+11
       153   1.85e+11
       155  1.852e+11
       157  1.852e+11
       159  1.852e+11
       161  1.853e+11
       163  1.853e+11
       165  1.853e+11
       167  1.853e+11
       169  1.853e+11
       171  1.853e+11
       173  1.853e+11
       175  1.853e+11
       177  1.853e+11
       179  1.853e+11
       181  1.854e+11
       183  1.854e+11
       185  1.854e+11
       187  1.854e+11
       189  1.854e+11
       191  1.854e+11
       193  1.854e+11
       195  1.854e+11
       197  1.854e+11
       199  1.854e+11
       201  1.854e+11
       203  1.854e+11
       205  1.854e+11
       207  1.854e+11
       209  1.854e+11
       211  1.854e+11
       213  1.854e+11
       215  1.854e+11
       217  1.854e+11
       219  1.854e+11
       221  1.854e+11
       223  1.854e+11
       225  1.854e+11
       227  1.854e+11
       229  1.854e+11
       231  1.854e+11
       233  1.854e+11
       235  1.854e+11
       237  1.854e+11
       239  1.854e+11
       241  1.854e+11
       243  1.854e+11
       245  1.855e+11
       247  1.855e+11
       249  1.855e+11
       251  1.855e+11
       253  1.855e+11
     255.1  1.855e+11
     257.1  1.855e+11
     259.1  1.855e+11
     261.1  1.855e+11
     263.1  1.855e+11
     265.1  1.855e+11
     267.1  1.855e+11
     269.1  1.855e+11
     271.1  1.855e+11
     273.1  1.855e+11
     275.1  1.855e+11
     277.1  1.855e+11
     279.1  1.855e+11
     281.1  1.855e+11
     283.1  1.855e+11
     285.1  1.855e+11
     287.1  1.855e+11
     289.1  1.855e+11
     291.1  1.855e+11
     293.1  1.855e+11
     295.1  1.855e+11
     297.1  1.855e+11
     299.1  1.855e+11
     301.1  1.855e+11
     303.1  1.855e+11
     305.1  1.855e+11
     307.1  1.855e+11
     309.1  1.855e+11
     311.1  1.855e+11
     313.1  1.855e+11
     315.1  1.855e+11
     317.1  1.855e+11
     319.1  1.855e+11
     321.1  1.855e+11
     323.1  1.855e+11
     325.1  1.855e+11
     327.1  1.855e+11
     329.1  1.855e+11
     331.1  1.855e+11
     333.1  1.855e+11
     335.1  1.855e+11
     337.1  1.855e+11
     339.1  1.855e+11
     341.1  1.855e+11
     343.1  1.855e+11
     345.1  1.855e+11
