         1      14.61
     3.001         17
     5.001      17.78
     7.001      19.12
     9.002      19.62
        11      20.05
        13      20.21
        15      20.61
        17      20.34
        19      20.82
        21      21.06
        23      21.53
        25      21.84
     27.01      21.94
     29.01      22.04
     31.01      21.91
     33.01      22.06
     35.01      21.83
     37.01      21.99
     39.01      22.81
     41.01      23.43
     43.01       23.8
     45.01      23.98
     47.01      23.82
     49.01      24.36
     51.01      24.99
     53.01      25.61
     55.01      26.03
     57.01       25.8
     59.01       26.8
     61.01      26.92
     63.01       27.3
     65.01      27.09
     67.01      26.44
     69.01       26.6
     71.01      26.67
     73.01      27.39
     75.01      27.76
     77.02       28.2
     79.02      28.46
     81.02      27.67
     83.02      27.68
     85.02      27.54
     87.02      28.43
     89.02      28.97
     91.02      27.81
     93.02      27.69
     95.02      28.57
     97.02       26.7
     99.02      25.97
       101      26.93
       103      27.39
       105      28.51
       107      27.13
       109      26.82
       111      26.93
       113      27.14
       115      27.05
       117      27.29
       119      27.78
       121      28.92
       123      29.19
       125       28.1
       127      28.35
       129      27.52
       131       27.8
       133      29.38
       135      28.13
       137      27.82
       139      28.27
       141      27.84
       143      27.48
       145      27.94
       147      28.32
       149       27.8
       151      27.45
       153      27.47
       155      28.27
       157      29.63
       159      30.25
       161      29.19
       163      31.28
       165      30.04
       167      29.67
       169      32.17
       171      35.49
       173      35.52
       175      35.52
       177      34.19
       179      30.64
       181      30.58
       183      34.04
       185      35.52
       187      35.52
       189      35.52
       191      35.52
       193      35.52
       195      35.52
       197      35.52
       199      35.52
       201      35.52
       203      35.52
       205      35.52
       207      35.52
       209      34.44
       211      29.63
       213       30.2
       215       32.3
       217      35.52
       219      35.52
       221      35.52
       223      35.52
       225      35.52
       227      35.52
       229      35.52
       231      35.52
       233      35.52
       235      35.52
       237      35.52
       239      35.52
       241      35.52
       243      32.15
       245      30.39
       247      35.52
       249      35.52
       251      35.52
       253      35.52
     255.1      35.52
     257.1      35.52
     259.1      35.52
     261.1      35.52
     263.1      35.52
     265.1      35.52
     267.1      35.52
     269.1      35.52
     271.1      35.52
     273.1      35.52
     275.1      35.52
     277.1      35.52
     279.1      35.52
     281.1      35.52
     283.1      35.52
     285.1      35.52
     287.1      35.52
     289.1      35.52
     291.1      35.52
     293.1      35.52
     295.1      35.52
     297.1      35.52
     299.1      35.52
     301.1      35.52
     303.1      35.52
     305.1      35.52
     307.1      35.52
     309.1      35.52
     311.1      35.52
     313.1      35.52
     315.1      35.52
     317.1      35.52
     319.1      35.52
     321.1      35.52
     323.1      35.52
     325.1      35.52
     327.1      35.52
     329.1      35.52
     331.1      35.52
     333.1      35.52
     335.1      35.52
     337.1      35.52
     339.1      35.52
     341.1      35.52
     343.1      35.52
     345.1      35.52
