     2.001  4.263e-17
     6.003  1.149e-17
        10  7.335e-18
     14.01  5.085e-18
     18.01  3.771e-18
     22.01  3.081e-18
     26.01  2.398e-18
     30.01   1.92e-18
     34.01  1.615e-18
     38.02  1.441e-18
     42.02  1.352e-18
     46.02  1.206e-18
     50.02  1.026e-18
     54.02  9.678e-19
     58.03  8.764e-19
     62.03  8.334e-19
     66.03  8.035e-19
     70.03  6.527e-19
     74.03  6.028e-19
     78.03  5.508e-19
     82.04  4.817e-19
     86.04  4.328e-19
     90.04  3.879e-19
     94.04  3.596e-19
     98.04  3.548e-19
       102  3.231e-19
       106  3.257e-19
       110  3.006e-19
       114  2.977e-19
     118.1  2.516e-19
     122.1  2.485e-19
     126.1  2.403e-19
     130.1  2.226e-19
     134.1   2.21e-19
     138.1  2.357e-19
     142.1  2.138e-19
     146.1  1.913e-19
     150.1  1.866e-19
     154.1  1.749e-19
     158.1  1.693e-19
     162.1  1.751e-19
     166.1  1.714e-19
     170.1  1.845e-19
     174.1  1.971e-19
     178.1  1.537e-19
     182.1   1.32e-19
     186.1  1.329e-19
     190.1  1.695e-19
     194.1  1.312e-19
     198.1  1.024e-19
     202.1  9.462e-20
     206.1  1.021e-19
     210.1  9.679e-20
     214.1  1.107e-19
     218.1  9.815e-20
     222.1   9.22e-20
     226.1  1.035e-19
     230.1  1.114e-19
     234.1  7.493e-20
     238.1    7.5e-20
     242.1   8.98e-20
     246.1  9.999e-20
     250.1  7.626e-20
     254.1  7.266e-20
     258.1  7.708e-20
     262.1  7.207e-20
     266.1  7.862e-20
     270.1  8.519e-20
     274.1  8.088e-20
     278.1  7.177e-20
     282.1  8.271e-20
     286.1  8.503e-20
     290.1  6.305e-20
     294.1  5.813e-20
     298.1    5.2e-20
     302.1  5.662e-20
     306.1  7.556e-20
     310.1  8.862e-20
     314.1  9.235e-20
     318.1  1.096e-19
     322.1  5.281e-20
     326.1  3.928e-20
     330.1  4.195e-20
     334.1  3.403e-20
     338.1  3.222e-20
     342.1  3.834e-20
     346.2  2.886e-20
     350.2  2.564e-20
