     2.001  1.733e+10
     6.003  7.318e+10
        10  1.236e+11
     14.01  1.661e+11
     18.01  2.063e+11
     22.01  2.451e+11
     26.01  2.821e+11
     30.01  3.193e+11
     34.01  3.538e+11
     38.02  3.877e+11
     42.02  4.217e+11
     46.02  4.559e+11
     50.02   4.89e+11
     54.02  5.234e+11
     58.03  5.564e+11
     62.03  5.883e+11
     66.03    6.2e+11
     70.03  6.501e+11
     74.03  6.785e+11
     78.03  7.066e+11
     82.04  7.327e+11
     86.04  7.561e+11
     90.04  7.782e+11
     94.04  7.992e+11
     98.04  8.191e+11
       102  8.394e+11
       106  8.597e+11
       110  8.808e+11
       114  8.999e+11
     118.1  9.171e+11
     122.1  9.344e+11
     126.1  9.515e+11
     130.1  9.685e+11
     134.1  9.848e+11
     138.1  1.002e+12
     142.1   1.02e+12
     146.1  1.037e+12
     150.1  1.054e+12
     154.1   1.07e+12
     158.1  1.085e+12
     162.1  1.101e+12
     166.1  1.118e+12
     170.1  1.134e+12
     174.1   1.15e+12
     178.1  1.164e+12
     182.1  1.177e+12
     186.1   1.19e+12
     190.1  1.201e+12
     194.1  1.213e+12
     198.1  1.224e+12
     202.1  1.234e+12
     206.1  1.243e+12
     210.1  1.252e+12
     214.1  1.261e+12
     218.1  1.269e+12
     222.1  1.278e+12
     226.1  1.287e+12
     230.1  1.296e+12
     234.1  1.304e+12
     238.1  1.313e+12
     242.1  1.321e+12
     246.1  1.329e+12
     250.1  1.337e+12
     254.1  1.344e+12
     258.1   1.35e+12
     262.1  1.355e+12
     266.1   1.36e+12
     270.1  1.365e+12
     274.1  1.369e+12
     278.1  1.373e+12
     282.1  1.377e+12
     286.1  1.381e+12
     290.1  1.384e+12
     294.1  1.387e+12
     298.1  1.389e+12
     302.1  1.391e+12
     306.1  1.393e+12
     310.1  1.396e+12
     314.1  1.397e+12
     318.1  1.398e+12
     322.1    1.4e+12
     326.1    1.4e+12
     330.1  1.401e+12
     334.1  1.402e+12
     338.1  1.402e+12
     342.1  1.403e+12
     346.2  1.403e+12
     350.2  1.403e+12
