     2.001      18.94
     6.003      20.36
        10      20.85
     14.01      21.25
     18.01      21.57
     22.01      21.79
     26.01      22.07
     30.01      22.31
     34.01       22.5
     38.02      22.62
     42.02      22.69
     46.02      22.81
     50.02      22.99
     54.02      23.05
     58.03      23.16
     62.03      23.21
     66.03      23.25
     70.03      23.48
     74.03      23.57
     78.03      23.66
     82.04      23.81
     86.04      23.93
     90.04      24.04
     94.04      24.13
     98.04      24.14
       102      24.24
       106      24.23
       110      24.32
       114      24.33
     118.1      24.51
     122.1      24.53
     126.1      24.56
     130.1      24.65
     134.1      24.66
     138.1      24.59
     142.1      24.69
     146.1      24.81
     150.1      24.84
     154.1      24.91
     158.1      24.94
     162.1      24.91
     166.1      24.93
     170.1      24.85
     174.1      24.78
     178.1      25.05
     182.1      25.21
     186.1      25.21
     190.1      24.94
     194.1      25.22
     198.1      25.49
     202.1      25.58
     206.1      25.49
     210.1      25.55
     214.1      25.41
     218.1      25.54
     222.1       25.6
     226.1      25.48
     230.1       25.4
     234.1      25.83
     238.1      25.83
     242.1      25.63
     246.1      25.52
     250.1      25.81
     254.1      25.86
     258.1       25.8
     262.1      25.87
     266.1      25.78
     270.1      25.69
     274.1      25.75
     278.1      25.88
     282.1      25.72
     286.1      25.69
     290.1      26.02
     294.1      26.11
     298.1      26.23
     302.1      26.13
     306.1      25.82
     310.1      25.65
     314.1       25.6
     318.1      25.42
     322.1      26.21
     326.1      26.53
     330.1      26.46
     334.1      26.69
     338.1      26.75
     342.1      26.56
     346.2      26.87
     350.2      26.99
