     3.001  7.767e+08
     5.002  2.947e+08
     7.002  2.077e+08
     9.003  1.712e+08
        11  1.433e+08
        13  1.075e+08
     15.01  8.035e+07
     17.01  5.356e+07
     19.01  4.566e+07
     21.01   2.69e+07
     23.01  2.137e+07
     25.01  1.368e+07
     27.01   1.34e+07
     29.01  1.188e+07
     31.01  1.118e+07
     33.01  9.912e+06
     35.01  8.562e+06
     37.01  7.909e+06
     39.01  6.406e+06
     41.01  5.555e+06
     43.02  4.206e+06
     45.02  4.691e+06
     47.02  4.411e+06
     49.02  4.046e+06
     51.02  4.003e+06
     53.02  2.546e+06
     55.02  2.248e+06
     57.02  2.038e+06
     59.02  1.627e+06
     61.02  1.096e+06
     63.02  1.305e+06
     65.02  1.419e+06
     67.02  9.661e+05
     69.02  1.336e+06
     71.03  1.251e+06
     73.03    1.1e+06
     75.03  9.655e+05
     77.03  1.435e+06
     79.03  1.394e+06
     81.03  1.141e+06
     83.03  1.499e+06
     85.03  1.308e+06
     87.03  8.581e+05
     89.03  8.801e+05
     91.03   1.25e+06
     93.03   1.38e+06
     95.03  1.482e+06
     97.03  1.155e+06
     99.04  8.715e+05
       101  1.264e+06
       103  1.339e+06
       105  1.186e+06
       107   1.17e+06
       109  1.042e+06
       111  9.412e+05
       113  7.883e+05
       115   8.84e+05
       117  8.705e+05
       119  9.835e+05
       121  9.615e+05
       123  7.293e+05
       125  6.626e+05
       127  1.073e+06
       129  7.281e+05
       131  5.005e+05
       133  5.105e+05
       135  5.357e+05
       137  6.899e+05
       139  6.705e+05
     141.1  8.957e+05
     143.1    8.9e+05
     145.1   7.72e+05
     147.1  1.165e+06
     149.1  1.636e+06
     151.1   1.57e+06
     153.1  1.116e+06
     155.1   9.87e+05
     157.1  9.764e+05
     159.1  1.264e+06
     161.1   9.15e+05
     163.1  9.866e+05
     165.1   6.83e+05
     167.1  6.698e+05
     169.1   6.75e+05
     171.1  4.777e+05
     173.1  4.103e+05
     175.1  3.004e+05
     177.1  2.506e+05
     179.1  2.777e+05
     181.1  1.173e+05
     183.1  2.044e+05
     185.1  1.263e+05
     187.1  1.348e+05
     189.1   1.64e+05
     191.1  3.185e+04
     193.1  1.587e+04
     195.1   3.02e+04
     197.1  1.384e+05
     199.1  6.249e+04
     201.1   7.62e+04
     203.1   1.23e+05
     205.1  8.803e+04
     207.1  1.508e+05
     209.1  1.448e+05
     211.1  1.139e+05
     213.1  8.401e+04
     215.1  6.998e+04
     217.1  1.642e+05
     219.1  1.667e+05
     221.1  1.074e+05
     223.1  2.653e+04
     225.1  8.058e+04
     227.1  6.831e+04
     229.1  1.278e+04
     231.1  3.089e+04
     233.1  9.001e+04
     235.1  1.237e+04
     237.1  1.254e+04
     239.1  2.496e+04
     241.1          0
     243.1  1.247e+04
     245.1  4.932e+04
     247.1  1.356e+04
     249.1          0
     251.1  3.624e+04
     253.1  1.485e+04
     255.1  1.166e+04
     257.1   1.17e+04
     259.1  2.295e+04
     261.1  2.317e+04
     263.1  1.157e+04
     265.1          0
     267.1          0
     269.1   1.22e+04
     271.1          0
     273.1          0
     275.1  2.202e+04
     277.1  1.076e+04
     279.1  1.079e+04
     281.1   2.17e+04
     283.1          0
     285.1  2.094e+04
     287.1  2.069e+04
     289.1  1.274e+04
     291.1          0
     293.1          0
     295.1          0
     297.1          0
     299.1          0
     301.1          0
     303.1          0
     305.1       9915
     307.1  1.022e+04
     309.1  1.149e+04
     311.1          0
     313.1          0
     315.1          0
     317.1  1.006e+04
     319.1  2.961e+04
     321.1          0
     323.1          0
     325.1       8992
     327.1          0
     329.1          0
     331.1          0
     333.1       9326
     335.1       9318
     337.1       9192
     339.1       9373
     341.1          0
     343.1          0
     345.1          0
     347.1          0
     349.1          0
     351.1          0
