         1  2.119e-16
     3.001  5.519e-17
     5.002  3.172e-17
     7.002  2.616e-17
     9.003  2.019e-17
        11  1.511e-17
        13  1.007e-17
     15.01  7.896e-18
     17.01  6.061e-18
     19.01    5.7e-18
     21.01  3.832e-18
     23.01  3.528e-18
     25.01  2.807e-18
     27.01  2.873e-18
     29.01  2.489e-18
     31.01   2.45e-18
     33.01  2.164e-18
     35.01   1.79e-18
     37.01  1.512e-18
     39.01  1.181e-18
     41.01   8.74e-19
     43.02  1.049e-18
     45.02  1.031e-18
     47.02  8.658e-19
     49.02  8.321e-19
     51.02  5.963e-19
     53.02   4.67e-19
     55.02  4.353e-19
     57.02  3.614e-19
     59.02  2.779e-19
     61.02  2.221e-19
     63.02  2.442e-19
     65.02  2.146e-19
     67.02  2.356e-19
     69.02  2.963e-19
     71.03  2.164e-19
     73.03  2.261e-19
     75.03  2.449e-19
     77.03  2.624e-19
     79.03  2.672e-19
     81.03  2.734e-19
     83.03  2.252e-19
     85.03  2.323e-19
     87.03  1.926e-19
     89.03  2.321e-19
     91.03  2.484e-19
     93.03  2.563e-19
     95.03  2.604e-19
     97.03  1.652e-19
     99.04  1.752e-19
       101  2.538e-19
       103  3.046e-19
       105  2.473e-19
       107  2.005e-19
       109  2.025e-19
       111  1.638e-19
       113  1.596e-19
       115  2.091e-19
       117  2.232e-19
       119  2.407e-19
       121  2.279e-19
       123  1.877e-19
       125  1.933e-19
       127  1.736e-19
       129  1.465e-19
       131  1.231e-19
       133  9.397e-20
       135  1.157e-19
       137  1.374e-19
       139  1.509e-19
     141.1  1.547e-19
     143.1  1.231e-19
     145.1  1.797e-19
     147.1  2.128e-19
     149.1  2.923e-19
     151.1  2.129e-19
     153.1  1.743e-19
     155.1  1.499e-19
     157.1  1.871e-19
     159.1   1.85e-19
     161.1  1.558e-19
     163.1  1.298e-19
     165.1  1.209e-19
     167.1  1.228e-19
     169.1   8.87e-20
     171.1  7.959e-20
     173.1  5.496e-20
     175.1  4.402e-20
     177.1  4.087e-20
     179.1  3.372e-20
     181.1  2.528e-20
     183.1  2.881e-20
     185.1  3.053e-20
     187.1  2.586e-20
     189.1  1.691e-20
     191.1  3.467e-21
     193.1  4.028e-21
     195.1   9.56e-21
     197.1  1.611e-20
     199.1   1.36e-20
     201.1  1.223e-20
     203.1  1.577e-20
     205.1   1.68e-20
     207.1  2.193e-20
     209.1  1.651e-20
     211.1  9.789e-21
     213.1  1.187e-20
     215.1  1.834e-20
     217.1  2.133e-20
     219.1  1.675e-20
     221.1  7.703e-21
     223.1  7.729e-21
     225.1  1.047e-20
     227.1  4.181e-21
     229.1  5.667e-21
     231.1  8.564e-21
     233.1  6.873e-21
     235.1  1.578e-21
     237.1  2.037e-21
     239.1  1.368e-21
     241.1  7.089e-22
     243.1  3.456e-21
     245.1  4.352e-21
     247.1  2.049e-21
     249.1  2.627e-21
     251.1  5.392e-21
     253.1  3.109e-21
     255.1   1.15e-21
     257.1  3.386e-21
     259.1  5.381e-21
     261.1  4.311e-21
     263.1  4.696e-22
     265.1  1.194e-22
     267.1  8.839e-22
     269.1  1.449e-21
     271.1  4.974e-23
     273.1  1.991e-21
     275.1  4.397e-21
     277.1  4.426e-21
     279.1  5.173e-21
     281.1  4.976e-21
     283.1  4.067e-21
     285.1  5.782e-21
     287.1  6.876e-21
     289.1  4.805e-21
     291.1  9.735e-23
     293.1      1e-23
     295.1      1e-23
     297.1      1e-23
     299.1  1.401e-23
     301.1  6.375e-22
     303.1  2.691e-21
     305.1   7.78e-21
     307.1  1.029e-20
     309.1  5.651e-21
     311.1  2.229e-23
     313.1  1.874e-21
     315.1  8.719e-21
     317.1  2.784e-20
     319.1  1.099e-20
     321.1  3.285e-21
     323.1  3.636e-21
     325.1  2.702e-21
     327.1  3.343e-22
     329.1  4.649e-21
     331.1  1.235e-20
     333.1  1.548e-20
     335.1  1.472e-20
     337.1  2.646e-20
     339.1  1.636e-20
     341.1  5.758e-21
     343.1  2.622e-23
     345.1      1e-23
     347.1      1e-23
     349.1      1e-23
     351.1      1e-23
