         1  1.197e+10
     3.001  4.128e+10
     5.002  5.981e+10
     7.002  7.809e+10
     9.003  9.747e+10
        11  1.173e+11
        13  1.349e+11
     15.01    1.5e+11
     17.01  1.615e+11
     19.01  1.724e+11
     21.01  1.795e+11
     23.01  1.857e+11
     25.01    1.9e+11
     27.01  1.945e+11
     29.01  1.988e+11
     31.01  2.032e+11
     33.01  2.073e+11
     35.01  2.111e+11
     37.01  2.148e+11
     39.01  2.179e+11
     41.01  2.208e+11
     43.02   2.23e+11
     45.02  2.257e+11
     47.02  2.283e+11
     49.02  2.308e+11
     51.02  2.334e+11
     53.02  2.351e+11
     55.02  2.366e+11
     57.02  2.381e+11
     59.02  2.393e+11
     61.02  2.401e+11
     63.02  2.412e+11
     65.02  2.423e+11
     67.02  2.431e+11
     69.02  2.443e+11
     71.03  2.454e+11
     73.03  2.464e+11
     75.03  2.473e+11
     77.03  2.487e+11
     79.03  2.501e+11
     81.03  2.513e+11
     83.03  2.528e+11
     85.03  2.542e+11
     87.03  2.552e+11
     89.03  2.562e+11
     91.03  2.576e+11
     93.03  2.592e+11
     95.03   2.61e+11
     97.03  2.624e+11
     99.04  2.635e+11
       101  2.651e+11
       103  2.668e+11
       105  2.684e+11
       107  2.699e+11
       109  2.714e+11
       111  2.727e+11
       113  2.738e+11
       115  2.751e+11
       117  2.764e+11
       119  2.778e+11
       121  2.793e+11
       123  2.804e+11
       125  2.815e+11
       127  2.832e+11
       129  2.844e+11
       131  2.852e+11
       133   2.86e+11
       135   2.87e+11
       137  2.881e+11
       139  2.893e+11
     141.1  2.909e+11
     143.1  2.925e+11
     145.1  2.939e+11
     147.1  2.961e+11
     149.1  2.991e+11
     151.1  3.021e+11
     153.1  3.043e+11
     155.1  3.062e+11
     157.1  3.081e+11
     159.1  3.106e+11
     161.1  3.125e+11
     163.1  3.145e+11
     165.1  3.159e+11
     167.1  3.173e+11
     169.1  3.188e+11
     171.1  3.198e+11
     173.1  3.207e+11
     175.1  3.214e+11
     177.1  3.219e+11
     179.1  3.225e+11
     181.1  3.228e+11
     183.1  3.233e+11
     185.1  3.236e+11
     187.1  3.239e+11
     189.1  3.243e+11
     191.1  3.243e+11
     193.1  3.244e+11
     195.1  3.245e+11
     197.1  3.248e+11
     199.1   3.25e+11
     201.1  3.252e+11
     203.1  3.255e+11
     205.1  3.257e+11
     207.1  3.261e+11
     209.1  3.265e+11
     211.1  3.268e+11
     213.1   3.27e+11
     215.1  3.272e+11
     217.1  3.276e+11
     219.1  3.281e+11
     221.1  3.284e+11
     223.1  3.285e+11
     225.1  3.287e+11
     227.1  3.289e+11
     229.1  3.289e+11
     231.1   3.29e+11
     233.1  3.293e+11
     235.1  3.293e+11
     237.1  3.294e+11
     239.1  3.294e+11
     241.1  3.294e+11
     243.1  3.295e+11
     245.1  3.296e+11
     247.1  3.297e+11
     249.1  3.297e+11
     251.1  3.298e+11
     253.1  3.298e+11
     255.1  3.299e+11
     257.1  3.299e+11
     259.1    3.3e+11
     261.1    3.3e+11
     263.1  3.301e+11
     265.1  3.301e+11
     267.1  3.301e+11
     269.1  3.301e+11
     271.1  3.301e+11
     273.1  3.301e+11
     275.1  3.302e+11
     277.1  3.302e+11
     279.1  3.303e+11
     281.1  3.304e+11
     283.1  3.304e+11
     285.1  3.304e+11
     287.1  3.305e+11
     289.1  3.305e+11
     291.1  3.305e+11
     293.1  3.305e+11
     295.1  3.305e+11
     297.1  3.305e+11
     299.1  3.305e+11
     301.1  3.305e+11
     303.1  3.305e+11
     305.1  3.306e+11
     307.1  3.306e+11
     309.1  3.307e+11
     311.1  3.307e+11
     313.1  3.307e+11
     315.1  3.307e+11
     317.1  3.307e+11
     319.1  3.308e+11
     321.1  3.308e+11
     323.1  3.308e+11
     325.1  3.309e+11
     327.1  3.309e+11
     329.1  3.309e+11
     331.1  3.309e+11
     333.1  3.309e+11
     335.1  3.309e+11
     337.1   3.31e+11
     339.1   3.31e+11
     341.1   3.31e+11
     343.1   3.31e+11
     345.1   3.31e+11
     347.1   3.31e+11
     349.1   3.31e+11
     351.1   3.31e+11
