         1       17.2
     3.001      18.66
     5.002      19.26
     7.002      19.47
     9.003      19.75
        11      20.07
        13      20.51
     15.01      20.77
     17.01      21.06
     19.01      21.13
     21.01      21.56
     23.01      21.65
     25.01       21.9
     27.01      21.87
     29.01      22.03
     31.01      22.04
     33.01      22.18
     35.01      22.38
     37.01      22.57
     39.01      22.84
     41.01      23.16
     43.02      22.96
     45.02      22.98
     47.02      23.17
     49.02      23.22
     51.02      23.58
     53.02      23.84
     55.02      23.92
     57.02      24.12
     59.02      24.41
     61.02      24.65
     63.02      24.55
     65.02      24.69
     67.02      24.59
     69.02      24.34
     71.03      24.68
     73.03      24.63
     75.03      24.54
     77.03      24.47
     79.03      24.45
     81.03      24.42
     83.03      24.63
     85.03       24.6
     87.03       24.8
     89.03       24.6
     91.03      24.53
     93.03      24.49
     95.03      24.48
     97.03      24.97
     99.04      24.91
       101       24.5
       103      24.31
       105      24.53
       107      24.76
       109      24.75
       111      24.98
       113      25.01
       115      24.72
       117      24.64
       119      24.56
       121      24.62
       123      24.83
       125       24.8
       127      24.92
       129       25.1
       131      25.29
       133      25.58
       135      25.36
       137      25.17
       139      25.07
     141.1      25.04
     143.1      25.29
     145.1      24.88
     147.1       24.7
     149.1      24.35
     151.1       24.7
     153.1      24.91
     155.1      25.08
     157.1      24.84
     159.1      24.85
     161.1      25.04
     163.1      25.23
     165.1      25.31
     167.1      25.29
     169.1      25.65
     171.1      25.76
     173.1      26.17
     175.1      26.41
     177.1      26.49
     179.1       26.7
     181.1      27.01
     183.1      26.87
     185.1       26.8
     187.1      26.98
     189.1      27.45
     191.1      29.17
     193.1         29
     195.1      28.06
     197.1       27.5
     199.1      27.68
     201.1       27.8
     203.1      27.52
     205.1      27.45
     207.1      27.16
     209.1      27.47
     211.1      28.04
     213.1      27.83
     215.1      27.36
     217.1      27.19
     219.1      27.46
     221.1       28.3
     223.1       28.3
     225.1      27.97
     227.1      28.96
     229.1      28.63
     231.1      28.18
     233.1      28.42
     235.1      30.02
     237.1      29.74
     239.1      30.18
     241.1      30.89
     243.1      29.17
     245.1      28.92
     247.1      29.74
     249.1      29.47
     251.1      28.69
     253.1      29.28
     255.1      30.36
     257.1      29.19
     259.1      28.69
     261.1      28.93
     263.1      31.34
     265.1      32.82
     267.1      30.65
     269.1      30.11
     271.1      33.77
     273.1      29.77
     275.1      28.91
     277.1       28.9
     279.1      28.73
     281.1      28.77
     283.1      28.99
     285.1      28.61
     287.1      28.42
     289.1      28.81
     291.1      33.05
     293.1      35.52
     295.1      35.52
     297.1      35.52
     299.1      35.15
     301.1      31.01
     303.1      29.44
     305.1      28.29
     307.1      27.99
     309.1      28.64
     311.1      34.65
     313.1      29.83
     315.1      28.16
     317.1       26.9
     319.1      27.91
     321.1      29.22
     323.1      29.11
     325.1      29.44
     327.1      31.71
     329.1      28.85
     331.1      27.79
     333.1      27.54
     335.1       27.6
     337.1      26.96
     339.1      27.48
     341.1      28.62
     343.1      34.47
     345.1      35.52
     347.1      35.52
     349.1      35.52
     351.1      35.52
