     3.014  1.983e+09
     5.023  4.874e+08
     7.032  2.586e+08
     9.042  1.775e+08
     11.05  1.243e+08
     13.06  7.385e+07
     15.07  5.997e+07
     17.08  5.059e+07
     19.09  3.519e+07
      21.1  2.758e+07
     23.11  2.192e+07
     25.12  1.802e+07
     27.12  1.713e+07
     29.13  1.769e+07
     31.14  1.389e+07
     33.15   1.51e+07
     35.16  1.543e+07
     37.17  1.215e+07
     39.18  1.174e+07
     41.19  1.109e+07
      43.2  1.058e+07
     45.21  9.436e+06
     47.22  5.976e+06
     49.23  4.598e+06
     51.24  4.486e+06
     53.25  3.604e+06
     55.25  3.308e+06
     57.26  2.381e+06
     59.27  2.903e+06
     61.28  3.494e+06
     63.29  2.176e+06
      65.3  1.732e+06
     67.31  2.151e+06
     69.32  1.593e+06
     71.33  1.092e+06
     73.34  1.409e+06
     75.35  1.063e+06
     77.36  1.414e+06
     79.37    9.7e+05
     81.37  1.963e+06
     83.38  1.577e+06
     85.39    1.6e+06
      87.4  1.083e+06
     89.41  9.426e+05
     91.42  1.096e+06
     93.43  7.428e+05
     95.44  5.444e+05
     97.45  8.312e+05
     99.46  8.049e+05
     101.5  9.619e+05
     103.5  1.349e+06
     105.5   1.89e+06
     107.5  1.341e+06
     109.5  1.098e+06
     111.5  1.171e+06
     113.5  1.606e+06
     115.5  9.676e+05
     117.5  9.757e+05
     119.6  6.845e+05
     121.6  4.084e+05
     123.6  4.063e+05
     125.6  2.561e+05
     127.6  3.179e+05
     129.6  1.689e+05
     131.6  9.954e+04
     133.6  6.979e+04
     135.6  2.246e+05
     137.6  1.599e+05
     139.6  2.007e+05
     141.7  4.931e+04
     143.7  1.658e+05
     145.7  1.975e+05
     147.7  2.942e+05
     149.7   8.49e+04
     151.7  4.112e+04
     153.7  8.093e+04
     155.7  7.931e+04
     157.7   7.83e+04
     159.7  7.923e+04
     161.7  7.707e+04
     163.8  1.776e+04
     165.8  3.697e+04
     167.8  9.242e+04
     169.8  3.619e+04
     171.8  5.258e+04
     173.8  1.058e+05
     175.8   9.03e+04
     177.8  1.336e+05
     179.8  8.431e+04
     181.8  8.174e+04
     183.8  8.424e+04
     185.9          0
     187.9  7.863e+04
     189.9  9.616e+04
     191.9          0
     193.9          0
     195.9          0
     197.9   3.13e+04
     199.9  3.128e+04
     201.9  4.597e+04
     203.9  1.537e+04
     205.9  4.339e+04
       208  4.397e+04
       210  1.427e+04
       212  2.827e+04
       214  2.778e+04
       216  4.269e+04
       218  2.836e+04
       220  8.133e+04
       222  2.658e+04
       224  2.676e+04
       226  6.561e+04
       228  6.543e+04
     230.1  6.508e+04
     232.1  5.133e+04
     234.1   3.85e+04
     236.1  3.855e+04
     238.1  2.569e+04
     240.1  3.741e+04
     242.1  2.508e+04
     244.1  1.216e+04
     246.1  3.824e+04
     248.1  4.851e+04
     250.2  2.373e+04
     252.2  2.425e+04
     254.2  1.262e+04
     256.2  1.191e+04
     258.2          0
     260.2  2.261e+04
     262.2  2.303e+04
     264.2  2.253e+04
     266.2   4.48e+04
     268.2    1.1e+04
     270.2  2.318e+04
     272.3          0
     274.3  1.144e+04
     276.3  3.269e+04
     278.3          0
     280.3          0
     282.3          0
     284.3  1.081e+04
     286.3          0
     288.3          0
     290.3          0
     292.3          0
     294.4          0
     296.4          0
     298.4          0
     300.4          0
     302.4          0
     304.4          0
     306.4          0
     308.4          0
     310.4          0
     312.4          0
     314.4          0
     316.5          0
     318.5          0
     320.5          0
     322.5          0
     324.5          0
     326.5          0
     328.5          0
     330.5          0
     332.5          0
     334.5          0
     336.5          0
     338.6          0
     340.6          0
     342.6          0
     344.6          0
     346.6          0
     348.6          0
     350.6          0
