     1.005  4.454e-16
     3.014  9.233e-17
     5.023  3.752e-17
     7.032  2.304e-17
     9.042  1.657e-17
     11.05  1.088e-17
     13.06  7.887e-18
     15.07  6.823e-18
     17.08  5.108e-18
     19.09  4.116e-18
      21.1  3.122e-18
     23.11  3.012e-18
     25.12   2.66e-18
     27.12  2.831e-18
     29.13  2.582e-18
     31.14  2.612e-18
     33.15   2.75e-18
     35.16  2.584e-18
     37.17  2.492e-18
     39.18  2.291e-18
     41.19  2.271e-18
      43.2  1.775e-18
     45.21  1.622e-18
     47.22  1.036e-18
     49.23  9.328e-19
     51.24  8.667e-19
     53.25  7.885e-19
     55.25  8.839e-19
     57.26  6.253e-19
     59.27  6.932e-19
     61.28  5.108e-19
     63.29    3.9e-19
      65.3  3.374e-19
     67.31  3.038e-19
     69.32  2.313e-19
     71.33  2.031e-19
     73.34  1.784e-19
     75.35  1.654e-19
     77.36  1.757e-19
     79.37  2.277e-19
     81.37   2.71e-19
     83.38  2.357e-19
     85.39  1.987e-19
      87.4  1.749e-19
     89.41  1.636e-19
     91.42  1.462e-19
     93.43  1.142e-19
     95.44  9.167e-20
     97.45  1.352e-19
     99.46  1.203e-19
     101.5  1.238e-19
     103.5  2.116e-19
     105.5  2.176e-19
     107.5  1.902e-19
     109.5  1.591e-19
     111.5   2.09e-19
     113.5  1.825e-19
     115.5  1.656e-19
     117.5  1.453e-19
     119.6  1.047e-19
     121.6  5.974e-20
     123.6  5.742e-20
     125.6  4.376e-20
     127.6  4.171e-20
     129.6  2.258e-20
     131.6  1.304e-20
     133.6  2.376e-20
     135.6  3.931e-20
     137.6  3.454e-20
     139.6  3.346e-20
     141.7  4.509e-20
     143.7   7.94e-20
     145.7  7.858e-20
     147.7  4.496e-20
     149.7  1.871e-20
     151.7  1.275e-20
     153.7  6.891e-21
     155.7  1.204e-20
     157.7  1.675e-20
     159.7   1.27e-20
     161.7  9.207e-21
     163.8  5.054e-21
     165.8  1.111e-20
     167.8  1.094e-20
     169.8  6.541e-21
     171.8  7.889e-21
     173.8  2.299e-20
     175.8  1.449e-20
     177.8   1.66e-20
     179.8  1.149e-20
     181.8   1.43e-20
     183.8  4.332e-21
     185.9  4.287e-21
     187.9  8.018e-21
     189.9  8.356e-21
     191.9   9.13e-22
     193.9  2.498e-22
     195.9  2.695e-21
     197.9   5.74e-21
     199.9  4.395e-21
     201.9  5.386e-21
     203.9  2.869e-21
     205.9  7.328e-21
       208  4.301e-21
       210  3.346e-21
       212  2.942e-21
       214  4.587e-21
       216  6.051e-21
       218  6.402e-21
       220  6.903e-21
       222  3.817e-21
       224  6.528e-21
       226  7.017e-21
       228  8.435e-21
     230.1  8.275e-21
     232.1  5.713e-21
     234.1  4.942e-21
     236.1  5.852e-21
     238.1  4.149e-21
     240.1  4.763e-21
     242.1  1.961e-21
     244.1  5.304e-21
     246.1  6.082e-21
     248.1  5.248e-21
     250.2  2.733e-21
     252.2  2.603e-21
     254.2  3.313e-21
     256.2  8.028e-22
     258.2  2.713e-21
     260.2  5.141e-21
     262.2   5.12e-21
     264.2  5.485e-21
     266.2  7.083e-21
     268.2  6.974e-21
     270.2  3.753e-21
     272.3  2.298e-21
     274.3  6.999e-21
     276.3  6.217e-21
     278.3  8.389e-22
     280.3  4.221e-23
     282.3  1.012e-21
     284.3  4.018e-21
     286.3  1.645e-22
     288.3      1e-23
     290.3      1e-23
     292.3      1e-23
     294.4      1e-23
     296.4      1e-23
     298.4      1e-23
     300.4      1e-23
     302.4      1e-23
     304.4      1e-23
     306.4      1e-23
     308.4      1e-23
     310.4      1e-23
     312.4      1e-23
     314.4      1e-23
     316.5      1e-23
     318.5      1e-23
     320.5      1e-23
     322.5      1e-23
     324.5      1e-23
     326.5      1e-23
     328.5      1e-23
     330.5      1e-23
     332.5      1e-23
     334.5      1e-23
     336.5      1e-23
     338.6      1e-23
     340.6      1e-23
     342.6      1e-23
     344.6      1e-23
     346.6      1e-23
     348.6      1e-23
     350.6      1e-23
