     1.005  2.644e+10
     3.014  1.019e+11
     5.023  1.328e+11
     7.032  1.557e+11
     9.042   1.76e+11
     11.05  1.933e+11
     13.06  2.055e+11
     15.07  2.169e+11
     17.08  2.278e+11
     19.09  2.363e+11
      21.1  2.437e+11
     23.11    2.5e+11
     25.12  2.558e+11
     27.12  2.616e+11
     29.13  2.681e+11
     31.14  2.736e+11
     33.15  2.799e+11
     35.16  2.868e+11
     37.17  2.925e+11
     39.18  2.983e+11
     41.19   3.04e+11
      43.2  3.098e+11
     45.21  3.152e+11
     47.22  3.188e+11
     49.23  3.216e+11
     51.24  3.245e+11
     53.25   3.27e+11
     55.25  3.293e+11
     57.26   3.31e+11
     59.27  3.332e+11
     61.28  3.359e+11
     63.29  3.376e+11
      65.3   3.39e+11
     67.31  3.408e+11
     69.32  3.422e+11
     71.33  3.432e+11
     73.34  3.445e+11
     75.35  3.455e+11
     77.36  3.469e+11
     79.37  3.479e+11
     81.37  3.499e+11
     83.38  3.516e+11
     85.39  3.533e+11
      87.4  3.545e+11
     89.41  3.556e+11
     91.42  3.568e+11
     93.43  3.577e+11
     95.44  3.584e+11
     97.45  3.594e+11
     99.46  3.604e+11
     101.5  3.616e+11
     103.5  3.634e+11
     105.5  3.659e+11
     107.5  3.677e+11
     109.5  3.692e+11
     111.5  3.709e+11
     113.5  3.732e+11
     115.5  3.746e+11
     117.5   3.76e+11
     119.6  3.771e+11
     121.6  3.777e+11
     123.6  3.783e+11
     125.6  3.787e+11
     127.6  3.793e+11
     129.6  3.795e+11
     131.6  3.797e+11
     133.6  3.798e+11
     135.6  3.802e+11
     137.6  3.805e+11
     139.6  3.808e+11
     141.7  3.809e+11
     143.7  3.812e+11
     145.7  3.816e+11
     147.7  3.821e+11
     149.7  3.823e+11
     151.7  3.824e+11
     153.7  3.825e+11
     155.7  3.827e+11
     157.7  3.828e+11
     159.7   3.83e+11
     161.7  3.832e+11
     163.8  3.832e+11
     165.8  3.833e+11
     167.8  3.835e+11
     169.8  3.835e+11
     171.8  3.837e+11
     173.8  3.839e+11
     175.8  3.841e+11
     177.8  3.844e+11
     179.8  3.846e+11
     181.8  3.848e+11
     183.8   3.85e+11
     185.9   3.85e+11
     187.9  3.852e+11
     189.9  3.854e+11
     191.9  3.854e+11
     193.9  3.854e+11
     195.9  3.854e+11
     197.9  3.855e+11
     199.9  3.855e+11
     201.9  3.857e+11
     203.9  3.857e+11
     205.9  3.858e+11
       208  3.859e+11
       210   3.86e+11
       212   3.86e+11
       214  3.861e+11
       216  3.862e+11
       218  3.863e+11
       220  3.865e+11
       222  3.866e+11
       224  3.867e+11
       226  3.869e+11
       228  3.871e+11
     230.1  3.872e+11
     232.1  3.874e+11
     234.1  3.875e+11
     236.1  3.876e+11
     238.1  3.877e+11
     240.1  3.878e+11
     242.1  3.879e+11
     244.1  3.879e+11
     246.1   3.88e+11
     248.1  3.882e+11
     250.2  3.883e+11
     252.2  3.884e+11
     254.2  3.884e+11
     256.2  3.884e+11
     258.2  3.884e+11
     260.2  3.885e+11
     262.2  3.886e+11
     264.2  3.887e+11
     266.2  3.888e+11
     268.2  3.888e+11
     270.2  3.889e+11
     272.3  3.889e+11
     274.3   3.89e+11
     276.3  3.891e+11
     278.3  3.891e+11
     280.3  3.891e+11
     282.3  3.891e+11
     284.3  3.891e+11
     286.3  3.891e+11
     288.3  3.891e+11
     290.3  3.891e+11
     292.3  3.891e+11
     294.4  3.891e+11
     296.4  3.891e+11
     298.4  3.891e+11
     300.4  3.891e+11
     302.4  3.891e+11
     304.4  3.891e+11
     306.4  3.891e+11
     308.4  3.891e+11
     310.4  3.891e+11
     312.4  3.891e+11
     314.4  3.891e+11
     316.5  3.891e+11
     318.5  3.891e+11
     320.5  3.891e+11
     322.5  3.891e+11
     324.5  3.891e+11
     326.5  3.891e+11
     328.5  3.891e+11
     330.5  3.891e+11
     332.5  3.891e+11
     334.5  3.891e+11
     336.5  3.891e+11
     338.6  3.891e+11
     340.6  3.891e+11
     342.6  3.891e+11
     344.6  3.891e+11
     346.6  3.891e+11
     348.6  3.891e+11
     350.6  3.891e+11
