     1.005      16.39
     3.014       18.1
     5.023      19.08
     7.032      19.61
     9.042      19.97
     11.05      20.42
     13.06      20.77
     15.07      20.93
     17.08      21.25
     19.09      21.48
      21.1      21.78
     23.11      21.82
     25.12      21.95
     27.12      21.89
     29.13      21.99
     31.14      21.97
     33.15      21.92
     35.16      21.99
     37.17      22.02
     39.18      22.12
     41.19      22.13
      43.2      22.39
     45.21      22.49
     47.22      22.98
     49.23      23.09
     51.24      23.17
     53.25      23.27
     55.25      23.15
     57.26      23.53
     59.27      23.41
     61.28      23.75
     63.29      24.04
      65.3       24.2
     67.31      24.31
     69.32      24.61
     71.33      24.75
     73.34      24.89
     75.35      24.97
     77.36       24.9
     79.37      24.62
     81.37      24.43
     83.38      24.59
     85.39      24.77
      87.4      24.91
     89.41      24.98
     91.42       25.1
     93.43      25.37
     95.44      25.61
     97.45      25.19
     99.46      25.32
     101.5      25.28
     103.5       24.7
     105.5      24.67
     107.5      24.82
     109.5      25.01
     111.5      24.72
     113.5      24.86
     115.5      24.97
     117.5      25.11
     119.6      25.47
     121.6      26.08
     123.6      26.12
     125.6      26.41
     127.6      26.47
     129.6      27.13
     131.6      27.73
     133.6      27.08
     135.6      26.53
     137.6      26.67
     139.6       26.7
     141.7      26.38
     143.7      25.77
     145.7      25.78
     147.7      26.38
     149.7      27.34
     151.7      27.75
     153.7      28.42
     155.7      27.81
     157.7      27.46
     159.7      27.76
     161.7      28.11
     163.8      28.76
     165.8       27.9
     167.8      27.92
     169.8      28.48
     171.8      28.27
     173.8      27.11
     175.8      27.61
     177.8      27.47
     179.8      27.87
     181.8      27.63
     183.8      28.92
     185.9      28.94
     187.9      28.26
     189.9      28.21
     191.9      30.61
     193.9      32.02
     195.9      29.44
     197.9      28.62
     199.9      28.91
     201.9      28.69
     203.9      29.37
     205.9      28.35
       208      28.93
       210       29.2
       212      29.34
       214      28.86
       216      28.56
       218       28.5
       220      28.42
       222      29.06
       224      28.48
       226       28.4
       228       28.2
     230.1      28.22
     232.1      28.62
     234.1      28.78
     236.1       28.6
     238.1      28.97
     240.1      28.82
     242.1      29.78
     244.1       28.7
     246.1      28.56
     248.1      28.72
     250.2      29.42
     252.2      29.48
     254.2      29.22
     256.2      30.75
     258.2      29.43
     260.2      28.74
     262.2      28.74
     264.2      28.67
     266.2      28.39
     268.2      28.41
     270.2      29.08
     272.3      29.61
     274.3       28.4
     276.3      28.53
     278.3      30.71
     280.3      33.95
     282.3       30.5
     284.3      29.01
     286.3      32.48
     288.3      35.52
     290.3      35.52
     292.3      35.52
     294.4      35.52
     296.4      35.52
     298.4      35.52
     300.4      35.52
     302.4      35.52
     304.4      35.52
     306.4      35.52
     308.4      35.52
     310.4      35.52
     312.4      35.52
     314.4      35.52
     316.5      35.52
     318.5      35.52
     320.5      35.52
     322.5      35.52
     324.5      35.52
     326.5      35.52
     328.5      35.52
     330.5      35.52
     332.5      35.52
     334.5      35.52
     336.5      35.52
     338.6      35.52
     340.6      35.52
     342.6      35.52
     344.6      35.52
     346.6      35.52
     348.6      35.52
     350.6      35.52
