        12  2.883e+08
     20.01  1.907e+08
     28.01  1.272e+08
     36.01  8.875e+07
     44.01  6.472e+07
     52.01  4.993e+07
     60.02  3.965e+07
     68.02  3.073e+07
     76.02  2.443e+07
     84.02  1.924e+07
     92.03  1.637e+07
       100  1.347e+07
       108  1.237e+07
       116  1.206e+07
       124  1.057e+07
       132  8.175e+06
       140  7.423e+06
       148  5.996e+06
       156  4.837e+06
       164   4.67e+06
       172  4.178e+06
       180  3.665e+06
     188.1  3.216e+06
     196.1  3.085e+06
     204.1   2.81e+06
     212.1  3.191e+06
     220.1  2.454e+06
     228.1  1.989e+06
     236.1   1.85e+06
     244.1  1.586e+06
     252.1  1.714e+06
     260.1   1.14e+06
     268.1  8.896e+05
     276.1  7.531e+05
     284.1  5.151e+05
     292.1  3.847e+05
     300.1  2.575e+05
     308.1  2.393e+05
     316.1  2.444e+05
     324.1  1.147e+05
     332.1  8.557e+04
     340.1  2.883e+04
     348.1  2.358e+04
