     13.89  3.744e-18
     21.66    2.4e-18
     29.44  1.735e-18
     37.21  1.399e-18
     44.99  8.958e-19
     52.76  7.003e-19
     60.54  5.009e-19
     68.31  4.335e-19
     76.09  3.138e-19
     83.86  2.793e-19
     91.64  2.346e-19
     99.41  2.128e-19
     107.2  1.925e-19
       115  1.742e-19
     122.7  1.776e-19
     130.5  1.379e-19
     138.3  1.165e-19
     146.1  9.948e-20
     153.8  8.581e-20
     161.6  8.111e-20
     169.4  7.023e-20
     177.2  6.906e-20
     184.9  6.066e-20
     192.7  5.484e-20
     200.5  5.098e-20
     208.3  5.266e-20
       216  5.411e-20
     223.8  3.957e-20
     231.6  3.325e-20
     239.4  3.064e-20
     247.1  2.814e-20
     254.9  3.056e-20
     262.7  3.075e-20
     270.5  2.328e-20
     278.2  2.467e-20
       286  1.961e-20
     293.8  1.942e-20
     301.6  1.795e-20
     309.3  1.552e-20
     317.1  1.512e-20
     324.9  1.203e-20
     332.7  1.262e-20
     340.4  1.489e-20
     348.2  1.272e-20
