     13.89      21.58
     21.66      22.07
     29.44      22.42
     37.21      22.65
     44.99      23.14
     52.76       23.4
     60.54      23.77
     68.31      23.92
     76.09      24.27
     83.86       24.4
     91.64      24.59
     99.41       24.7
     107.2      24.81
       115      24.91
     122.7      24.89
     130.5      25.17
     138.3      25.35
     146.1      25.52
     153.8      25.68
     161.6      25.74
     169.4       25.9
     177.2      25.92
     184.9      26.06
     192.7      26.17
     200.5      26.25
     208.3      26.21
       216      26.18
     223.8      26.52
     231.6      26.71
     239.4       26.8
     247.1      26.89
     254.9       26.8
     262.7       26.8
     270.5       27.1
     278.2      27.04
       286      27.28
     293.8       27.3
     301.6      27.38
     309.3      27.54
     317.1      27.57
     324.9      27.82
     332.7      27.76
     340.4      27.58
     348.2      27.75
