         2  8.267e-17
     6.001  2.093e-17
        10  1.032e-17
        14  6.302e-18
        18  5.025e-18
        22  4.268e-18
     26.01  2.903e-18
     30.01   2.21e-18
     34.01  1.705e-18
     38.01  1.268e-18
     42.01  1.032e-18
     46.01  8.205e-19
     50.01  6.974e-19
     54.01  5.955e-19
     58.01  6.109e-19
     62.01  6.904e-19
     66.01  7.074e-19
     70.01  6.089e-19
     74.01  6.213e-19
     78.02  5.583e-19
     82.02  3.959e-19
     86.02  2.524e-19
     90.02  2.079e-19
     94.02  1.985e-19
     98.02  1.743e-19
       102  1.987e-19
       106  2.068e-19
       110  1.628e-19
       114  1.651e-19
       118  2.182e-19
       122  1.648e-19
       126  1.674e-19
       130  1.333e-19
       134  9.783e-20
       138  8.232e-20
       142   9.22e-20
       146  1.227e-19
       150  1.194e-19
       154  1.409e-19
       158  7.431e-20
       162  6.913e-20
       166  5.448e-20
       170  5.106e-20
       174  5.149e-20
       178  4.763e-20
       182  4.159e-20
       186  3.646e-20
       190  3.407e-20
       194   4.56e-20
       198  3.243e-20
       202  2.391e-20
       206  2.093e-20
       210  1.825e-20
       214  1.965e-20
       218   2.92e-20
       222  2.641e-20
       226  2.068e-20
       230  2.781e-20
       234  6.003e-20
       238  5.793e-20
       242  2.521e-20
       246   1.45e-20
       250  1.002e-20
       254  7.911e-21
     258.1  6.218e-21
     262.1  6.908e-21
     266.1   6.12e-21
     270.1  5.639e-21
     274.1  4.453e-21
     278.1   2.99e-21
     282.1  4.181e-21
     286.1  3.344e-21
     290.1  1.896e-21
     294.1  2.138e-21
     298.1  1.938e-21
     302.1  1.255e-21
     306.1  8.639e-22
     310.1  5.312e-22
     314.1  6.526e-22
     318.1  1.371e-21
     322.1  2.209e-22
     326.1  2.432e-23
     330.1  2.146e-21
     334.1   1.26e-21
     338.1  1.017e-23
     342.1      1e-23
     346.1      1e-23
     350.1      1e-23
