         2  3.022e+10
     6.001  8.378e+10
        10   1.24e+11
        14   1.56e+11
        18  1.829e+11
        22  2.072e+11
     26.01  2.311e+11
     30.01  2.526e+11
     34.01  2.716e+11
     38.01  2.864e+11
     42.01  2.982e+11
     46.01   3.09e+11
     50.01  3.189e+11
     54.01  3.281e+11
     58.01  3.374e+11
     62.01  3.477e+11
     66.01  3.586e+11
     70.01   3.69e+11
     74.01  3.783e+11
     78.02  3.859e+11
     82.02  3.924e+11
     86.02  3.978e+11
     90.02  4.025e+11
     94.02  4.072e+11
     98.02  4.116e+11
       102  4.161e+11
       106  4.205e+11
       110  4.246e+11
       114  4.286e+11
       118  4.321e+11
       122  4.351e+11
       126   4.38e+11
       130  4.406e+11
       134  4.432e+11
       138  4.457e+11
       142  4.483e+11
       146  4.509e+11
       150  4.537e+11
       154  4.564e+11
       158  4.592e+11
       162  4.615e+11
       166  4.639e+11
       170  4.661e+11
       174  4.686e+11
       178   4.71e+11
       182  4.731e+11
       186  4.749e+11
       190  4.765e+11
       194  4.781e+11
       198  4.797e+11
       202   4.81e+11
       206  4.821e+11
       210  4.833e+11
       214  4.843e+11
       218  4.852e+11
       222   4.86e+11
       226  4.869e+11
       230  4.878e+11
       234  4.888e+11
       238  4.899e+11
       242  4.908e+11
       246  4.916e+11
       250  4.921e+11
       254  4.925e+11
     258.1  4.928e+11
     262.1  4.931e+11
     266.1  4.933e+11
     270.1  4.935e+11
     274.1  4.937e+11
     278.1  4.938e+11
     282.1  4.939e+11
     286.1   4.94e+11
     290.1   4.94e+11
     294.1   4.94e+11
     298.1  4.941e+11
     302.1  4.941e+11
     306.1  4.942e+11
     310.1  4.942e+11
     314.1  4.942e+11
     318.1  4.942e+11
     322.1  4.942e+11
     326.1  4.942e+11
     330.1  4.942e+11
     334.1  4.942e+11
     338.1  4.942e+11
     342.1  4.942e+11
     346.1  4.942e+11
     350.1  4.942e+11
