         2      18.22
     6.001      19.71
        10      20.48
        14      21.02
        18      21.26
        22      21.44
     26.01      21.86
     30.01      22.15
     34.01      22.44
     38.01      22.76
     42.01      22.98
     46.01      23.23
     50.01      23.41
     54.01      23.58
     58.01      23.55
     62.01      23.42
     66.01      23.39
     70.01      23.55
     74.01      23.53
     78.02      23.65
     82.02      24.02
     86.02      24.51
     90.02      24.72
     94.02      24.77
     98.02      24.91
       102      24.77
       106      24.73
       110      24.99
       114      24.97
       118      24.67
       122      24.97
       126      24.96
       130       25.2
       134      25.54
       138      25.73
       142       25.6
       146      25.29
       150      25.32
       154      25.14
       158      25.84
       162      25.92
       166      26.18
       170      26.25
       174      26.24
       178      26.32
       182      26.47
       186      26.61
       190      26.69
       194      26.37
       198      26.74
       202      27.07
       206      27.21
       210      27.36
       214      27.28
       218      26.85
       222      26.96
       226      27.23
       230      26.91
       234      26.07
       238      26.11
       242      27.01
       246      27.61
       250      28.01
       254      28.27
     258.1      28.53
     262.1      28.42
     266.1      28.55
     270.1      28.64
     274.1      28.89
     278.1      29.33
     282.1      28.96
     286.1      29.21
     290.1      29.82
     294.1      29.69
     298.1       29.8
     302.1      30.27
     306.1      30.67
     310.1       31.2
     314.1      30.98
     318.1      30.17
     322.1      32.16
     326.1      34.55
     330.1      29.69
     334.1      30.27
     338.1       35.5
     342.1      35.52
     346.1      35.52
     350.1      35.52
