D    1   -0.03214     0.9836     -0.123     0.4899   -0.07492     0.1424     0.2633    -0.1796   -0.06067   -0.04863   -0.08441    -0.1599    -0.1545    -0.3033    -0.3023    -0.6298 
D    2   -0.04522     0.9937    -0.1096     0.4824    -0.1079     0.1584   -0.05049    -0.1964   -0.08638    -0.1167    -0.1263     -0.235    -0.1833    -0.3566    -0.2989    -0.4914 
D    3   -0.05084      0.984   -0.08225     0.5109    -0.1131    0.06598    0.01009    0.03963   -0.06473   -0.09056    -0.1015    -0.1949    -0.1018    -0.2797    -0.4457    -0.6972 
D    4   -0.05333     0.9827   -0.09541     0.4572    -0.1432    0.05591    0.06487    -0.3349    -0.1195    -0.0791    -0.1705    -0.2074    -0.3657    -0.4578    -0.4374    -0.7379 
D    5   -0.03596      1.003   -0.01917     0.5933    -0.1998    0.09269    -0.0122   -0.04167   -0.06298   -0.03967    -0.1923    -0.2108      -0.08    -0.2862     -0.177    -0.3661 
D    6   -0.05223     0.9729   -0.04182     0.5312   -0.04907     0.1106  -0.009299    -0.1669   -0.07461   -0.07689   -0.09647    -0.1416    -0.1996     -0.322    -0.2027    -0.4255 
D    7   -0.03994     0.9934   -0.08882     0.5246   -0.09281     0.1602    -0.2008    -0.1879   -0.05141   -0.04796    -0.1061    -0.1998    -0.1393    -0.3031    -0.3273     -0.544 
D    8   -0.03962      1.019  -0.007042     0.5646    -0.0642     0.1261   -0.05654    0.01148   -0.05457   -0.06236     -0.186    -0.2052    -0.1328    -0.3271    -0.3276    -0.5165 
D    9   -0.05822      1.011   -0.08652     0.5403   -0.09433     0.1556    -0.1388    -0.2461   -0.06263    -0.1057   -0.09347    -0.1724    -0.1925    -0.3143    -0.3572    -0.5116 
D   10   -0.02075      1.006   -0.05494     0.5272    -0.1649   -0.01094    -0.1278   -0.01806   -0.09965   -0.04775   -0.09733    -0.1551     -0.132    -0.3681    -0.1848    -0.3813 
D   11    -0.0444     0.9839    -0.1048     0.4614    -0.1058     0.1034   -0.08175    -0.3247   -0.06396   -0.04002    -0.1653    -0.2106   -0.08985    -0.2454    -0.2183    -0.4559 
D   12   -0.04656     0.9937    -0.0691       0.53   -0.04025    0.09956    -0.1561    -0.2185   -0.06607   -0.07884   -0.06395    -0.1834    0.01555    -0.2896    -0.2872    -0.4951 
D   13   -0.03025     0.9981   -0.08538     0.5339    -0.1423     0.1089    -0.2214    -0.2112   -0.07646   -0.08105    -0.1636    -0.2114     -0.222    -0.3238    -0.1232    -0.3288 
D   14   -0.05471     0.9603    -0.1243     0.4643    -0.1078     0.1807   -0.04429    -0.1064   -0.06101   -0.06013    -0.1021    -0.1548    -0.1627    -0.3116    -0.1968    -0.3771 
D   15   -0.04559     0.9786   -0.09327     0.5294    -0.1561     0.1338    -0.2418    -0.1922   -0.05033   -0.05762    -0.1279    -0.1894    -0.1199     -0.266     -0.362    -0.5697 
D   16   -0.03289     0.9918   -0.08754     0.5347   -0.09018    0.08263    -0.1799    -0.1422   -0.06766   -0.05467    -0.1014    -0.1862   0.005318    -0.2449    -0.2726    -0.4327 
D   17   -0.03133      1.019   -0.01039     0.5451    -0.2326   -0.03243    -0.1086    -0.1784    -0.1266   -0.05911    -0.2124    -0.1828    -0.1836    -0.2985   -0.02036    -0.2823 
D   18    -0.0502     0.9918   -0.07912     0.5504   -0.08759     0.1375     -0.163    -0.1658   -0.06725   -0.03793    -0.1182    -0.1764    -0.1495    -0.2448    -0.2881     -0.478 
D   19   -0.05014     0.9789   -0.03171     0.5474   -0.07641     0.1055    0.08138    -0.3148   -0.06519   -0.04589   -0.06783    -0.1588      -0.22    -0.3437    -0.3042    -0.6229 
D   20   -0.03605     0.9738   -0.03332      0.562    -0.1574    0.09236    0.04592    -0.1492   -0.06921   -0.07369   -0.09985    -0.1459    -0.0947    -0.2837    -0.2494     -0.534 
D   21   -0.03852      1.008   -0.06931     0.5626   -0.04281     0.2478    0.03229    -0.1035   -0.06984   -0.09597    -0.1098    -0.1756    -0.1222    -0.2593     -0.235    -0.4682 
D   22   -0.03271     0.9877   -0.05967     0.5672    -0.1186     0.1597    -0.1523    -0.1922   -0.04901   -0.05761    -0.1207    -0.1876    -0.1449    -0.2895    -0.2866    -0.4844 
D   23   -0.04676     0.9895   -0.08223     0.5426    -0.1245     0.1146    -0.1967    -0.1775   -0.09558    -0.1037    -0.1775    -0.2245    -0.2041     -0.313    -0.1729    -0.4016 
D   24    -0.0356     0.9804   -0.07413     0.5292   -0.09804     0.1379    -0.1239    -0.2172   -0.06895   -0.07836   -0.09546    -0.1649    -0.1383    -0.3104    -0.3056    -0.5602 
D   25   -0.04691      1.009    -0.1121     0.4649   -0.08398     0.2303   -0.03529   -0.04152   -0.05514   -0.07627    -0.0998    -0.1631   -0.09592    -0.2369    -0.2092    -0.3831 
D   26   -0.03001     0.9859   -0.03561     0.5143    -0.1048     0.0365   0.004064    -0.3333   -0.08146   -0.04908    -0.1404    -0.1569    -0.0831    -0.3278    -0.3341     -0.672 
D   27   -0.03801      1.002   -0.05933     0.5756   -0.07371     0.1861    -0.2409    -0.2694   -0.04897   -0.07308    -0.1088    -0.1752    -0.1686    -0.2877    -0.3119    -0.5706 
D   28   -0.06029     0.9693   -0.09762     0.4844    -0.1607    0.08814   -0.08106    -0.2032   -0.05298   -0.04848   -0.09544    -0.1126   -0.06492    -0.1895    -0.3558    -0.5905 
D   29   -0.01949      1.005   -0.06934     0.5046    -0.1705     0.0627    -0.2448    -0.1453   -0.05204   -0.05165   -0.07102    -0.1403    -0.1302    -0.2271    -0.1762    -0.3158 
