 (1): Wavelength (A) 
 (2): Intrinsic SED (1e30 erg/s/A)
 (3 - 9): SED at angles [   0.0000000      0.26183301      0.52366602      0.78549999       1.0473300       1.3091700       1.5710000     ] (1e30 erg/s/A)
 (10): Angle averaged SED (1e30 erg/s/A)
 (11): Molecular cloud emission (1e30 erg/s/A)
 (12): Cirrus emission (1e30 erg/s/A)
  
            1            2            3            4            5            6            7            8            9           10           11           12
   9.5000E+01   2.8056E+11   2.8056E+11   2.8056E+11   2.8056E+11   2.8056E+11   2.8056E+11   2.8056E+11   2.8056E+11   2.8062E+11   0.0000E+00   0.0000E+00
   1.0186E+02   2.9701E+11   2.9701E+11   2.9701E+11   2.9701E+11   2.9701E+11   2.9701E+11   2.9701E+11   2.9701E+11   2.9707E+11   0.0000E+00   0.0000E+00
   1.0921E+02   2.9791E+11   2.9791E+11   2.9791E+11   2.9791E+11   2.9791E+11   2.9791E+11   2.9791E+11   2.9791E+11   2.9797E+11   0.0000E+00   0.0000E+00
   1.1709E+02   2.9880E+11   2.9880E+11   2.9880E+11   2.9880E+11   2.9880E+11   2.9880E+11   2.9880E+11   2.9880E+11   2.9886E+11   0.0000E+00   0.0000E+00
   1.2554E+02   3.1022E+11   3.1022E+11   3.1022E+11   3.1022E+11   3.1022E+11   3.1022E+11   3.1022E+11   3.1022E+11   3.1028E+11   0.0000E+00   0.0000E+00
   1.3460E+02   3.1053E+11   3.1053E+11   3.1053E+11   3.1053E+11   3.1053E+11   3.1053E+11   3.1053E+11   3.1053E+11   3.1060E+11   0.0000E+00   0.0000E+00
   1.4431E+02   3.2177E+11   3.2177E+11   3.2177E+11   3.2177E+11   3.2177E+11   3.2177E+11   3.2177E+11   3.2177E+11   3.2183E+11   0.0000E+00   0.0000E+00
   1.5473E+02   3.3249E+11   3.3249E+11   3.3249E+11   3.3249E+11   3.3249E+11   3.3249E+11   3.3249E+11   3.3249E+11   3.3256E+11   0.0000E+00   0.0000E+00
   1.6589E+02   3.3592E+11   3.3592E+11   3.3592E+11   3.3592E+11   3.3592E+11   3.3592E+11   3.3592E+11   3.3592E+11   3.3599E+11   0.0000E+00   0.0000E+00
   1.7786E+02   3.3644E+11   3.3644E+11   3.3644E+11   3.3644E+11   3.3644E+11   3.3644E+11   3.3644E+11   3.3644E+11   3.3650E+11   0.0000E+00   0.0000E+00
   1.9070E+02   3.3691E+11   3.3691E+11   3.3691E+11   3.3691E+11   3.3691E+11   3.3691E+11   3.3691E+11   3.3691E+11   3.3698E+11   0.0000E+00   0.0000E+00
   2.0446E+02   3.4228E+11   3.4228E+11   3.4228E+11   3.4228E+11   3.4228E+11   3.4228E+11   3.4228E+11   3.4228E+11   3.4235E+11   0.0000E+00   0.0000E+00
   2.1922E+02   3.4522E+11   3.4522E+11   3.4522E+11   3.4522E+11   3.4522E+11   3.4522E+11   3.4522E+11   3.4522E+11   3.4529E+11   0.0000E+00   0.0000E+00
   2.3504E+02   4.9626E+11   4.9626E+11   4.9626E+11   4.9626E+11   4.9626E+11   4.9626E+11   4.9626E+11   4.9626E+11   4.9636E+11   0.0000E+00   0.0000E+00
   2.5200E+02   9.2886E+11   9.2886E+11   9.2886E+11   9.2886E+11   9.2886E+11   9.2886E+11   9.2886E+11   9.2886E+11   9.2905E+11   0.0000E+00   0.0000E+00
   2.7019E+02   1.2037E+12   1.2037E+12   1.2037E+12   1.2037E+12   1.2037E+12   1.2037E+12   1.2037E+12   1.2037E+12   1.2039E+12   0.0000E+00   0.0000E+00
   2.8969E+02   1.1922E+12   1.1922E+12   1.1922E+12   1.1922E+12   1.1922E+12   1.1922E+12   1.1922E+12   1.1922E+12   1.1925E+12   0.0000E+00   0.0000E+00
   3.1059E+02   1.0152E+12   1.0152E+12   1.0152E+12   1.0152E+12   1.0152E+12   1.0152E+12   1.0152E+12   1.0152E+12   1.0154E+12   0.0000E+00   0.0000E+00
   3.3301E+02   1.1954E+12   1.1954E+12   1.1954E+12   1.1954E+12   1.1954E+12   1.1954E+12   1.1954E+12   1.1954E+12   1.1956E+12   0.0000E+00   0.0000E+00
   3.5704E+02   1.1944E+12   1.1944E+12   1.1944E+12   1.1944E+12   1.1944E+12   1.1944E+12   1.1944E+12   1.1944E+12   1.1946E+12   0.0000E+00   0.0000E+00
   3.8280E+02   1.1785E+12   1.1785E+12   1.1785E+12   1.1785E+12   1.1785E+12   1.1785E+12   1.1785E+12   1.1785E+12   1.1787E+12   0.0000E+00   0.0000E+00
   4.1043E+02   1.2655E+12   1.2655E+12   1.2655E+12   1.2655E+12   1.2655E+12   1.2655E+12   1.2655E+12   1.2655E+12   1.2657E+12   0.0000E+00   0.0000E+00
   4.4005E+02   1.2156E+12   1.2156E+12   1.2156E+12   1.2156E+12   1.2156E+12   1.2156E+12   1.2156E+12   1.2156E+12   1.2158E+12   0.0000E+00   0.0000E+00
   4.7181E+02   1.1522E+12   1.1522E+12   1.1522E+12   1.1522E+12   1.1522E+12   1.1522E+12   1.1522E+12   1.1522E+12   1.1524E+12   0.0000E+00   0.0000E+00
   5.0586E+02   1.1164E+12   1.1164E+12   1.1164E+12   1.1164E+12   1.1164E+12   1.1164E+12   1.1164E+12   1.1164E+12   1.1166E+12   0.0000E+00   0.0000E+00
   5.4236E+02   1.1065E+12   1.1065E+12   1.1065E+12   1.1065E+12   1.1065E+12   1.1065E+12   1.1065E+12   1.1065E+12   1.1067E+12   0.0000E+00   0.0000E+00
   5.8151E+02   1.1316E+12   1.1316E+12   1.1316E+12   1.1316E+12   1.1316E+12   1.1316E+12   1.1316E+12   1.1316E+12   1.1318E+12   0.0000E+00   0.0000E+00
   6.2347E+02   1.0721E+12   1.0721E+12   1.0721E+12   1.0721E+12   1.0721E+12   1.0721E+12   1.0721E+12   1.0721E+12   1.0723E+12   0.0000E+00   0.0000E+00
   6.6847E+02   1.0250E+12   1.0250E+12   1.0250E+12   1.0250E+12   1.0250E+12   1.0250E+12   1.0250E+12   1.0250E+12   1.0252E+12   0.0000E+00   0.0000E+00
   7.1671E+02   9.7048E+11   9.7048E+11   9.7048E+11   9.7048E+11   9.7048E+11   9.7048E+11   9.7048E+11   9.7048E+11   9.7068E+11   0.0000E+00   0.0000E+00
   7.6843E+02   8.7762E+11   8.7762E+11   8.7762E+11   8.7762E+11   8.7762E+11   8.7762E+11   8.7762E+11   8.7762E+11   8.7780E+11   0.0000E+00   0.0000E+00
   8.2389E+02   8.6131E+11   8.6131E+11   8.6131E+11   8.6131E+11   8.6131E+11   8.6131E+11   8.6131E+11   8.6131E+11   8.6148E+11   0.0000E+00   0.0000E+00
   8.8334E+02   8.1672E+11   8.1672E+11   8.1672E+11   8.1672E+11   8.1672E+11   8.1672E+11   8.1672E+11   8.1672E+11   8.1688E+11   0.0000E+00   0.0000E+00
   9.4709E+02   2.2852E+12   2.2852E+12   2.2852E+12   2.2852E+12   2.2852E+12   2.2852E+12   2.2852E+12   2.2852E+12   2.2857E+12   0.0000E+00   0.0000E+00
   1.0154E+03   2.6252E+12   2.6252E+12   2.6252E+12   2.6252E+12   2.6252E+12   2.6252E+12   2.6252E+12   2.6252E+12   2.6257E+12   0.0000E+00   0.0000E+00
   1.0887E+03   2.6061E+12   2.6061E+12   2.6061E+12   2.6061E+12   2.6061E+12   2.6061E+12   2.6061E+12   2.6061E+12   2.6066E+12   0.0000E+00   0.0000E+00
   1.1673E+03   2.4037E+12   2.4037E+12   2.4037E+12   2.4037E+12   2.4037E+12   2.4037E+12   2.4037E+12   2.4037E+12   2.4042E+12   0.0000E+00   0.0000E+00
   1.2515E+03   2.2728E+12   2.2728E+12   2.2728E+12   2.2728E+12   2.2728E+12   2.2728E+12   2.2728E+12   2.2728E+12   2.2733E+12   0.0000E+00   0.0000E+00
   1.3419E+03   2.1892E+12   2.1892E+12   2.1892E+12   2.1892E+12   2.1892E+12   2.1892E+12   2.1892E+12   2.1892E+12   2.1896E+12   0.0000E+00   0.0000E+00
   1.4387E+03   1.9091E+12   1.9091E+12   1.9091E+12   1.9091E+12   1.9091E+12   1.9091E+12   1.9091E+12   1.9091E+12   1.9095E+12   0.0000E+00   0.0000E+00
   1.5425E+03   1.4935E+12   1.4935E+12   1.4935E+12   1.4935E+12   1.4935E+12   1.4935E+12   1.4935E+12   1.4935E+12   1.4938E+12   0.0000E+00   0.0000E+00
   1.6538E+03   1.3900E+12   1.3900E+12   1.3900E+12   1.3900E+12   1.3900E+12   1.3900E+12   1.3900E+12   1.3900E+12   1.3902E+12   0.0000E+00   0.0000E+00
   1.7732E+03   1.2581E+12   1.2581E+12   1.2581E+12   1.2581E+12   1.2581E+12   1.2581E+12   1.2581E+12   1.2581E+12   1.2583E+12   0.0000E+00   0.0000E+00
   1.9012E+03   1.0812E+12   1.0812E+12   1.0812E+12   1.0812E+12   1.0812E+12   1.0812E+12   1.0812E+12   1.0812E+12   1.0814E+12   0.0000E+00   0.0000E+00
   2.0384E+03   9.6964E+11   9.6964E+11   9.6964E+11   9.6964E+11   9.6964E+11   9.6964E+11   9.6964E+11   9.6964E+11   9.6983E+11   0.0000E+00   0.0000E+00
   2.1855E+03   8.4787E+11   8.4787E+11   8.4787E+11   8.4787E+11   8.4787E+11   8.4787E+11   8.4787E+11   8.4787E+11   8.4804E+11   0.0000E+00   0.0000E+00
   2.3432E+03   6.9444E+11   6.9444E+11   6.9444E+11   6.9444E+11   6.9444E+11   6.9444E+11   6.9444E+11   6.9444E+11   6.9458E+11   0.0000E+00   0.0000E+00
   2.5123E+03   6.1608E+11   6.1608E+11   6.1608E+11   6.1608E+11   6.1608E+11   6.1608E+11   6.1608E+11   6.1608E+11   6.1621E+11   0.0000E+00   0.0000E+00
   2.6936E+03   5.8028E+11   5.8028E+11   5.8028E+11   5.8028E+11   5.8028E+11   5.8028E+11   5.8028E+11   5.8028E+11   5.8040E+11   0.0000E+00   0.0000E+00
   2.8880E+03   5.2374E+11   5.2374E+11   5.2374E+11   5.2374E+11   5.2374E+11   5.2374E+11   5.2374E+11   5.2374E+11   5.2385E+11   0.0000E+00   0.0000E+00
   3.0964E+03   4.8204E+11   4.8204E+11   4.8204E+11   4.8204E+11   4.8204E+11   4.8204E+11   4.8204E+11   4.8204E+11   4.8213E+11   0.0000E+00   0.0000E+00
   3.3199E+03   4.3172E+11   4.3172E+11   4.3172E+11   4.3172E+11   4.3172E+11   4.3172E+11   4.3172E+11   4.3172E+11   4.3181E+11   0.0000E+00   0.0000E+00
   3.5595E+03   3.9373E+11   3.9373E+11   3.9373E+11   3.9373E+11   3.9373E+11   3.9373E+11   3.9373E+11   3.9373E+11   3.9381E+11   0.0000E+00   0.0000E+00
   3.8163E+03   5.3452E+11   5.3452E+11   5.3452E+11   5.3452E+11   5.3452E+11   5.3452E+11   5.3452E+11   5.3452E+11   5.3463E+11   0.0000E+00   0.0000E+00
   4.0918E+03   4.9563E+11   4.9563E+11   4.9563E+11   4.9563E+11   4.9563E+11   4.9563E+11   4.9563E+11   4.9563E+11   4.9573E+11   0.0000E+00   0.0000E+00
   4.3870E+03   4.8234E+11   4.8234E+11   4.8234E+11   4.8234E+11   4.8234E+11   4.8234E+11   4.8234E+11   4.8234E+11   4.8244E+11   0.0000E+00   0.0000E+00
   4.7036E+03   4.3821E+11   4.3821E+11   4.3821E+11   4.3821E+11   4.3821E+11   4.3821E+11   4.3821E+11   4.3821E+11   4.3830E+11   0.0000E+00   0.0000E+00
   5.0431E+03   3.8010E+11   3.8010E+11   3.8010E+11   3.8010E+11   3.8010E+11   3.8010E+11   3.8010E+11   3.8010E+11   3.8017E+11   0.0000E+00   0.0000E+00
   5.4070E+03   3.3239E+11   3.3239E+11   3.3239E+11   3.3239E+11   3.3239E+11   3.3239E+11   3.3239E+11   3.3239E+11   3.3245E+11   0.0000E+00   0.0000E+00
   5.7973E+03   3.0788E+11   3.0788E+11   3.0788E+11   3.0788E+11   3.0788E+11   3.0788E+11   3.0788E+11   3.0788E+11   3.0795E+11   0.0000E+00   0.0000E+00
   6.2156E+03   2.6755E+11   2.6755E+11   2.6755E+11   2.6755E+11   2.6755E+11   2.6755E+11   2.6755E+11   2.6755E+11   2.6760E+11   0.0000E+00   0.0000E+00
   6.6642E+03   2.3721E+11   2.3721E+11   2.3721E+11   2.3721E+11   2.3721E+11   2.3721E+11   2.3721E+11   2.3721E+11   2.3726E+11   0.0000E+00   0.0000E+00
   7.1451E+03   2.0924E+11   2.0924E+11   2.0924E+11   2.0924E+11   2.0924E+11   2.0924E+11   2.0924E+11   2.0924E+11   2.0929E+11   0.0000E+00   0.0000E+00
   7.6608E+03   1.8790E+11   1.8790E+11   1.8790E+11   1.8790E+11   1.8790E+11   1.8790E+11   1.8790E+11   1.8790E+11   1.8794E+11   0.0000E+00   0.0000E+00
   8.2136E+03   1.6839E+11   1.6839E+11   1.6839E+11   1.6839E+11   1.6839E+11   1.6839E+11   1.6839E+11   1.6839E+11   1.6843E+11   0.0000E+00   0.0000E+00
   8.8064E+03   1.4214E+11   1.4214E+11   1.4214E+11   1.4214E+11   1.4214E+11   1.4214E+11   1.4214E+11   1.4214E+11   1.4217E+11   0.0000E+00   0.0000E+00
   9.4420E+03   1.3434E+11   1.3434E+11   1.3434E+11   1.3434E+11   1.3434E+11   1.3434E+11   1.3434E+11   1.3434E+11   1.3437E+11   0.0000E+00   0.0000E+00
   1.0123E+04   1.1819E+11   1.1819E+11   1.1819E+11   1.1819E+11   1.1819E+11   1.1819E+11   1.1819E+11   1.1819E+11   1.1821E+11   0.0000E+00   0.0000E+00
   1.0854E+04   1.0118E+11   1.0118E+11   1.0118E+11   1.0118E+11   1.0118E+11   1.0118E+11   1.0118E+11   1.0118E+11   1.0120E+11   0.0000E+00   0.0000E+00
   1.1637E+04   8.8587E+10   8.8587E+10   8.8587E+10   8.8587E+10   8.8587E+10   8.8587E+10   8.8587E+10   8.8587E+10   8.8605E+10   0.0000E+00   0.0000E+00
   1.2477E+04   7.4787E+10   7.4787E+10   7.4787E+10   7.4787E+10   7.4787E+10   7.4787E+10   7.4787E+10   7.4787E+10   7.4802E+10   0.0000E+00   0.0000E+00
   1.3377E+04   6.6372E+10   6.6372E+10   6.6372E+10   6.6372E+10   6.6372E+10   6.6372E+10   6.6372E+10   6.6372E+10   6.6385E+10   0.0000E+00   0.0000E+00
   1.4343E+04   5.9131E+10   5.9131E+10   5.9131E+10   5.9131E+10   5.9131E+10   5.9131E+10   5.9131E+10   5.9131E+10   5.9143E+10   0.0000E+00   0.0000E+00
   1.5378E+04   5.2654E+10   5.2654E+10   5.2654E+10   5.2654E+10   5.2654E+10   5.2654E+10   5.2654E+10   5.2654E+10   5.2665E+10   0.0000E+00   0.0000E+00
   1.6488E+04   4.8598E+10   4.8598E+10   4.8598E+10   4.8598E+10   4.8598E+10   4.8598E+10   4.8598E+10   4.8598E+10   4.8608E+10   0.0000E+00   0.0000E+00
   1.7678E+04   4.2853E+10   4.2853E+10   4.2853E+10   4.2853E+10   4.2853E+10   4.2853E+10   4.2853E+10   4.2853E+10   4.2862E+10   0.0000E+00   0.0000E+00
   1.8953E+04   3.4881E+10   3.4881E+10   3.4881E+10   3.4881E+10   3.4881E+10   3.4881E+10   3.4881E+10   3.4881E+10   3.4888E+10   0.0000E+00   0.0000E+00
   2.0321E+04   3.0608E+10   3.0608E+10   3.0608E+10   3.0608E+10   3.0608E+10   3.0608E+10   3.0608E+10   3.0608E+10   3.0614E+10   0.0000E+00   0.0000E+00
   2.1788E+04   2.5459E+10   2.5459E+10   2.5459E+10   2.5459E+10   2.5459E+10   2.5459E+10   2.5459E+10   2.5459E+10   2.5464E+10   0.0000E+00   0.0000E+00
   2.3360E+04   2.2449E+10   2.2449E+10   2.2449E+10   2.2449E+10   2.2449E+10   2.2449E+10   2.2449E+10   2.2449E+10   2.2454E+10   0.0000E+00   0.0000E+00
   2.5046E+04   1.6663E+10   1.6663E+10   1.6663E+10   1.6663E+10   1.6663E+10   1.6663E+10   1.6663E+10   1.6663E+10   1.6667E+10   0.0000E+00   0.0000E+00
   2.6854E+04   1.5542E+10   1.5542E+10   1.5542E+10   1.5542E+10   1.5542E+10   1.5542E+10   1.5542E+10   1.5542E+10   1.5545E+10   0.0000E+00   0.0000E+00
   2.8792E+04   1.4218E+10   1.4218E+10   1.4218E+10   1.4218E+10   1.4218E+10   1.4218E+10   1.4218E+10   1.4218E+10   1.4220E+10   0.0000E+00   0.0000E+00
   3.0869E+04   1.1581E+10   1.1581E+10   1.1581E+10   1.1581E+10   1.1581E+10   1.1581E+10   1.1581E+10   1.1581E+10   1.1583E+10   0.0000E+00   0.0000E+00
   3.3097E+04   1.0354E+10   1.0354E+10   1.0354E+10   1.0354E+10   1.0354E+10   1.0354E+10   1.0354E+10   1.0354E+10   1.0356E+10   0.0000E+00   0.0000E+00
   3.5486E+04   9.5527E+09   9.5527E+09   9.5527E+09   9.5527E+09   9.5527E+09   9.5527E+09   9.5527E+09   9.5527E+09   9.5546E+09   0.0000E+00   0.0000E+00
   3.8047E+04   8.1317E+09   8.1317E+09   8.1317E+09   8.1317E+09   8.1317E+09   8.1317E+09   8.1317E+09   8.1317E+09   8.1334E+09   0.0000E+00   0.0000E+00
   4.0792E+04   7.4538E+09   7.4538E+09   7.4538E+09   7.4538E+09   7.4538E+09   7.4538E+09   7.4538E+09   7.4538E+09   7.4554E+09   0.0000E+00   0.0000E+00
   4.3736E+04   6.6257E+09   6.6257E+09   6.6257E+09   6.6257E+09   6.6257E+09   6.6257E+09   6.6257E+09   6.6257E+09   6.6271E+09   0.0000E+00   0.0000E+00
   4.6893E+04   5.8604E+09   5.8604E+09   5.8604E+09   5.8604E+09   5.8604E+09   5.8604E+09   5.8604E+09   5.8604E+09   5.8616E+09   0.0000E+00   0.0000E+00
   5.0277E+04   5.3101E+09   5.3101E+09   5.3101E+09   5.3101E+09   5.3101E+09   5.3101E+09   5.3101E+09   5.3101E+09   5.3112E+09   0.0000E+00   0.0000E+00
   5.3905E+04   4.8369E+09   4.8369E+09   4.8369E+09   4.8369E+09   4.8369E+09   4.8369E+09   4.8369E+09   4.8369E+09   4.8378E+09   0.0000E+00   0.0000E+00
   5.7795E+04   4.4282E+09   4.4282E+09   4.4282E+09   4.4282E+09   4.4282E+09   4.4282E+09   4.4282E+09   4.4282E+09   4.4291E+09   0.0000E+00   0.0000E+00
   6.1966E+04   4.0507E+09   4.0507E+09   4.0507E+09   4.0507E+09   4.0507E+09   4.0507E+09   4.0507E+09   4.0507E+09   4.0515E+09   0.0000E+00   0.0000E+00
   6.6438E+04   3.7036E+09   3.7036E+09   3.7036E+09   3.7036E+09   3.7036E+09   3.7036E+09   3.7036E+09   3.7036E+09   3.7044E+09   0.0000E+00   0.0000E+00
   7.1233E+04   3.4016E+09   3.4016E+09   3.4016E+09   3.4016E+09   3.4016E+09   3.4016E+09   3.4016E+09   3.4016E+09   3.4023E+09   0.0000E+00   0.0000E+00
   7.6374E+04   3.1157E+09   3.1157E+09   3.1157E+09   3.1157E+09   3.1157E+09   3.1157E+09   3.1157E+09   3.1157E+09   3.1163E+09   0.0000E+00   0.0000E+00
   8.1885E+04   2.8336E+09   2.8336E+09   2.8336E+09   2.8336E+09   2.8336E+09   2.8336E+09   2.8336E+09   2.8336E+09   2.8342E+09   0.0000E+00   0.0000E+00
   8.7795E+04   2.6223E+09   2.6223E+09   2.6223E+09   2.6223E+09   2.6223E+09   2.6223E+09   2.6223E+09   2.6223E+09   2.6229E+09   0.0000E+00   0.0000E+00
   9.4131E+04   2.3844E+09   2.3844E+09   2.3844E+09   2.3844E+09   2.3844E+09   2.3844E+09   2.3844E+09   2.3844E+09   2.3849E+09   0.0000E+00   0.0000E+00
   1.0092E+05   2.1851E+09   2.1851E+09   2.1851E+09   2.1851E+09   2.1851E+09   2.1851E+09   2.1851E+09   2.1851E+09   2.1856E+09   0.0000E+00   0.0000E+00
   1.0821E+05   1.9939E+09   1.9939E+09   1.9939E+09   1.9939E+09   1.9939E+09   1.9939E+09   1.9939E+09   1.9939E+09   1.9943E+09   0.0000E+00   0.0000E+00
   1.1602E+05   1.8078E+09   1.8078E+09   1.8078E+09   1.8078E+09   1.8078E+09   1.8078E+09   1.8078E+09   1.8078E+09   1.8082E+09   0.0000E+00   0.0000E+00
   1.2439E+05   1.6451E+09   1.6451E+09   1.6451E+09   1.6451E+09   1.6451E+09   1.6451E+09   1.6451E+09   1.6451E+09   1.6454E+09   0.0000E+00   0.0000E+00
   1.3337E+05   1.5110E+09   1.5110E+09   1.5110E+09   1.5110E+09   1.5110E+09   1.5110E+09   1.5110E+09   1.5110E+09   1.5113E+09   0.0000E+00   0.0000E+00
   1.4299E+05   1.3861E+09   1.3861E+09   1.3861E+09   1.3861E+09   1.3861E+09   1.3861E+09   1.3861E+09   1.3861E+09   1.3863E+09   0.0000E+00   0.0000E+00
   1.5331E+05   1.2485E+09   1.2485E+09   1.2485E+09   1.2485E+09   1.2485E+09   1.2485E+09   1.2485E+09   1.2485E+09   1.2488E+09   0.0000E+00   0.0000E+00
   1.6437E+05   1.1471E+09   1.1471E+09   1.1471E+09   1.1471E+09   1.1471E+09   1.1471E+09   1.1471E+09   1.1471E+09   1.1473E+09   0.0000E+00   0.0000E+00
   1.7624E+05   1.0334E+09   1.0334E+09   1.0334E+09   1.0334E+09   1.0334E+09   1.0334E+09   1.0334E+09   1.0334E+09   1.0336E+09   0.0000E+00   0.0000E+00
   1.8895E+05   9.2989E+08   9.2989E+08   9.2989E+08   9.2989E+08   9.2989E+08   9.2989E+08   9.2989E+08   9.2989E+08   9.3008E+08   0.0000E+00   0.0000E+00
   2.0259E+05   8.4610E+08   8.4610E+08   8.4610E+08   8.4610E+08   8.4610E+08   8.4610E+08   8.4610E+08   8.4610E+08   8.4628E+08   0.0000E+00   0.0000E+00
   2.1721E+05   7.7091E+08   7.7091E+08   7.7091E+08   7.7091E+08   7.7091E+08   7.7091E+08   7.7091E+08   7.7091E+08   7.7106E+08   0.0000E+00   0.0000E+00
   2.3289E+05   6.9406E+08   6.9406E+08   6.9406E+08   6.9406E+08   6.9406E+08   6.9406E+08   6.9406E+08   6.9406E+08   6.9420E+08   0.0000E+00   0.0000E+00
   2.4969E+05   6.1073E+08   6.1073E+08   6.1073E+08   6.1073E+08   6.1073E+08   6.1073E+08   6.1073E+08   6.1073E+08   6.1086E+08   0.0000E+00   0.0000E+00
   2.6771E+05   5.4993E+08   5.4993E+08   5.4993E+08   5.4993E+08   5.4993E+08   5.4993E+08   5.4993E+08   5.4993E+08   5.5004E+08   0.0000E+00   0.0000E+00
   2.8703E+05   4.9473E+08   4.9473E+08   4.9473E+08   4.9473E+08   4.9473E+08   4.9473E+08   4.9473E+08   4.9473E+08   4.9483E+08   0.0000E+00   0.0000E+00
   3.0775E+05   4.3581E+08   4.3581E+08   4.3581E+08   4.3581E+08   4.3581E+08   4.3581E+08   4.3581E+08   4.3581E+08   4.3590E+08   0.0000E+00   0.0000E+00
   3.2996E+05   3.8295E+08   3.8295E+08   3.8295E+08   3.8295E+08   3.8295E+08   3.8295E+08   3.8295E+08   3.8295E+08   3.8303E+08   0.0000E+00   0.0000E+00
   3.5377E+05   3.3308E+08   3.3308E+08   3.3308E+08   3.3308E+08   3.3308E+08   3.3308E+08   3.3308E+08   3.3308E+08   3.3315E+08   0.0000E+00   0.0000E+00
   3.7930E+05   2.9646E+08   2.9646E+08   2.9646E+08   2.9646E+08   2.9646E+08   2.9646E+08   2.9646E+08   2.9646E+08   2.9652E+08   0.0000E+00   0.0000E+00
   4.0667E+05   2.5786E+08   2.5786E+08   2.5786E+08   2.5786E+08   2.5786E+08   2.5786E+08   2.5786E+08   2.5786E+08   2.5791E+08   0.0000E+00   0.0000E+00
   4.3602E+05   2.2367E+08   2.2367E+08   2.2367E+08   2.2367E+08   2.2367E+08   2.2367E+08   2.2367E+08   2.2367E+08   2.2372E+08   0.0000E+00   0.0000E+00
   4.6749E+05   1.9066E+08   1.9066E+08   1.9066E+08   1.9066E+08   1.9066E+08   1.9066E+08   1.9066E+08   1.9066E+08   1.9070E+08   0.0000E+00   0.0000E+00
   5.0123E+05   1.6529E+08   1.6529E+08   1.6529E+08   1.6529E+08   1.6529E+08   1.6529E+08   1.6529E+08   1.6529E+08   1.6532E+08   0.0000E+00   0.0000E+00
   5.3740E+05   1.3885E+08   1.3885E+08   1.3885E+08   1.3885E+08   1.3885E+08   1.3885E+08   1.3885E+08   1.3885E+08   1.3888E+08   0.0000E+00   0.0000E+00
   5.7618E+05   1.1665E+08   1.1665E+08   1.1665E+08   1.1665E+08   1.1665E+08   1.1665E+08   1.1665E+08   1.1665E+08   1.1667E+08   0.0000E+00   0.0000E+00
   6.1776E+05   9.7995E+07   9.7995E+07   9.7995E+07   9.7995E+07   9.7995E+07   9.7995E+07   9.7995E+07   9.7995E+07   9.8015E+07   0.0000E+00   0.0000E+00
   6.6235E+05   8.0083E+07   8.0083E+07   8.0083E+07   8.0083E+07   8.0083E+07   8.0083E+07   8.0083E+07   8.0083E+07   8.0100E+07   0.0000E+00   0.0000E+00
   7.1015E+05   6.3918E+07   6.3918E+07   6.3918E+07   6.3918E+07   6.3918E+07   6.3918E+07   6.3918E+07   6.3918E+07   6.3931E+07   0.0000E+00   0.0000E+00
   7.6140E+05   5.1250E+07   5.1250E+07   5.1250E+07   5.1250E+07   5.1250E+07   5.1250E+07   5.1250E+07   5.1250E+07   5.1261E+07   0.0000E+00   0.0000E+00
   8.1635E+05   3.9481E+07   3.9481E+07   3.9481E+07   3.9481E+07   3.9481E+07   3.9481E+07   3.9481E+07   3.9481E+07   3.9489E+07   0.0000E+00   0.0000E+00
   8.7526E+05   3.0750E+07   3.0750E+07   3.0750E+07   3.0750E+07   3.0750E+07   3.0750E+07   3.0750E+07   3.0750E+07   3.0757E+07   0.0000E+00   0.0000E+00
   9.3842E+05   2.3675E+07   2.3675E+07   2.3675E+07   2.3675E+07   2.3675E+07   2.3675E+07   2.3675E+07   2.3675E+07   2.3679E+07   0.0000E+00   0.0000E+00
   1.0061E+06   1.6892E+07   1.6892E+07   1.6892E+07   1.6892E+07   1.6892E+07   1.6892E+07   1.6892E+07   1.6892E+07   1.6895E+07   0.0000E+00   0.0000E+00
   1.0788E+06   1.1923E+07   1.1923E+07   1.1923E+07   1.1923E+07   1.1923E+07   1.1923E+07   1.1923E+07   1.1923E+07   1.1925E+07   0.0000E+00   0.0000E+00
   1.1566E+06   8.4153E+06   8.4153E+06   8.4153E+06   8.4153E+06   8.4153E+06   8.4153E+06   8.4153E+06   8.4153E+06   8.4170E+06   0.0000E+00   0.0000E+00
   1.2401E+06   5.9397E+06   5.9397E+06   5.9397E+06   5.9397E+06   5.9397E+06   5.9397E+06   5.9397E+06   5.9397E+06   5.9409E+06   0.0000E+00   0.0000E+00
   1.3296E+06   4.1924E+06   4.1924E+06   4.1924E+06   4.1924E+06   4.1924E+06   4.1924E+06   4.1924E+06   4.1924E+06   4.1933E+06   0.0000E+00   0.0000E+00
   1.4255E+06   2.9591E+06   2.9591E+06   2.9591E+06   2.9591E+06   2.9591E+06   2.9591E+06   2.9591E+06   2.9591E+06   2.9597E+06   0.0000E+00   0.0000E+00
   1.5284E+06   2.0886E+06   2.0886E+06   2.0886E+06   2.0886E+06   2.0886E+06   2.0886E+06   2.0886E+06   2.0886E+06   2.0891E+06   0.0000E+00   0.0000E+00
   1.6387E+06   1.4742E+06   1.4742E+06   1.4742E+06   1.4742E+06   1.4742E+06   1.4742E+06   1.4742E+06   1.4742E+06   1.4745E+06   0.0000E+00   0.0000E+00
   1.7570E+06   1.0405E+06   1.0405E+06   1.0405E+06   1.0405E+06   1.0405E+06   1.0405E+06   1.0405E+06   1.0405E+06   1.0408E+06   0.0000E+00   0.0000E+00
   1.8838E+06   7.3446E+05   7.3446E+05   7.3446E+05   7.3446E+05   7.3446E+05   7.3446E+05   7.3446E+05   7.3446E+05   7.3461E+05   0.0000E+00   0.0000E+00
   2.0197E+06   5.1841E+05   5.1841E+05   5.1841E+05   5.1841E+05   5.1841E+05   5.1841E+05   5.1841E+05   5.1841E+05   5.1851E+05   0.0000E+00   0.0000E+00
   2.1655E+06   3.6591E+05   3.6591E+05   3.6591E+05   3.6591E+05   3.6591E+05   3.6591E+05   3.6591E+05   3.6591E+05   3.6599E+05   0.0000E+00   0.0000E+00
   2.3217E+06   2.5828E+05   2.5828E+05   2.5828E+05   2.5828E+05   2.5828E+05   2.5828E+05   2.5828E+05   2.5828E+05   2.5833E+05   0.0000E+00   0.0000E+00
   2.4893E+06   1.8230E+05   1.8230E+05   1.8230E+05   1.8230E+05   1.8230E+05   1.8230E+05   1.8230E+05   1.8230E+05   1.8234E+05   0.0000E+00   0.0000E+00
   2.6689E+06   1.2868E+05   1.2868E+05   1.2868E+05   1.2868E+05   1.2868E+05   1.2868E+05   1.2868E+05   1.2868E+05   1.2870E+05   0.0000E+00   0.0000E+00
   2.8616E+06   9.0826E+04   9.0826E+04   9.0826E+04   9.0826E+04   9.0826E+04   9.0826E+04   9.0826E+04   9.0826E+04   9.0845E+04   0.0000E+00   0.0000E+00
   3.0681E+06   6.4109E+04   6.4109E+04   6.4109E+04   6.4109E+04   6.4109E+04   6.4109E+04   6.4109E+04   6.4109E+04   6.4123E+04   0.0000E+00   0.0000E+00
   3.2895E+06   4.5252E+04   4.5252E+04   4.5252E+04   4.5252E+04   4.5252E+04   4.5252E+04   4.5252E+04   4.5252E+04   4.5261E+04   0.0000E+00   0.0000E+00
   3.5269E+06   3.1942E+04   3.1942E+04   3.1942E+04   3.1942E+04   3.1942E+04   3.1942E+04   3.1942E+04   3.1942E+04   3.1948E+04   0.0000E+00   0.0000E+00
   3.7814E+06   2.2546E+04   2.2546E+04   2.2546E+04   2.2546E+04   2.2546E+04   2.2546E+04   2.2546E+04   2.2546E+04   2.2551E+04   0.0000E+00   0.0000E+00
   4.0543E+06   1.5915E+04   1.5915E+04   1.5915E+04   1.5915E+04   1.5915E+04   1.5915E+04   1.5915E+04   1.5915E+04   1.5918E+04   0.0000E+00   0.0000E+00
   4.3469E+06   1.1234E+04   1.1234E+04   1.1234E+04   1.1234E+04   1.1234E+04   1.1234E+04   1.1234E+04   1.1234E+04   1.1236E+04   0.0000E+00   0.0000E+00
   4.6606E+06   7.9295E+03   7.9295E+03   7.9295E+03   7.9295E+03   7.9295E+03   7.9295E+03   7.9295E+03   7.9295E+03   7.9311E+03   0.0000E+00   0.0000E+00
   4.9969E+06   5.5973E+03   5.5973E+03   5.5973E+03   5.5973E+03   5.5973E+03   5.5973E+03   5.5973E+03   5.5973E+03   5.5984E+03   0.0000E+00   0.0000E+00
   5.3576E+06   3.9510E+03   3.9510E+03   3.9510E+03   3.9510E+03   3.9510E+03   3.9510E+03   3.9510E+03   3.9510E+03   3.9518E+03   0.0000E+00   0.0000E+00
   5.7442E+06   2.7890E+03   2.7890E+03   2.7890E+03   2.7890E+03   2.7890E+03   2.7890E+03   2.7890E+03   2.7890E+03   2.7895E+03   0.0000E+00   0.0000E+00
   6.1587E+06   1.9687E+03   1.9687E+03   1.9687E+03   1.9687E+03   1.9687E+03   1.9687E+03   1.9687E+03   1.9687E+03   1.9691E+03   0.0000E+00   0.0000E+00
   6.6032E+06   1.3897E+03   1.3897E+03   1.3897E+03   1.3897E+03   1.3897E+03   1.3897E+03   1.3897E+03   1.3897E+03   1.3900E+03   0.0000E+00   0.0000E+00
   7.0797E+06   9.8101E+02   9.8101E+02   9.8101E+02   9.8101E+02   9.8101E+02   9.8101E+02   9.8101E+02   9.8101E+02   9.8121E+02   0.0000E+00   0.0000E+00
   7.5907E+06   6.9250E+02   6.9250E+02   6.9250E+02   6.9250E+02   6.9250E+02   6.9250E+02   6.9250E+02   6.9250E+02   6.9264E+02   0.0000E+00   0.0000E+00
   8.1385E+06   4.8885E+02   4.8885E+02   4.8885E+02   4.8885E+02   4.8885E+02   4.8885E+02   4.8885E+02   4.8885E+02   4.8895E+02   0.0000E+00   0.0000E+00
   8.7258E+06   3.4510E+02   3.4510E+02   3.4510E+02   3.4510E+02   3.4510E+02   3.4510E+02   3.4510E+02   3.4510E+02   3.4517E+02   0.0000E+00   0.0000E+00
   9.3555E+06   2.4361E+02   2.4361E+02   2.4361E+02   2.4361E+02   2.4361E+02   2.4361E+02   2.4361E+02   2.4361E+02   2.4366E+02   0.0000E+00   0.0000E+00
   1.0031E+07   1.7198E+02   1.7198E+02   1.7198E+02   1.7198E+02   1.7198E+02   1.7198E+02   1.7198E+02   1.7198E+02   1.7201E+02   0.0000E+00   0.0000E+00
   1.0755E+07   1.2141E+02   1.2141E+02   1.2141E+02   1.2141E+02   1.2141E+02   1.2141E+02   1.2141E+02   1.2141E+02   1.2143E+02   0.0000E+00   0.0000E+00
   1.1531E+07   8.5711E+01   8.5711E+01   8.5711E+01   8.5711E+01   8.5711E+01   8.5711E+01   8.5711E+01   8.5711E+01   8.5728E+01   0.0000E+00   0.0000E+00
   1.2363E+07   6.0510E+01   6.0510E+01   6.0510E+01   6.0510E+01   6.0510E+01   6.0510E+01   6.0510E+01   6.0510E+01   6.0522E+01   0.0000E+00   0.0000E+00
   1.3255E+07   4.2719E+01   4.2719E+01   4.2719E+01   4.2719E+01   4.2719E+01   4.2719E+01   4.2719E+01   4.2719E+01   4.2728E+01   0.0000E+00   0.0000E+00
   1.4212E+07   3.0159E+01   3.0159E+01   3.0159E+01   3.0159E+01   3.0159E+01   3.0159E+01   3.0159E+01   3.0159E+01   3.0166E+01   0.0000E+00   0.0000E+00
   1.5237E+07   2.1293E+01   2.1293E+01   2.1293E+01   2.1293E+01   2.1293E+01   2.1293E+01   2.1293E+01   2.1293E+01   2.1298E+01   0.0000E+00   0.0000E+00
   1.6337E+07   1.5034E+01   1.5034E+01   1.5034E+01   1.5034E+01   1.5034E+01   1.5034E+01   1.5034E+01   1.5034E+01   1.5037E+01   0.0000E+00   0.0000E+00
   1.7516E+07   1.0614E+01   1.0614E+01   1.0614E+01   1.0614E+01   1.0614E+01   1.0614E+01   1.0614E+01   1.0614E+01   1.0617E+01   0.0000E+00   0.0000E+00
   1.8780E+07   7.4944E+00   7.4944E+00   7.4944E+00   7.4944E+00   7.4944E+00   7.4944E+00   7.4944E+00   7.4944E+00   7.4959E+00   0.0000E+00   0.0000E+00
   2.0135E+07   5.2916E+00   5.2916E+00   5.2916E+00   5.2916E+00   5.2916E+00   5.2916E+00   5.2916E+00   5.2916E+00   5.2927E+00   0.0000E+00   0.0000E+00
   2.1588E+07   3.7364E+00   3.7364E+00   3.7364E+00   3.7364E+00   3.7364E+00   3.7364E+00   3.7364E+00   3.7364E+00   3.7372E+00   0.0000E+00   0.0000E+00
   2.3146E+07   2.6384E+00   2.6384E+00   2.6384E+00   2.6384E+00   2.6384E+00   2.6384E+00   2.6384E+00   2.6384E+00   2.6389E+00   0.0000E+00   0.0000E+00
   2.4817E+07   1.8630E+00   1.8630E+00   1.8630E+00   1.8630E+00   1.8630E+00   1.8630E+00   1.8630E+00   1.8630E+00   1.8634E+00   0.0000E+00   0.0000E+00
   2.6608E+07   1.3156E+00   1.3156E+00   1.3156E+00   1.3156E+00   1.3156E+00   1.3156E+00   1.3156E+00   1.3156E+00   1.3159E+00   0.0000E+00   0.0000E+00
   2.8528E+07   9.2907E-01   9.2907E-01   9.2907E-01   9.2907E-01   9.2907E-01   9.2907E-01   9.2907E-01   9.2907E-01   9.2926E-01   0.0000E+00   0.0000E+00
   3.0587E+07   6.5612E-01   6.5612E-01   6.5612E-01   6.5612E-01   6.5612E-01   6.5612E-01   6.5612E-01   6.5612E-01   6.5626E-01   0.0000E+00   0.0000E+00
   3.2794E+07   4.6338E-01   4.6338E-01   4.6338E-01   4.6338E-01   4.6338E-01   4.6338E-01   4.6338E-01   4.6338E-01   4.6347E-01   0.0000E+00   0.0000E+00
   3.5161E+07   3.2728E-01   3.2728E-01   3.2728E-01   3.2728E-01   3.2728E-01   3.2728E-01   3.2728E-01   3.2728E-01   3.2734E-01   0.0000E+00   0.0000E+00
   3.7698E+07   2.3116E-01   2.3116E-01   2.3116E-01   2.3116E-01   2.3116E-01   2.3116E-01   2.3116E-01   2.3116E-01   2.3120E-01   0.0000E+00   0.0000E+00
   4.0419E+07   1.6328E-01   1.6328E-01   1.6328E-01   1.6328E-01   1.6328E-01   1.6328E-01   1.6328E-01   1.6328E-01   1.6331E-01   0.0000E+00   0.0000E+00
   4.3336E+07   1.1533E-01   1.1533E-01   1.1533E-01   1.1533E-01   1.1533E-01   1.1533E-01   1.1533E-01   1.1533E-01   1.1536E-01   0.0000E+00   0.0000E+00
   4.6463E+07   8.1475E-02   8.1475E-02   8.1475E-02   8.1475E-02   8.1475E-02   8.1475E-02   8.1475E-02   8.1475E-02   8.1491E-02   0.0000E+00   0.0000E+00
   4.9817E+07   5.7558E-02   5.7558E-02   5.7558E-02   5.7558E-02   5.7558E-02   5.7558E-02   5.7558E-02   5.7558E-02   5.7570E-02   0.0000E+00   0.0000E+00
   5.3412E+07   4.0666E-02   4.0666E-02   4.0666E-02   4.0666E-02   4.0666E-02   4.0666E-02   4.0666E-02   4.0666E-02   4.0674E-02   0.0000E+00   0.0000E+00
   5.7266E+07   2.8733E-02   2.8733E-02   2.8733E-02   2.8733E-02   2.8733E-02   2.8733E-02   2.8733E-02   2.8733E-02   2.8739E-02   0.0000E+00   0.0000E+00
   6.1399E+07   2.0303E-02   2.0303E-02   2.0303E-02   2.0303E-02   2.0303E-02   2.0303E-02   2.0303E-02   2.0303E-02   2.0307E-02   0.0000E+00   0.0000E+00
   6.5830E+07   1.4347E-02   1.4347E-02   1.4347E-02   1.4347E-02   1.4347E-02   1.4347E-02   1.4347E-02   1.4347E-02   1.4350E-02   0.0000E+00   0.0000E+00
   7.0581E+07   1.0140E-02   1.0140E-02   1.0140E-02   1.0140E-02   1.0140E-02   1.0140E-02   1.0140E-02   1.0140E-02   1.0142E-02   0.0000E+00   0.0000E+00
   7.5675E+07   7.1665E-03   7.1665E-03   7.1665E-03   7.1665E-03   7.1665E-03   7.1665E-03   7.1665E-03   7.1665E-03   7.1679E-03   0.0000E+00   0.0000E+00
   8.1136E+07   5.0657E-03   5.0657E-03   5.0657E-03   5.0657E-03   5.0657E-03   5.0657E-03   5.0657E-03   5.0657E-03   5.0667E-03   0.0000E+00   0.0000E+00
   8.6991E+07   3.5811E-03   3.5811E-03   3.5811E-03   3.5811E-03   3.5811E-03   3.5811E-03   3.5811E-03   3.5811E-03   3.5818E-03   0.0000E+00   0.0000E+00
   9.3269E+07   2.5319E-03   2.5319E-03   2.5319E-03   2.5319E-03   2.5319E-03   2.5319E-03   2.5319E-03   2.5319E-03   2.5324E-03   0.0000E+00   0.0000E+00
   1.0000E+08   1.7902E-03   1.7902E-03   1.7902E-03   1.7902E-03   1.7902E-03   1.7902E-03   1.7902E-03   1.7902E-03   1.7906E-03   0.0000E+00   0.0000E+00
