 (1): Wavelength (A) 
 (2): Intrinsic SED (1e30 erg/s/A)
 (3 - 9): SED at angles [   0.0000000      0.26183301      0.52366602      0.78549999       1.0473300       1.3091700       1.5710000     ] (1e30 erg/s/A)
 (10): Angle averaged SED (1e30 erg/s/A)
 (11): Molecular cloud emission (1e30 erg/s/A)
 (12): Cirrus emission (1e30 erg/s/A)
  
            1            2            3            4            5            6            7            8            9           10           11           12
   9.5000E+01   6.2305E+12   6.2305E+12   6.2305E+12   6.2305E+12   6.2305E+12   6.2305E+12   6.2305E+12   6.2305E+12   6.2317E+12   0.0000E+00   0.0000E+00
   1.0186E+02   6.4638E+12   6.4638E+12   6.4638E+12   6.4638E+12   6.4638E+12   6.4638E+12   6.4638E+12   6.4638E+12   6.4651E+12   0.0000E+00   0.0000E+00
   1.0921E+02   6.4707E+12   6.4707E+12   6.4707E+12   6.4707E+12   6.4707E+12   6.4707E+12   6.4707E+12   6.4707E+12   6.4720E+12   0.0000E+00   0.0000E+00
   1.1709E+02   6.4768E+12   6.4768E+12   6.4768E+12   6.4768E+12   6.4768E+12   6.4768E+12   6.4768E+12   6.4768E+12   6.4781E+12   0.0000E+00   0.0000E+00
   1.2554E+02   6.6475E+12   6.6475E+12   6.6475E+12   6.6475E+12   6.6475E+12   6.6475E+12   6.6475E+12   6.6475E+12   6.6488E+12   0.0000E+00   0.0000E+00
   1.3460E+02   6.6478E+12   6.6478E+12   6.6478E+12   6.6478E+12   6.6478E+12   6.6478E+12   6.6478E+12   6.6478E+12   6.6492E+12   0.0000E+00   0.0000E+00
   1.4431E+02   6.6858E+12   6.6858E+12   6.6858E+12   6.6858E+12   6.6858E+12   6.6858E+12   6.6858E+12   6.6858E+12   6.6871E+12   0.0000E+00   0.0000E+00
   1.5473E+02   6.7958E+12   6.7958E+12   6.7958E+12   6.7958E+12   6.7958E+12   6.7958E+12   6.7958E+12   6.7958E+12   6.7972E+12   0.0000E+00   0.0000E+00
   1.6589E+02   6.8559E+12   6.8559E+12   6.8559E+12   6.8559E+12   6.8559E+12   6.8559E+12   6.8559E+12   6.8559E+12   6.8573E+12   0.0000E+00   0.0000E+00
   1.7786E+02   6.8562E+12   6.8562E+12   6.8562E+12   6.8562E+12   6.8562E+12   6.8562E+12   6.8562E+12   6.8562E+12   6.8576E+12   0.0000E+00   0.0000E+00
   1.9070E+02   6.8556E+12   6.8556E+12   6.8556E+12   6.8556E+12   6.8556E+12   6.8556E+12   6.8556E+12   6.8556E+12   6.8570E+12   0.0000E+00   0.0000E+00
   2.0446E+02   6.9593E+12   6.9593E+12   6.9593E+12   6.9593E+12   6.9593E+12   6.9593E+12   6.9593E+12   6.9593E+12   6.9607E+12   0.0000E+00   0.0000E+00
   2.1922E+02   7.0088E+12   7.0088E+12   7.0088E+12   7.0088E+12   7.0088E+12   7.0088E+12   7.0088E+12   7.0088E+12   7.0102E+12   0.0000E+00   0.0000E+00
   2.3504E+02   7.2957E+12   7.2957E+12   7.2957E+12   7.2957E+12   7.2957E+12   7.2957E+12   7.2957E+12   7.2957E+12   7.2972E+12   0.0000E+00   0.0000E+00
   2.5200E+02   7.8082E+12   7.8082E+12   7.8082E+12   7.8082E+12   7.8082E+12   7.8082E+12   7.8082E+12   7.8082E+12   7.8098E+12   0.0000E+00   0.0000E+00
   2.7019E+02   8.2610E+12   8.2610E+12   8.2610E+12   8.2610E+12   8.2610E+12   8.2610E+12   8.2610E+12   8.2610E+12   8.2627E+12   0.0000E+00   0.0000E+00
   2.8969E+02   8.2459E+12   8.2459E+12   8.2459E+12   8.2459E+12   8.2459E+12   8.2459E+12   8.2459E+12   8.2459E+12   8.2476E+12   0.0000E+00   0.0000E+00
   3.1059E+02   8.0149E+12   8.0149E+12   8.0149E+12   8.0149E+12   8.0149E+12   8.0149E+12   8.0149E+12   8.0149E+12   8.0166E+12   0.0000E+00   0.0000E+00
   3.3301E+02   8.3681E+12   8.3681E+12   8.3681E+12   8.3681E+12   8.3681E+12   8.3681E+12   8.3681E+12   8.3681E+12   8.3698E+12   0.0000E+00   0.0000E+00
   3.5704E+02   8.4177E+12   8.4177E+12   8.4177E+12   8.4177E+12   8.4177E+12   8.4177E+12   8.4177E+12   8.4177E+12   8.4194E+12   0.0000E+00   0.0000E+00
   3.8280E+02   8.4774E+12   8.4774E+12   8.4774E+12   8.4774E+12   8.4774E+12   8.4774E+12   8.4774E+12   8.4774E+12   8.4792E+12   0.0000E+00   0.0000E+00
   4.1043E+02   8.9831E+12   8.9831E+12   8.9831E+12   8.9831E+12   8.9831E+12   8.9831E+12   8.9831E+12   8.9831E+12   8.9850E+12   0.0000E+00   0.0000E+00
   4.4005E+02   8.9277E+12   8.9277E+12   8.9277E+12   8.9277E+12   8.9277E+12   8.9277E+12   8.9277E+12   8.9277E+12   8.9295E+12   0.0000E+00   0.0000E+00
   4.7181E+02   8.9270E+12   8.9270E+12   8.9270E+12   8.9270E+12   8.9270E+12   8.9270E+12   8.9270E+12   8.9270E+12   8.9288E+12   0.0000E+00   0.0000E+00
   5.0586E+02   8.8780E+12   8.8780E+12   8.8780E+12   8.8780E+12   8.8780E+12   8.8780E+12   8.8780E+12   8.8780E+12   8.8798E+12   0.0000E+00   0.0000E+00
   5.4236E+02   8.9387E+12   8.9387E+12   8.9387E+12   8.9387E+12   8.9387E+12   8.9387E+12   8.9387E+12   8.9387E+12   8.9405E+12   0.0000E+00   0.0000E+00
   5.8151E+02   9.2157E+12   9.2157E+12   9.2157E+12   9.2157E+12   9.2157E+12   9.2157E+12   9.2157E+12   9.2157E+12   9.2176E+12   0.0000E+00   0.0000E+00
   6.2347E+02   8.9830E+12   8.9830E+12   8.9830E+12   8.9830E+12   8.9830E+12   8.9830E+12   8.9830E+12   8.9830E+12   8.9848E+12   0.0000E+00   0.0000E+00
   6.6847E+02   8.9162E+12   8.9162E+12   8.9162E+12   8.9162E+12   8.9162E+12   8.9162E+12   8.9162E+12   8.9162E+12   8.9180E+12   0.0000E+00   0.0000E+00
   7.1671E+02   8.7143E+12   8.7143E+12   8.7143E+12   8.7143E+12   8.7143E+12   8.7143E+12   8.7143E+12   8.7143E+12   8.7160E+12   0.0000E+00   0.0000E+00
   7.6843E+02   8.3747E+12   8.3747E+12   8.3747E+12   8.3747E+12   8.3747E+12   8.3747E+12   8.3747E+12   8.3747E+12   8.3764E+12   0.0000E+00   0.0000E+00
   8.2389E+02   8.4460E+12   8.4460E+12   8.4460E+12   8.4460E+12   8.4460E+12   8.4460E+12   8.4460E+12   8.4460E+12   8.4477E+12   0.0000E+00   0.0000E+00
   8.8334E+02   8.4232E+12   8.4232E+12   8.4232E+12   8.4232E+12   8.4232E+12   8.4232E+12   8.4232E+12   8.4232E+12   8.4249E+12   0.0000E+00   0.0000E+00
   9.4709E+02   1.2388E+13   1.2388E+13   1.2388E+13   1.2388E+13   1.2388E+13   1.2388E+13   1.2388E+13   1.2388E+13   1.2390E+13   0.0000E+00   0.0000E+00
   1.0154E+03   1.3393E+13   1.3393E+13   1.3393E+13   1.3393E+13   1.3393E+13   1.3393E+13   1.3393E+13   1.3393E+13   1.3396E+13   0.0000E+00   0.0000E+00
   1.0887E+03   1.3536E+13   1.3536E+13   1.3536E+13   1.3536E+13   1.3536E+13   1.3536E+13   1.3536E+13   1.3536E+13   1.3539E+13   0.0000E+00   0.0000E+00
   1.1673E+03   1.3006E+13   1.3006E+13   1.3006E+13   1.3006E+13   1.3006E+13   1.3006E+13   1.3006E+13   1.3006E+13   1.3009E+13   0.0000E+00   0.0000E+00
   1.2515E+03   1.2693E+13   1.2693E+13   1.2693E+13   1.2693E+13   1.2693E+13   1.2693E+13   1.2693E+13   1.2693E+13   1.2695E+13   0.0000E+00   0.0000E+00
   1.3419E+03   1.1947E+13   1.1947E+13   1.1947E+13   1.1947E+13   1.1947E+13   1.1947E+13   1.1947E+13   1.1947E+13   1.1950E+13   0.0000E+00   0.0000E+00
   1.4387E+03   1.0757E+13   1.0757E+13   1.0757E+13   1.0757E+13   1.0757E+13   1.0757E+13   1.0757E+13   1.0757E+13   1.0759E+13   0.0000E+00   0.0000E+00
   1.5425E+03   8.9743E+12   8.9743E+12   8.9743E+12   8.9743E+12   8.9743E+12   8.9743E+12   8.9743E+12   8.9743E+12   8.9761E+12   0.0000E+00   0.0000E+00
   1.6538E+03   8.3183E+12   8.3183E+12   8.3183E+12   8.3183E+12   8.3183E+12   8.3183E+12   8.3183E+12   8.3183E+12   8.3200E+12   0.0000E+00   0.0000E+00
   1.7732E+03   7.4714E+12   7.4714E+12   7.4714E+12   7.4714E+12   7.4714E+12   7.4714E+12   7.4714E+12   7.4714E+12   7.4729E+12   0.0000E+00   0.0000E+00
   1.9012E+03   6.6019E+12   6.6019E+12   6.6019E+12   6.6019E+12   6.6019E+12   6.6019E+12   6.6019E+12   6.6019E+12   6.6033E+12   0.0000E+00   0.0000E+00
   2.0384E+03   5.8819E+12   5.8819E+12   5.8819E+12   5.8819E+12   5.8819E+12   5.8819E+12   5.8819E+12   5.8819E+12   5.8831E+12   0.0000E+00   0.0000E+00
   2.1855E+03   5.2221E+12   5.2221E+12   5.2221E+12   5.2221E+12   5.2221E+12   5.2221E+12   5.2221E+12   5.2221E+12   5.2231E+12   0.0000E+00   0.0000E+00
   2.3432E+03   4.6089E+12   4.6089E+12   4.6089E+12   4.6089E+12   4.6089E+12   4.6089E+12   4.6089E+12   4.6089E+12   4.6098E+12   0.0000E+00   0.0000E+00
   2.5123E+03   4.1818E+12   4.1818E+12   4.1818E+12   4.1818E+12   4.1818E+12   4.1818E+12   4.1818E+12   4.1818E+12   4.1826E+12   0.0000E+00   0.0000E+00
   2.6936E+03   3.9020E+12   3.9020E+12   3.9020E+12   3.9020E+12   3.9020E+12   3.9020E+12   3.9020E+12   3.9020E+12   3.9028E+12   0.0000E+00   0.0000E+00
   2.8880E+03   3.5259E+12   3.5259E+12   3.5259E+12   3.5259E+12   3.5259E+12   3.5259E+12   3.5259E+12   3.5259E+12   3.5266E+12   0.0000E+00   0.0000E+00
   3.0964E+03   3.1530E+12   3.1530E+12   3.1530E+12   3.1530E+12   3.1530E+12   3.1530E+12   3.1530E+12   3.1530E+12   3.1537E+12   0.0000E+00   0.0000E+00
   3.3199E+03   2.7552E+12   2.7552E+12   2.7552E+12   2.7552E+12   2.7552E+12   2.7552E+12   2.7552E+12   2.7552E+12   2.7557E+12   0.0000E+00   0.0000E+00
   3.5595E+03   2.4002E+12   2.4002E+12   2.4002E+12   2.4002E+12   2.4002E+12   2.4002E+12   2.4002E+12   2.4002E+12   2.4007E+12   0.0000E+00   0.0000E+00
   3.8163E+03   2.3676E+12   2.3676E+12   2.3676E+12   2.3676E+12   2.3676E+12   2.3676E+12   2.3676E+12   2.3676E+12   2.3681E+12   0.0000E+00   0.0000E+00
   4.0918E+03   2.1166E+12   2.1166E+12   2.1166E+12   2.1166E+12   2.1166E+12   2.1166E+12   2.1166E+12   2.1166E+12   2.1170E+12   0.0000E+00   0.0000E+00
   4.3870E+03   1.9221E+12   1.9221E+12   1.9221E+12   1.9221E+12   1.9221E+12   1.9221E+12   1.9221E+12   1.9221E+12   1.9225E+12   0.0000E+00   0.0000E+00
   4.7036E+03   1.7178E+12   1.7178E+12   1.7178E+12   1.7178E+12   1.7178E+12   1.7178E+12   1.7178E+12   1.7178E+12   1.7182E+12   0.0000E+00   0.0000E+00
   5.0431E+03   1.5022E+12   1.5022E+12   1.5022E+12   1.5022E+12   1.5022E+12   1.5022E+12   1.5022E+12   1.5022E+12   1.5025E+12   0.0000E+00   0.0000E+00
   5.4070E+03   1.3277E+12   1.3277E+12   1.3277E+12   1.3277E+12   1.3277E+12   1.3277E+12   1.3277E+12   1.3277E+12   1.3280E+12   0.0000E+00   0.0000E+00
   5.7973E+03   1.2073E+12   1.2073E+12   1.2073E+12   1.2073E+12   1.2073E+12   1.2073E+12   1.2073E+12   1.2073E+12   1.2075E+12   0.0000E+00   0.0000E+00
   6.2156E+03   1.0705E+12   1.0705E+12   1.0705E+12   1.0705E+12   1.0705E+12   1.0705E+12   1.0705E+12   1.0705E+12   1.0707E+12   0.0000E+00   0.0000E+00
   6.6642E+03   9.6225E+11   9.6225E+11   9.6225E+11   9.6225E+11   9.6225E+11   9.6225E+11   9.6225E+11   9.6225E+11   9.6245E+11   0.0000E+00   0.0000E+00
   7.1451E+03   8.5187E+11   8.5187E+11   8.5187E+11   8.5187E+11   8.5187E+11   8.5187E+11   8.5187E+11   8.5187E+11   8.5204E+11   0.0000E+00   0.0000E+00
   7.6608E+03   7.7025E+11   7.7025E+11   7.7025E+11   7.7025E+11   7.7025E+11   7.7025E+11   7.7025E+11   7.7025E+11   7.7041E+11   0.0000E+00   0.0000E+00
   8.2136E+03   6.8801E+11   6.8801E+11   6.8801E+11   6.8801E+11   6.8801E+11   6.8801E+11   6.8801E+11   6.8801E+11   6.8815E+11   0.0000E+00   0.0000E+00
   8.8064E+03   5.9763E+11   5.9763E+11   5.9763E+11   5.9763E+11   5.9763E+11   5.9763E+11   5.9763E+11   5.9763E+11   5.9775E+11   0.0000E+00   0.0000E+00
   9.4420E+03   5.5397E+11   5.5397E+11   5.5397E+11   5.5397E+11   5.5397E+11   5.5397E+11   5.5397E+11   5.5397E+11   5.5408E+11   0.0000E+00   0.0000E+00
   1.0123E+04   4.9503E+11   4.9503E+11   4.9503E+11   4.9503E+11   4.9503E+11   4.9503E+11   4.9503E+11   4.9503E+11   4.9513E+11   0.0000E+00   0.0000E+00
   1.0854E+04   4.3825E+11   4.3825E+11   4.3825E+11   4.3825E+11   4.3825E+11   4.3825E+11   4.3825E+11   4.3825E+11   4.3834E+11   0.0000E+00   0.0000E+00
   1.1637E+04   3.9353E+11   3.9353E+11   3.9353E+11   3.9353E+11   3.9353E+11   3.9353E+11   3.9353E+11   3.9353E+11   3.9361E+11   0.0000E+00   0.0000E+00
   1.2477E+04   3.4645E+11   3.4645E+11   3.4645E+11   3.4645E+11   3.4645E+11   3.4645E+11   3.4645E+11   3.4645E+11   3.4652E+11   0.0000E+00   0.0000E+00
   1.3377E+04   3.1861E+11   3.1861E+11   3.1861E+11   3.1861E+11   3.1861E+11   3.1861E+11   3.1861E+11   3.1861E+11   3.1868E+11   0.0000E+00   0.0000E+00
   1.4343E+04   2.9719E+11   2.9719E+11   2.9719E+11   2.9719E+11   2.9719E+11   2.9719E+11   2.9719E+11   2.9719E+11   2.9725E+11   0.0000E+00   0.0000E+00
   1.5378E+04   2.7961E+11   2.7961E+11   2.7961E+11   2.7961E+11   2.7961E+11   2.7961E+11   2.7961E+11   2.7961E+11   2.7967E+11   0.0000E+00   0.0000E+00
   1.6488E+04   2.6757E+11   2.6757E+11   2.6757E+11   2.6757E+11   2.6757E+11   2.6757E+11   2.6757E+11   2.6757E+11   2.6762E+11   0.0000E+00   0.0000E+00
   1.7678E+04   2.5865E+11   2.5865E+11   2.5865E+11   2.5865E+11   2.5865E+11   2.5865E+11   2.5865E+11   2.5865E+11   2.5870E+11   0.0000E+00   0.0000E+00
   1.8953E+04   2.4010E+11   2.4010E+11   2.4010E+11   2.4010E+11   2.4010E+11   2.4010E+11   2.4010E+11   2.4010E+11   2.4015E+11   0.0000E+00   0.0000E+00
   2.0321E+04   2.3060E+11   2.3060E+11   2.3060E+11   2.3060E+11   2.3060E+11   2.3060E+11   2.3060E+11   2.3060E+11   2.3064E+11   0.0000E+00   0.0000E+00
   2.1788E+04   2.1876E+11   2.1876E+11   2.1876E+11   2.1876E+11   2.1876E+11   2.1876E+11   2.1876E+11   2.1876E+11   2.1881E+11   0.0000E+00   0.0000E+00
   2.3360E+04   2.0991E+11   2.0991E+11   2.0991E+11   2.0991E+11   2.0991E+11   2.0991E+11   2.0991E+11   2.0991E+11   2.0995E+11   0.0000E+00   0.0000E+00
   2.5046E+04   1.9408E+11   1.9408E+11   1.9408E+11   1.9408E+11   1.9408E+11   1.9408E+11   1.9408E+11   1.9408E+11   1.9412E+11   0.0000E+00   0.0000E+00
   2.6854E+04   1.8640E+11   1.8640E+11   1.8640E+11   1.8640E+11   1.8640E+11   1.8640E+11   1.8640E+11   1.8640E+11   1.8643E+11   0.0000E+00   0.0000E+00
   2.8792E+04   1.7795E+11   1.7795E+11   1.7795E+11   1.7795E+11   1.7795E+11   1.7795E+11   1.7795E+11   1.7795E+11   1.7798E+11   0.0000E+00   0.0000E+00
   3.0869E+04   1.6392E+11   1.6392E+11   1.6392E+11   1.6392E+11   1.6392E+11   1.6392E+11   1.6392E+11   1.6392E+11   1.6396E+11   0.0000E+00   0.0000E+00
   3.3097E+04   1.5346E+11   1.5346E+11   1.5346E+11   1.5346E+11   1.5346E+11   1.5346E+11   1.5346E+11   1.5346E+11   1.5349E+11   0.0000E+00   0.0000E+00
   3.5486E+04   1.4539E+11   1.4539E+11   1.4539E+11   1.4539E+11   1.4539E+11   1.4539E+11   1.4539E+11   1.4539E+11   1.4542E+11   0.0000E+00   0.0000E+00
   3.8047E+04   1.3378E+11   1.3378E+11   1.3378E+11   1.3378E+11   1.3378E+11   1.3378E+11   1.3378E+11   1.3378E+11   1.3380E+11   0.0000E+00   0.0000E+00
   4.0792E+04   1.2616E+11   1.2616E+11   1.2616E+11   1.2616E+11   1.2616E+11   1.2616E+11   1.2616E+11   1.2616E+11   1.2619E+11   0.0000E+00   0.0000E+00
   4.3736E+04   1.1768E+11   1.1768E+11   1.1768E+11   1.1768E+11   1.1768E+11   1.1768E+11   1.1768E+11   1.1768E+11   1.1770E+11   0.0000E+00   0.0000E+00
   4.6893E+04   1.0900E+11   1.0900E+11   1.0900E+11   1.0900E+11   1.0900E+11   1.0900E+11   1.0900E+11   1.0900E+11   1.0902E+11   0.0000E+00   0.0000E+00
   5.0277E+04   1.0130E+11   1.0130E+11   1.0130E+11   1.0130E+11   1.0130E+11   1.0130E+11   1.0130E+11   1.0130E+11   1.0132E+11   0.0000E+00   0.0000E+00
   5.3905E+04   9.4218E+10   9.4218E+10   9.4218E+10   9.4218E+10   9.4218E+10   9.4218E+10   9.4218E+10   9.4218E+10   9.4237E+10   0.0000E+00   0.0000E+00
   5.7795E+04   8.7685E+10   8.7685E+10   8.7685E+10   8.7685E+10   8.7685E+10   8.7685E+10   8.7685E+10   8.7685E+10   8.7703E+10   0.0000E+00   0.0000E+00
   6.1966E+04   8.1598E+10   8.1598E+10   8.1598E+10   8.1598E+10   8.1598E+10   8.1598E+10   8.1598E+10   8.1598E+10   8.1614E+10   0.0000E+00   0.0000E+00
   6.6438E+04   7.5930E+10   7.5930E+10   7.5930E+10   7.5930E+10   7.5930E+10   7.5930E+10   7.5930E+10   7.5930E+10   7.5946E+10   0.0000E+00   0.0000E+00
   7.1233E+04   7.0696E+10   7.0696E+10   7.0696E+10   7.0696E+10   7.0696E+10   7.0696E+10   7.0696E+10   7.0696E+10   7.0711E+10   0.0000E+00   0.0000E+00
   7.6374E+04   6.5412E+10   6.5412E+10   6.5412E+10   6.5412E+10   6.5412E+10   6.5412E+10   6.5412E+10   6.5412E+10   6.5426E+10   0.0000E+00   0.0000E+00
   8.1885E+04   5.9964E+10   5.9964E+10   5.9964E+10   5.9964E+10   5.9964E+10   5.9964E+10   5.9964E+10   5.9964E+10   5.9976E+10   0.0000E+00   0.0000E+00
   8.7795E+04   5.5880E+10   5.5880E+10   5.5880E+10   5.5880E+10   5.5880E+10   5.5880E+10   5.5880E+10   5.5880E+10   5.5891E+10   0.0000E+00   0.0000E+00
   9.4131E+04   5.1095E+10   5.1095E+10   5.1095E+10   5.1095E+10   5.1095E+10   5.1095E+10   5.1095E+10   5.1095E+10   5.1105E+10   0.0000E+00   0.0000E+00
   1.0092E+05   4.7066E+10   4.7066E+10   4.7066E+10   4.7066E+10   4.7066E+10   4.7066E+10   4.7066E+10   4.7066E+10   4.7076E+10   0.0000E+00   0.0000E+00
   1.0821E+05   4.3208E+10   4.3208E+10   4.3208E+10   4.3208E+10   4.3208E+10   4.3208E+10   4.3208E+10   4.3208E+10   4.3217E+10   0.0000E+00   0.0000E+00
   1.1602E+05   3.9360E+10   3.9360E+10   3.9360E+10   3.9360E+10   3.9360E+10   3.9360E+10   3.9360E+10   3.9360E+10   3.9368E+10   0.0000E+00   0.0000E+00
   1.2439E+05   3.5954E+10   3.5954E+10   3.5954E+10   3.5954E+10   3.5954E+10   3.5954E+10   3.5954E+10   3.5954E+10   3.5961E+10   0.0000E+00   0.0000E+00
   1.3337E+05   3.3128E+10   3.3128E+10   3.3128E+10   3.3128E+10   3.3128E+10   3.3128E+10   3.3128E+10   3.3128E+10   3.3134E+10   0.0000E+00   0.0000E+00
   1.4299E+05   3.0463E+10   3.0463E+10   3.0463E+10   3.0463E+10   3.0463E+10   3.0463E+10   3.0463E+10   3.0463E+10   3.0469E+10   0.0000E+00   0.0000E+00
   1.5331E+05   2.7490E+10   2.7490E+10   2.7490E+10   2.7490E+10   2.7490E+10   2.7490E+10   2.7490E+10   2.7490E+10   2.7496E+10   0.0000E+00   0.0000E+00
   1.6437E+05   2.5297E+10   2.5297E+10   2.5297E+10   2.5297E+10   2.5297E+10   2.5297E+10   2.5297E+10   2.5297E+10   2.5302E+10   0.0000E+00   0.0000E+00
   1.7624E+05   2.2816E+10   2.2816E+10   2.2816E+10   2.2816E+10   2.2816E+10   2.2816E+10   2.2816E+10   2.2816E+10   2.2821E+10   0.0000E+00   0.0000E+00
   1.8895E+05   2.0550E+10   2.0550E+10   2.0550E+10   2.0550E+10   2.0550E+10   2.0550E+10   2.0550E+10   2.0550E+10   2.0554E+10   0.0000E+00   0.0000E+00
   2.0259E+05   1.8713E+10   1.8713E+10   1.8713E+10   1.8713E+10   1.8713E+10   1.8713E+10   1.8713E+10   1.8713E+10   1.8716E+10   0.0000E+00   0.0000E+00
   2.1721E+05   1.7059E+10   1.7059E+10   1.7059E+10   1.7059E+10   1.7059E+10   1.7059E+10   1.7059E+10   1.7059E+10   1.7062E+10   0.0000E+00   0.0000E+00
   2.3289E+05   1.5365E+10   1.5365E+10   1.5365E+10   1.5365E+10   1.5365E+10   1.5365E+10   1.5365E+10   1.5365E+10   1.5368E+10   0.0000E+00   0.0000E+00
   2.4969E+05   1.3525E+10   1.3525E+10   1.3525E+10   1.3525E+10   1.3525E+10   1.3525E+10   1.3525E+10   1.3525E+10   1.3527E+10   0.0000E+00   0.0000E+00
   2.6771E+05   1.2182E+10   1.2182E+10   1.2182E+10   1.2182E+10   1.2182E+10   1.2182E+10   1.2182E+10   1.2182E+10   1.2184E+10   0.0000E+00   0.0000E+00
   2.8703E+05   1.0962E+10   1.0962E+10   1.0962E+10   1.0962E+10   1.0962E+10   1.0962E+10   1.0962E+10   1.0962E+10   1.0964E+10   0.0000E+00   0.0000E+00
   3.0775E+05   9.6583E+09   9.6583E+09   9.6583E+09   9.6583E+09   9.6583E+09   9.6583E+09   9.6583E+09   9.6583E+09   9.6603E+09   0.0000E+00   0.0000E+00
   3.2996E+05   8.4883E+09   8.4883E+09   8.4883E+09   8.4883E+09   8.4883E+09   8.4883E+09   8.4883E+09   8.4883E+09   8.4900E+09   0.0000E+00   0.0000E+00
   3.5377E+05   7.3840E+09   7.3840E+09   7.3840E+09   7.3840E+09   7.3840E+09   7.3840E+09   7.3840E+09   7.3840E+09   7.3855E+09   0.0000E+00   0.0000E+00
   3.7930E+05   6.5729E+09   6.5729E+09   6.5729E+09   6.5729E+09   6.5729E+09   6.5729E+09   6.5729E+09   6.5729E+09   6.5742E+09   0.0000E+00   0.0000E+00
   4.0667E+05   5.7178E+09   5.7178E+09   5.7178E+09   5.7178E+09   5.7178E+09   5.7178E+09   5.7178E+09   5.7178E+09   5.7189E+09   0.0000E+00   0.0000E+00
   4.3602E+05   4.9601E+09   4.9601E+09   4.9601E+09   4.9601E+09   4.9601E+09   4.9601E+09   4.9601E+09   4.9601E+09   4.9611E+09   0.0000E+00   0.0000E+00
   4.6749E+05   4.2283E+09   4.2283E+09   4.2283E+09   4.2283E+09   4.2283E+09   4.2283E+09   4.2283E+09   4.2283E+09   4.2292E+09   0.0000E+00   0.0000E+00
   5.0123E+05   3.6658E+09   3.6658E+09   3.6658E+09   3.6658E+09   3.6658E+09   3.6658E+09   3.6658E+09   3.6658E+09   3.6666E+09   0.0000E+00   0.0000E+00
   5.3740E+05   3.0797E+09   3.0797E+09   3.0797E+09   3.0797E+09   3.0797E+09   3.0797E+09   3.0797E+09   3.0797E+09   3.0804E+09   0.0000E+00   0.0000E+00
   5.7618E+05   2.5873E+09   2.5873E+09   2.5873E+09   2.5873E+09   2.5873E+09   2.5873E+09   2.5873E+09   2.5873E+09   2.5879E+09   0.0000E+00   0.0000E+00
   6.1776E+05   2.1737E+09   2.1737E+09   2.1737E+09   2.1737E+09   2.1737E+09   2.1737E+09   2.1737E+09   2.1737E+09   2.1741E+09   0.0000E+00   0.0000E+00
   6.6235E+05   1.7764E+09   1.7764E+09   1.7764E+09   1.7764E+09   1.7764E+09   1.7764E+09   1.7764E+09   1.7764E+09   1.7768E+09   0.0000E+00   0.0000E+00
   7.1015E+05   1.4179E+09   1.4179E+09   1.4179E+09   1.4179E+09   1.4179E+09   1.4179E+09   1.4179E+09   1.4179E+09   1.4181E+09   0.0000E+00   0.0000E+00
   7.6140E+05   1.1369E+09   1.1369E+09   1.1369E+09   1.1369E+09   1.1369E+09   1.1369E+09   1.1369E+09   1.1369E+09   1.1371E+09   0.0000E+00   0.0000E+00
   8.1635E+05   8.7580E+08   8.7580E+08   8.7580E+08   8.7580E+08   8.7580E+08   8.7580E+08   8.7580E+08   8.7580E+08   8.7597E+08   0.0000E+00   0.0000E+00
   8.7526E+05   6.8214E+08   6.8214E+08   6.8214E+08   6.8214E+08   6.8214E+08   6.8214E+08   6.8214E+08   6.8214E+08   6.8228E+08   0.0000E+00   0.0000E+00
   9.3842E+05   5.2518E+08   5.2518E+08   5.2518E+08   5.2518E+08   5.2518E+08   5.2518E+08   5.2518E+08   5.2518E+08   5.2528E+08   0.0000E+00   0.0000E+00
   1.0061E+06   3.7471E+08   3.7471E+08   3.7471E+08   3.7471E+08   3.7471E+08   3.7471E+08   3.7471E+08   3.7471E+08   3.7478E+08   0.0000E+00   0.0000E+00
   1.0788E+06   2.6447E+08   2.6447E+08   2.6447E+08   2.6447E+08   2.6447E+08   2.6447E+08   2.6447E+08   2.6447E+08   2.6453E+08   0.0000E+00   0.0000E+00
   1.1566E+06   1.8667E+08   1.8667E+08   1.8667E+08   1.8667E+08   1.8667E+08   1.8667E+08   1.8667E+08   1.8667E+08   1.8670E+08   0.0000E+00   0.0000E+00
   1.2401E+06   1.3175E+08   1.3175E+08   1.3175E+08   1.3175E+08   1.3175E+08   1.3175E+08   1.3175E+08   1.3175E+08   1.3178E+08   0.0000E+00   0.0000E+00
   1.3296E+06   9.2992E+07   9.2992E+07   9.2992E+07   9.2992E+07   9.2992E+07   9.2992E+07   9.2992E+07   9.2992E+07   9.3011E+07   0.0000E+00   0.0000E+00
   1.4255E+06   6.5634E+07   6.5634E+07   6.5634E+07   6.5634E+07   6.5634E+07   6.5634E+07   6.5634E+07   6.5634E+07   6.5648E+07   0.0000E+00   0.0000E+00
   1.5284E+06   4.6325E+07   4.6325E+07   4.6325E+07   4.6325E+07   4.6325E+07   4.6325E+07   4.6325E+07   4.6325E+07   4.6335E+07   0.0000E+00   0.0000E+00
   1.6387E+06   3.2697E+07   3.2697E+07   3.2697E+07   3.2697E+07   3.2697E+07   3.2697E+07   3.2697E+07   3.2697E+07   3.2703E+07   0.0000E+00   0.0000E+00
   1.7570E+06   2.3078E+07   2.3078E+07   2.3078E+07   2.3078E+07   2.3078E+07   2.3078E+07   2.3078E+07   2.3078E+07   2.3082E+07   0.0000E+00   0.0000E+00
   1.8838E+06   1.6289E+07   1.6289E+07   1.6289E+07   1.6289E+07   1.6289E+07   1.6289E+07   1.6289E+07   1.6289E+07   1.6292E+07   0.0000E+00   0.0000E+00
   2.0197E+06   1.1497E+07   1.1497E+07   1.1497E+07   1.1497E+07   1.1497E+07   1.1497E+07   1.1497E+07   1.1497E+07   1.1499E+07   0.0000E+00   0.0000E+00
   2.1655E+06   8.1144E+06   8.1144E+06   8.1144E+06   8.1144E+06   8.1144E+06   8.1144E+06   8.1144E+06   8.1144E+06   8.1161E+06   0.0000E+00   0.0000E+00
   2.3217E+06   5.7273E+06   5.7273E+06   5.7273E+06   5.7273E+06   5.7273E+06   5.7273E+06   5.7273E+06   5.7273E+06   5.7284E+06   0.0000E+00   0.0000E+00
   2.4893E+06   4.0424E+06   4.0424E+06   4.0424E+06   4.0424E+06   4.0424E+06   4.0424E+06   4.0424E+06   4.0424E+06   4.0432E+06   0.0000E+00   0.0000E+00
   2.6689E+06   2.8531E+06   2.8531E+06   2.8531E+06   2.8531E+06   2.8531E+06   2.8531E+06   2.8531E+06   2.8531E+06   2.8537E+06   0.0000E+00   0.0000E+00
   2.8616E+06   2.0138E+06   2.0138E+06   2.0138E+06   2.0138E+06   2.0138E+06   2.0138E+06   2.0138E+06   2.0138E+06   2.0142E+06   0.0000E+00   0.0000E+00
   3.0681E+06   1.4213E+06   1.4213E+06   1.4213E+06   1.4213E+06   1.4213E+06   1.4213E+06   1.4213E+06   1.4213E+06   1.4216E+06   0.0000E+00   0.0000E+00
   3.2895E+06   1.0032E+06   1.0032E+06   1.0032E+06   1.0032E+06   1.0032E+06   1.0032E+06   1.0032E+06   1.0032E+06   1.0034E+06   0.0000E+00   0.0000E+00
   3.5269E+06   7.0808E+05   7.0808E+05   7.0808E+05   7.0808E+05   7.0808E+05   7.0808E+05   7.0808E+05   7.0808E+05   7.0822E+05   0.0000E+00   0.0000E+00
   3.7814E+06   4.9977E+05   4.9977E+05   4.9977E+05   4.9977E+05   4.9977E+05   4.9977E+05   4.9977E+05   4.9977E+05   4.9987E+05   0.0000E+00   0.0000E+00
   4.0543E+06   3.5275E+05   3.5275E+05   3.5275E+05   3.5275E+05   3.5275E+05   3.5275E+05   3.5275E+05   3.5275E+05   3.5282E+05   0.0000E+00   0.0000E+00
   4.3469E+06   2.4897E+05   2.4897E+05   2.4897E+05   2.4897E+05   2.4897E+05   2.4897E+05   2.4897E+05   2.4897E+05   2.4902E+05   0.0000E+00   0.0000E+00
   4.6606E+06   1.7573E+05   1.7573E+05   1.7573E+05   1.7573E+05   1.7573E+05   1.7573E+05   1.7573E+05   1.7573E+05   1.7576E+05   0.0000E+00   0.0000E+00
   4.9969E+06   1.2403E+05   1.2403E+05   1.2403E+05   1.2403E+05   1.2403E+05   1.2403E+05   1.2403E+05   1.2403E+05   1.2406E+05   0.0000E+00   0.0000E+00
   5.3576E+06   8.7543E+04   8.7543E+04   8.7543E+04   8.7543E+04   8.7543E+04   8.7543E+04   8.7543E+04   8.7543E+04   8.7561E+04   0.0000E+00   0.0000E+00
   5.7442E+06   6.1790E+04   6.1790E+04   6.1790E+04   6.1790E+04   6.1790E+04   6.1790E+04   6.1790E+04   6.1790E+04   6.1802E+04   0.0000E+00   0.0000E+00
   6.1587E+06   4.3613E+04   4.3613E+04   4.3613E+04   4.3613E+04   4.3613E+04   4.3613E+04   4.3613E+04   4.3613E+04   4.3622E+04   0.0000E+00   0.0000E+00
   6.6032E+06   3.0782E+04   3.0782E+04   3.0782E+04   3.0782E+04   3.0782E+04   3.0782E+04   3.0782E+04   3.0782E+04   3.0789E+04   0.0000E+00   0.0000E+00
   7.0797E+06   2.1727E+04   2.1727E+04   2.1727E+04   2.1727E+04   2.1727E+04   2.1727E+04   2.1727E+04   2.1727E+04   2.1731E+04   0.0000E+00   0.0000E+00
   7.5907E+06   1.5335E+04   1.5335E+04   1.5335E+04   1.5335E+04   1.5335E+04   1.5335E+04   1.5335E+04   1.5335E+04   1.5338E+04   0.0000E+00   0.0000E+00
   8.1385E+06   1.0824E+04   1.0824E+04   1.0824E+04   1.0824E+04   1.0824E+04   1.0824E+04   1.0824E+04   1.0824E+04   1.0826E+04   0.0000E+00   0.0000E+00
   8.7258E+06   7.6397E+03   7.6397E+03   7.6397E+03   7.6397E+03   7.6397E+03   7.6397E+03   7.6397E+03   7.6397E+03   7.6413E+03   0.0000E+00   0.0000E+00
   9.3555E+06   5.3922E+03   5.3922E+03   5.3922E+03   5.3922E+03   5.3922E+03   5.3922E+03   5.3922E+03   5.3922E+03   5.3933E+03   0.0000E+00   0.0000E+00
   1.0031E+07   3.8060E+03   3.8060E+03   3.8060E+03   3.8060E+03   3.8060E+03   3.8060E+03   3.8060E+03   3.8060E+03   3.8068E+03   0.0000E+00   0.0000E+00
   1.0755E+07   2.6864E+03   2.6864E+03   2.6864E+03   2.6864E+03   2.6864E+03   2.6864E+03   2.6864E+03   2.6864E+03   2.6869E+03   0.0000E+00   0.0000E+00
   1.1531E+07   1.8961E+03   1.8961E+03   1.8961E+03   1.8961E+03   1.8961E+03   1.8961E+03   1.8961E+03   1.8961E+03   1.8965E+03   0.0000E+00   0.0000E+00
   1.2363E+07   1.3383E+03   1.3383E+03   1.3383E+03   1.3383E+03   1.3383E+03   1.3383E+03   1.3383E+03   1.3383E+03   1.3386E+03   0.0000E+00   0.0000E+00
   1.3255E+07   9.4461E+02   9.4461E+02   9.4461E+02   9.4461E+02   9.4461E+02   9.4461E+02   9.4461E+02   9.4461E+02   9.4480E+02   0.0000E+00   0.0000E+00
   1.4212E+07   6.6673E+02   6.6673E+02   6.6673E+02   6.6673E+02   6.6673E+02   6.6673E+02   6.6673E+02   6.6673E+02   6.6687E+02   0.0000E+00   0.0000E+00
   1.5237E+07   4.7060E+02   4.7060E+02   4.7060E+02   4.7060E+02   4.7060E+02   4.7060E+02   4.7060E+02   4.7060E+02   4.7070E+02   0.0000E+00   0.0000E+00
   1.6337E+07   3.3217E+02   3.3217E+02   3.3217E+02   3.3217E+02   3.3217E+02   3.3217E+02   3.3217E+02   3.3217E+02   3.3223E+02   0.0000E+00   0.0000E+00
   1.7516E+07   2.3445E+02   2.3445E+02   2.3445E+02   2.3445E+02   2.3445E+02   2.3445E+02   2.3445E+02   2.3445E+02   2.3450E+02   0.0000E+00   0.0000E+00
   1.8780E+07   1.6549E+02   1.6549E+02   1.6549E+02   1.6549E+02   1.6549E+02   1.6549E+02   1.6549E+02   1.6549E+02   1.6552E+02   0.0000E+00   0.0000E+00
   2.0135E+07   1.1680E+02   1.1680E+02   1.1680E+02   1.1680E+02   1.1680E+02   1.1680E+02   1.1680E+02   1.1680E+02   1.1683E+02   0.0000E+00   0.0000E+00
   2.1588E+07   8.2446E+01   8.2446E+01   8.2446E+01   8.2446E+01   8.2446E+01   8.2446E+01   8.2446E+01   8.2446E+01   8.2463E+01   0.0000E+00   0.0000E+00
   2.3146E+07   5.8194E+01   5.8194E+01   5.8194E+01   5.8194E+01   5.8194E+01   5.8194E+01   5.8194E+01   5.8194E+01   5.8206E+01   0.0000E+00   0.0000E+00
   2.4817E+07   4.1076E+01   4.1076E+01   4.1076E+01   4.1076E+01   4.1076E+01   4.1076E+01   4.1076E+01   4.1076E+01   4.1084E+01   0.0000E+00   0.0000E+00
   2.6608E+07   2.8993E+01   2.8993E+01   2.8993E+01   2.8993E+01   2.8993E+01   2.8993E+01   2.8993E+01   2.8993E+01   2.8999E+01   0.0000E+00   0.0000E+00
   2.8528E+07   2.0465E+01   2.0465E+01   2.0465E+01   2.0465E+01   2.0465E+01   2.0465E+01   2.0465E+01   2.0465E+01   2.0469E+01   0.0000E+00   0.0000E+00
   3.0587E+07   1.4445E+01   1.4445E+01   1.4445E+01   1.4445E+01   1.4445E+01   1.4445E+01   1.4445E+01   1.4445E+01   1.4448E+01   0.0000E+00   0.0000E+00
   3.2794E+07   1.0196E+01   1.0196E+01   1.0196E+01   1.0196E+01   1.0196E+01   1.0196E+01   1.0196E+01   1.0196E+01   1.0198E+01   0.0000E+00   0.0000E+00
   3.5161E+07   7.1970E+00   7.1970E+00   7.1970E+00   7.1970E+00   7.1970E+00   7.1970E+00   7.1970E+00   7.1970E+00   7.1985E+00   0.0000E+00   0.0000E+00
   3.7698E+07   5.0801E+00   5.0801E+00   5.0801E+00   5.0801E+00   5.0801E+00   5.0801E+00   5.0801E+00   5.0801E+00   5.0811E+00   0.0000E+00   0.0000E+00
   4.0419E+07   3.5859E+00   3.5859E+00   3.5859E+00   3.5859E+00   3.5859E+00   3.5859E+00   3.5859E+00   3.5859E+00   3.5866E+00   0.0000E+00   0.0000E+00
   4.3336E+07   2.5311E+00   2.5311E+00   2.5311E+00   2.5311E+00   2.5311E+00   2.5311E+00   2.5311E+00   2.5311E+00   2.5317E+00   0.0000E+00   0.0000E+00
   4.6463E+07   1.7867E+00   1.7867E+00   1.7867E+00   1.7867E+00   1.7867E+00   1.7867E+00   1.7867E+00   1.7867E+00   1.7870E+00   0.0000E+00   0.0000E+00
   4.9817E+07   1.2612E+00   1.2612E+00   1.2612E+00   1.2612E+00   1.2612E+00   1.2612E+00   1.2612E+00   1.2612E+00   1.2614E+00   0.0000E+00   0.0000E+00
   5.3412E+07   8.9024E-01   8.9024E-01   8.9024E-01   8.9024E-01   8.9024E-01   8.9024E-01   8.9024E-01   8.9024E-01   8.9042E-01   0.0000E+00   0.0000E+00
   5.7266E+07   6.2841E-01   6.2841E-01   6.2841E-01   6.2841E-01   6.2841E-01   6.2841E-01   6.2841E-01   6.2841E-01   6.2854E-01   0.0000E+00   0.0000E+00
   6.1399E+07   4.4360E-01   4.4360E-01   4.4360E-01   4.4360E-01   4.4360E-01   4.4360E-01   4.4360E-01   4.4360E-01   4.4369E-01   0.0000E+00   0.0000E+00
   6.5830E+07   3.1313E-01   3.1313E-01   3.1313E-01   3.1313E-01   3.1313E-01   3.1313E-01   3.1313E-01   3.1313E-01   3.1320E-01   0.0000E+00   0.0000E+00
   7.0581E+07   2.2104E-01   2.2104E-01   2.2104E-01   2.2104E-01   2.2104E-01   2.2104E-01   2.2104E-01   2.2104E-01   2.2109E-01   0.0000E+00   0.0000E+00
   7.5675E+07   1.5604E-01   1.5604E-01   1.5604E-01   1.5604E-01   1.5604E-01   1.5604E-01   1.5604E-01   1.5604E-01   1.5607E-01   0.0000E+00   0.0000E+00
   8.1136E+07   1.1015E-01   1.1015E-01   1.1015E-01   1.1015E-01   1.1015E-01   1.1015E-01   1.1015E-01   1.1015E-01   1.1017E-01   0.0000E+00   0.0000E+00
   8.6991E+07   7.7758E-02   7.7758E-02   7.7758E-02   7.7758E-02   7.7758E-02   7.7758E-02   7.7758E-02   7.7758E-02   7.7774E-02   0.0000E+00   0.0000E+00
   9.3269E+07   5.4893E-02   5.4893E-02   5.4893E-02   5.4893E-02   5.4893E-02   5.4893E-02   5.4893E-02   5.4893E-02   5.4904E-02   0.0000E+00   0.0000E+00
   1.0000E+08   3.8751E-02   3.8751E-02   3.8751E-02   3.8751E-02   3.8751E-02   3.8751E-02   3.8751E-02   3.8751E-02   3.8759E-02   0.0000E+00   0.0000E+00
