 (1): Wavelength (A) 
 (2): Intrinsic SED (1e30 erg/s/A)
 (3 - 9): SED at angles [   0.0000000      0.26183301      0.52366602      0.78549999       1.0473300       1.3091700       1.5710000     ] (1e30 erg/s/A)
 (10): Angle averaged SED (1e30 erg/s/A)
 (11): Molecular cloud emission (1e30 erg/s/A)
 (12): Cirrus emission (1e30 erg/s/A)
  
            1            2            3            4            5            6            7            8            9           10           11           12
   9.5000E+01   4.5545E+09   4.5545E+09   4.5545E+09   4.5545E+09   4.5545E+09   4.5545E+09   4.5545E+09   4.5545E+09   4.5554E+09   0.0000E+00   0.0000E+00
   1.0186E+02   7.5904E+09   7.5904E+09   7.5904E+09   7.5904E+09   7.5904E+09   7.5904E+09   7.5904E+09   7.5904E+09   7.5919E+09   0.0000E+00   0.0000E+00
   1.0921E+02   7.8221E+09   7.8221E+09   7.8221E+09   7.8221E+09   7.8221E+09   7.8221E+09   7.8221E+09   7.8221E+09   7.8237E+09   0.0000E+00   0.0000E+00
   1.1709E+02   8.0356E+09   8.0356E+09   8.0356E+09   8.0356E+09   8.0356E+09   8.0356E+09   8.0356E+09   8.0356E+09   8.0372E+09   0.0000E+00   0.0000E+00
   1.2554E+02   9.4087E+09   9.4087E+09   9.4087E+09   9.4087E+09   9.4087E+09   9.4087E+09   9.4087E+09   9.4087E+09   9.4106E+09   0.0000E+00   0.0000E+00
   1.3460E+02   9.6183E+09   9.6183E+09   9.6183E+09   9.6183E+09   9.6183E+09   9.6183E+09   9.6183E+09   9.6183E+09   9.6203E+09   0.0000E+00   0.0000E+00
   1.4431E+02   1.3406E+10   1.3406E+10   1.3406E+10   1.3406E+10   1.3406E+10   1.3406E+10   1.3406E+10   1.3406E+10   1.3408E+10   0.0000E+00   0.0000E+00
   1.5473E+02   1.5921E+10   1.5921E+10   1.5921E+10   1.5921E+10   1.5921E+10   1.5921E+10   1.5921E+10   1.5921E+10   1.5924E+10   0.0000E+00   0.0000E+00
   1.6589E+02   1.6319E+10   1.6319E+10   1.6319E+10   1.6319E+10   1.6319E+10   1.6319E+10   1.6319E+10   1.6319E+10   1.6322E+10   0.0000E+00   0.0000E+00
   1.7786E+02   1.6616E+10   1.6616E+10   1.6616E+10   1.6616E+10   1.6616E+10   1.6616E+10   1.6616E+10   1.6616E+10   1.6620E+10   0.0000E+00   0.0000E+00
   1.9070E+02   1.6906E+10   1.6906E+10   1.6906E+10   1.6906E+10   1.6906E+10   1.6906E+10   1.6906E+10   1.6906E+10   1.6909E+10   0.0000E+00   0.0000E+00
   2.0446E+02   1.7316E+10   1.7316E+10   1.7316E+10   1.7316E+10   1.7316E+10   1.7316E+10   1.7316E+10   1.7316E+10   1.7320E+10   0.0000E+00   0.0000E+00
   2.1922E+02   1.7686E+10   1.7686E+10   1.7686E+10   1.7686E+10   1.7686E+10   1.7686E+10   1.7686E+10   1.7686E+10   1.7690E+10   0.0000E+00   0.0000E+00
   2.3504E+02   6.3738E+10   6.3738E+10   6.3738E+10   6.3738E+10   6.3738E+10   6.3738E+10   6.3738E+10   6.3738E+10   6.3751E+10   0.0000E+00   0.0000E+00
   2.5200E+02   1.8182E+11   1.8182E+11   1.8182E+11   1.8182E+11   1.8182E+11   1.8182E+11   1.8182E+11   1.8182E+11   1.8186E+11   0.0000E+00   0.0000E+00
   2.7019E+02   2.4283E+11   2.4283E+11   2.4283E+11   2.4283E+11   2.4283E+11   2.4283E+11   2.4283E+11   2.4283E+11   2.4288E+11   0.0000E+00   0.0000E+00
   2.8969E+02   2.3193E+11   2.3193E+11   2.3193E+11   2.3193E+11   2.3193E+11   2.3193E+11   2.3193E+11   2.3193E+11   2.3197E+11   0.0000E+00   0.0000E+00
   3.1059E+02   1.8434E+11   1.8434E+11   1.8434E+11   1.8434E+11   1.8434E+11   1.8434E+11   1.8434E+11   1.8434E+11   1.8438E+11   0.0000E+00   0.0000E+00
   3.3301E+02   2.3718E+11   2.3718E+11   2.3718E+11   2.3718E+11   2.3718E+11   2.3718E+11   2.3718E+11   2.3718E+11   2.3723E+11   0.0000E+00   0.0000E+00
   3.5704E+02   2.3487E+11   2.3487E+11   2.3487E+11   2.3487E+11   2.3487E+11   2.3487E+11   2.3487E+11   2.3487E+11   2.3492E+11   0.0000E+00   0.0000E+00
   3.8280E+02   2.2988E+11   2.2988E+11   2.2988E+11   2.2988E+11   2.2988E+11   2.2988E+11   2.2988E+11   2.2988E+11   2.2993E+11   0.0000E+00   0.0000E+00
   4.1043E+02   2.4475E+11   2.4475E+11   2.4475E+11   2.4475E+11   2.4475E+11   2.4475E+11   2.4475E+11   2.4475E+11   2.4480E+11   0.0000E+00   0.0000E+00
   4.4005E+02   2.2958E+11   2.2958E+11   2.2958E+11   2.2958E+11   2.2958E+11   2.2958E+11   2.2958E+11   2.2958E+11   2.2962E+11   0.0000E+00   0.0000E+00
   4.7181E+02   2.1204E+11   2.1204E+11   2.1204E+11   2.1204E+11   2.1204E+11   2.1204E+11   2.1204E+11   2.1204E+11   2.1208E+11   0.0000E+00   0.0000E+00
   5.0586E+02   2.1429E+11   2.1429E+11   2.1429E+11   2.1429E+11   2.1429E+11   2.1429E+11   2.1429E+11   2.1429E+11   2.1433E+11   0.0000E+00   0.0000E+00
   5.4236E+02   2.3089E+11   2.3089E+11   2.3089E+11   2.3089E+11   2.3089E+11   2.3089E+11   2.3089E+11   2.3089E+11   2.3093E+11   0.0000E+00   0.0000E+00
   5.8151E+02   2.4272E+11   2.4272E+11   2.4272E+11   2.4272E+11   2.4272E+11   2.4272E+11   2.4272E+11   2.4272E+11   2.4277E+11   0.0000E+00   0.0000E+00
   6.2347E+02   2.3529E+11   2.3529E+11   2.3529E+11   2.3529E+11   2.3529E+11   2.3529E+11   2.3529E+11   2.3529E+11   2.3534E+11   0.0000E+00   0.0000E+00
   6.6847E+02   2.2408E+11   2.2408E+11   2.2408E+11   2.2408E+11   2.2408E+11   2.2408E+11   2.2408E+11   2.2408E+11   2.2413E+11   0.0000E+00   0.0000E+00
   7.1671E+02   2.1543E+11   2.1543E+11   2.1543E+11   2.1543E+11   2.1543E+11   2.1543E+11   2.1543E+11   2.1543E+11   2.1547E+11   0.0000E+00   0.0000E+00
   7.6843E+02   1.9083E+11   1.9083E+11   1.9083E+11   1.9083E+11   1.9083E+11   1.9083E+11   1.9083E+11   1.9083E+11   1.9087E+11   0.0000E+00   0.0000E+00
   8.2389E+02   1.9041E+11   1.9041E+11   1.9041E+11   1.9041E+11   1.9041E+11   1.9041E+11   1.9041E+11   1.9041E+11   1.9045E+11   0.0000E+00   0.0000E+00
   8.8334E+02   1.7932E+11   1.7932E+11   1.7932E+11   1.7932E+11   1.7932E+11   1.7932E+11   1.7932E+11   1.7932E+11   1.7935E+11   0.0000E+00   0.0000E+00
   9.4709E+02   1.0372E+12   1.0372E+12   1.0372E+12   1.0372E+12   1.0372E+12   1.0372E+12   1.0372E+12   1.0372E+12   1.0375E+12   0.0000E+00   0.0000E+00
   1.0154E+03   1.2484E+12   1.2484E+12   1.2484E+12   1.2484E+12   1.2484E+12   1.2484E+12   1.2484E+12   1.2484E+12   1.2487E+12   0.0000E+00   0.0000E+00
   1.0887E+03   1.2974E+12   1.2974E+12   1.2974E+12   1.2974E+12   1.2974E+12   1.2974E+12   1.2974E+12   1.2974E+12   1.2976E+12   0.0000E+00   0.0000E+00
   1.1673E+03   1.2123E+12   1.2123E+12   1.2123E+12   1.2123E+12   1.2123E+12   1.2123E+12   1.2123E+12   1.2123E+12   1.2126E+12   0.0000E+00   0.0000E+00
   1.2515E+03   1.1550E+12   1.1550E+12   1.1550E+12   1.1550E+12   1.1550E+12   1.1550E+12   1.1550E+12   1.1550E+12   1.1552E+12   0.0000E+00   0.0000E+00
   1.3419E+03   1.1881E+12   1.1881E+12   1.1881E+12   1.1881E+12   1.1881E+12   1.1881E+12   1.1881E+12   1.1881E+12   1.1883E+12   0.0000E+00   0.0000E+00
   1.4387E+03   1.0484E+12   1.0484E+12   1.0484E+12   1.0484E+12   1.0484E+12   1.0484E+12   1.0484E+12   1.0484E+12   1.0486E+12   0.0000E+00   0.0000E+00
   1.5425E+03   8.2465E+11   8.2465E+11   8.2465E+11   8.2465E+11   8.2465E+11   8.2465E+11   8.2465E+11   8.2465E+11   8.2482E+11   0.0000E+00   0.0000E+00
   1.6538E+03   7.6677E+11   7.6677E+11   7.6677E+11   7.6677E+11   7.6677E+11   7.6677E+11   7.6677E+11   7.6677E+11   7.6692E+11   0.0000E+00   0.0000E+00
   1.7732E+03   7.2156E+11   7.2156E+11   7.2156E+11   7.2156E+11   7.2156E+11   7.2156E+11   7.2156E+11   7.2156E+11   7.2171E+11   0.0000E+00   0.0000E+00
   1.9012E+03   6.2872E+11   6.2872E+11   6.2872E+11   6.2872E+11   6.2872E+11   6.2872E+11   6.2872E+11   6.2872E+11   6.2885E+11   0.0000E+00   0.0000E+00
   2.0384E+03   5.7750E+11   5.7750E+11   5.7750E+11   5.7750E+11   5.7750E+11   5.7750E+11   5.7750E+11   5.7750E+11   5.7762E+11   0.0000E+00   0.0000E+00
   2.1855E+03   5.0776E+11   5.0776E+11   5.0776E+11   5.0776E+11   5.0776E+11   5.0776E+11   5.0776E+11   5.0776E+11   5.0786E+11   0.0000E+00   0.0000E+00
   2.3432E+03   3.9876E+11   3.9876E+11   3.9876E+11   3.9876E+11   3.9876E+11   3.9876E+11   3.9876E+11   3.9876E+11   3.9884E+11   0.0000E+00   0.0000E+00
   2.5123E+03   3.6261E+11   3.6261E+11   3.6261E+11   3.6261E+11   3.6261E+11   3.6261E+11   3.6261E+11   3.6261E+11   3.6268E+11   0.0000E+00   0.0000E+00
   2.6936E+03   3.5911E+11   3.5911E+11   3.5911E+11   3.5911E+11   3.5911E+11   3.5911E+11   3.5911E+11   3.5911E+11   3.5919E+11   0.0000E+00   0.0000E+00
   2.8880E+03   3.3614E+11   3.3614E+11   3.3614E+11   3.3614E+11   3.3614E+11   3.3614E+11   3.3614E+11   3.3614E+11   3.3620E+11   0.0000E+00   0.0000E+00
   3.0964E+03   3.2911E+11   3.2911E+11   3.2911E+11   3.2911E+11   3.2911E+11   3.2911E+11   3.2911E+11   3.2911E+11   3.2917E+11   0.0000E+00   0.0000E+00
   3.3199E+03   3.0562E+11   3.0562E+11   3.0562E+11   3.0562E+11   3.0562E+11   3.0562E+11   3.0562E+11   3.0562E+11   3.0568E+11   0.0000E+00   0.0000E+00
   3.5595E+03   2.9401E+11   2.9401E+11   2.9401E+11   2.9401E+11   2.9401E+11   2.9401E+11   2.9401E+11   2.9401E+11   2.9407E+11   0.0000E+00   0.0000E+00
   3.8163E+03   4.5150E+11   4.5150E+11   4.5150E+11   4.5150E+11   4.5150E+11   4.5150E+11   4.5150E+11   4.5150E+11   4.5159E+11   0.0000E+00   0.0000E+00
   4.0918E+03   4.4232E+11   4.4232E+11   4.4232E+11   4.4232E+11   4.4232E+11   4.4232E+11   4.4232E+11   4.4232E+11   4.4241E+11   0.0000E+00   0.0000E+00
   4.3870E+03   4.4744E+11   4.4744E+11   4.4744E+11   4.4744E+11   4.4744E+11   4.4744E+11   4.4744E+11   4.4744E+11   4.4753E+11   0.0000E+00   0.0000E+00
   4.7036E+03   4.1615E+11   4.1615E+11   4.1615E+11   4.1615E+11   4.1615E+11   4.1615E+11   4.1615E+11   4.1615E+11   4.1623E+11   0.0000E+00   0.0000E+00
   5.0431E+03   3.6712E+11   3.6712E+11   3.6712E+11   3.6712E+11   3.6712E+11   3.6712E+11   3.6712E+11   3.6712E+11   3.6719E+11   0.0000E+00   0.0000E+00
   5.4070E+03   3.2575E+11   3.2575E+11   3.2575E+11   3.2575E+11   3.2575E+11   3.2575E+11   3.2575E+11   3.2575E+11   3.2582E+11   0.0000E+00   0.0000E+00
   5.7973E+03   3.1039E+11   3.1039E+11   3.1039E+11   3.1039E+11   3.1039E+11   3.1039E+11   3.1039E+11   3.1039E+11   3.1046E+11   0.0000E+00   0.0000E+00
   6.2156E+03   2.7183E+11   2.7183E+11   2.7183E+11   2.7183E+11   2.7183E+11   2.7183E+11   2.7183E+11   2.7183E+11   2.7188E+11   0.0000E+00   0.0000E+00
   6.6642E+03   2.4301E+11   2.4301E+11   2.4301E+11   2.4301E+11   2.4301E+11   2.4301E+11   2.4301E+11   2.4301E+11   2.4306E+11   0.0000E+00   0.0000E+00
   7.1451E+03   2.1585E+11   2.1585E+11   2.1585E+11   2.1585E+11   2.1585E+11   2.1585E+11   2.1585E+11   2.1585E+11   2.1590E+11   0.0000E+00   0.0000E+00
   7.6608E+03   1.9628E+11   1.9628E+11   1.9628E+11   1.9628E+11   1.9628E+11   1.9628E+11   1.9628E+11   1.9628E+11   1.9632E+11   0.0000E+00   0.0000E+00
   8.2136E+03   1.7746E+11   1.7746E+11   1.7746E+11   1.7746E+11   1.7746E+11   1.7746E+11   1.7746E+11   1.7746E+11   1.7749E+11   0.0000E+00   0.0000E+00
   8.8064E+03   1.4846E+11   1.4846E+11   1.4846E+11   1.4846E+11   1.4846E+11   1.4846E+11   1.4846E+11   1.4846E+11   1.4849E+11   0.0000E+00   0.0000E+00
   9.4420E+03   1.4124E+11   1.4124E+11   1.4124E+11   1.4124E+11   1.4124E+11   1.4124E+11   1.4124E+11   1.4124E+11   1.4127E+11   0.0000E+00   0.0000E+00
   1.0123E+04   1.2562E+11   1.2562E+11   1.2562E+11   1.2562E+11   1.2562E+11   1.2562E+11   1.2562E+11   1.2562E+11   1.2564E+11   0.0000E+00   0.0000E+00
   1.0854E+04   1.0752E+11   1.0752E+11   1.0752E+11   1.0752E+11   1.0752E+11   1.0752E+11   1.0752E+11   1.0752E+11   1.0754E+11   0.0000E+00   0.0000E+00
   1.1637E+04   9.4588E+10   9.4588E+10   9.4588E+10   9.4588E+10   9.4588E+10   9.4588E+10   9.4588E+10   9.4588E+10   9.4607E+10   0.0000E+00   0.0000E+00
   1.2477E+04   7.8592E+10   7.8592E+10   7.8592E+10   7.8592E+10   7.8592E+10   7.8592E+10   7.8592E+10   7.8592E+10   7.8608E+10   0.0000E+00   0.0000E+00
   1.3377E+04   6.9801E+10   6.9801E+10   6.9801E+10   6.9801E+10   6.9801E+10   6.9801E+10   6.9801E+10   6.9801E+10   6.9815E+10   0.0000E+00   0.0000E+00
   1.4343E+04   6.1748E+10   6.1748E+10   6.1748E+10   6.1748E+10   6.1748E+10   6.1748E+10   6.1748E+10   6.1748E+10   6.1760E+10   0.0000E+00   0.0000E+00
   1.5378E+04   5.3944E+10   5.3944E+10   5.3944E+10   5.3944E+10   5.3944E+10   5.3944E+10   5.3944E+10   5.3944E+10   5.3955E+10   0.0000E+00   0.0000E+00
   1.6488E+04   4.9958E+10   4.9958E+10   4.9958E+10   4.9958E+10   4.9958E+10   4.9958E+10   4.9958E+10   4.9958E+10   4.9969E+10   0.0000E+00   0.0000E+00
   1.7678E+04   4.3014E+10   4.3014E+10   4.3014E+10   4.3014E+10   4.3014E+10   4.3014E+10   4.3014E+10   4.3014E+10   4.3023E+10   0.0000E+00   0.0000E+00
   1.8953E+04   3.2939E+10   3.2939E+10   3.2939E+10   3.2939E+10   3.2939E+10   3.2939E+10   3.2939E+10   3.2939E+10   3.2945E+10   0.0000E+00   0.0000E+00
   2.0321E+04   2.8025E+10   2.8025E+10   2.8025E+10   2.8025E+10   2.8025E+10   2.8025E+10   2.8025E+10   2.8025E+10   2.8031E+10   0.0000E+00   0.0000E+00
   2.1788E+04   2.1560E+10   2.1560E+10   2.1560E+10   2.1560E+10   2.1560E+10   2.1560E+10   2.1560E+10   2.1560E+10   2.1565E+10   0.0000E+00   0.0000E+00
   2.3360E+04   1.8411E+10   1.8411E+10   1.8411E+10   1.8411E+10   1.8411E+10   1.8411E+10   1.8411E+10   1.8411E+10   1.8415E+10   0.0000E+00   0.0000E+00
   2.5046E+04   1.0804E+10   1.0804E+10   1.0804E+10   1.0804E+10   1.0804E+10   1.0804E+10   1.0804E+10   1.0804E+10   1.0806E+10   0.0000E+00   0.0000E+00
   2.6854E+04   9.8477E+09   9.8477E+09   9.8477E+09   9.8477E+09   9.8477E+09   9.8477E+09   9.8477E+09   9.8477E+09   9.8497E+09   0.0000E+00   0.0000E+00
   2.8792E+04   8.6770E+09   8.6770E+09   8.6770E+09   8.6770E+09   8.6770E+09   8.6770E+09   8.6770E+09   8.6770E+09   8.6787E+09   0.0000E+00   0.0000E+00
   3.0869E+04   5.7039E+09   5.7039E+09   5.7039E+09   5.7039E+09   5.7039E+09   5.7039E+09   5.7039E+09   5.7039E+09   5.7050E+09   0.0000E+00   0.0000E+00
   3.3097E+04   4.7583E+09   4.7583E+09   4.7583E+09   4.7583E+09   4.7583E+09   4.7583E+09   4.7583E+09   4.7583E+09   4.7592E+09   0.0000E+00   0.0000E+00
   3.5486E+04   4.2529E+09   4.2529E+09   4.2529E+09   4.2529E+09   4.2529E+09   4.2529E+09   4.2529E+09   4.2529E+09   4.2537E+09   0.0000E+00   0.0000E+00
   3.8047E+04   2.9545E+09   2.9545E+09   2.9545E+09   2.9545E+09   2.9545E+09   2.9545E+09   2.9545E+09   2.9545E+09   2.9551E+09   0.0000E+00   0.0000E+00
   4.0792E+04   2.5250E+09   2.5250E+09   2.5250E+09   2.5250E+09   2.5250E+09   2.5250E+09   2.5250E+09   2.5250E+09   2.5255E+09   0.0000E+00   0.0000E+00
   4.3736E+04   1.9067E+09   1.9067E+09   1.9067E+09   1.9067E+09   1.9067E+09   1.9067E+09   1.9067E+09   1.9067E+09   1.9071E+09   0.0000E+00   0.0000E+00
   4.6893E+04   1.3697E+09   1.3697E+09   1.3697E+09   1.3697E+09   1.3697E+09   1.3697E+09   1.3697E+09   1.3697E+09   1.3700E+09   0.0000E+00   0.0000E+00
   5.0277E+04   1.0798E+09   1.0798E+09   1.0798E+09   1.0798E+09   1.0798E+09   1.0798E+09   1.0798E+09   1.0798E+09   1.0800E+09   0.0000E+00   0.0000E+00
   5.3905E+04   8.6341E+08   8.6341E+08   8.6341E+08   8.6341E+08   8.6341E+08   8.6341E+08   8.6341E+08   8.6341E+08   8.6358E+08   0.0000E+00   0.0000E+00
   5.7795E+04   7.0373E+08   7.0373E+08   7.0373E+08   7.0373E+08   7.0373E+08   7.0373E+08   7.0373E+08   7.0373E+08   7.0387E+08   0.0000E+00   0.0000E+00
   6.1966E+04   5.5680E+08   5.5680E+08   5.5680E+08   5.5680E+08   5.5680E+08   5.5680E+08   5.5680E+08   5.5680E+08   5.5691E+08   0.0000E+00   0.0000E+00
   6.6438E+04   4.2409E+08   4.2409E+08   4.2409E+08   4.2409E+08   4.2409E+08   4.2409E+08   4.2409E+08   4.2409E+08   4.2417E+08   0.0000E+00   0.0000E+00
   7.1233E+04   3.2905E+08   3.2905E+08   3.2905E+08   3.2905E+08   3.2905E+08   3.2905E+08   3.2905E+08   3.2905E+08   3.2912E+08   0.0000E+00   0.0000E+00
   7.6374E+04   2.6062E+08   2.6062E+08   2.6062E+08   2.6062E+08   2.6062E+08   2.6062E+08   2.6062E+08   2.6062E+08   2.6067E+08   0.0000E+00   0.0000E+00
   8.1885E+04   2.0789E+08   2.0789E+08   2.0789E+08   2.0789E+08   2.0789E+08   2.0789E+08   2.0789E+08   2.0789E+08   2.0793E+08   0.0000E+00   0.0000E+00
   8.7795E+04   1.6861E+08   1.6861E+08   1.6861E+08   1.6861E+08   1.6861E+08   1.6861E+08   1.6861E+08   1.6861E+08   1.6864E+08   0.0000E+00   0.0000E+00
   9.4131E+04   1.3560E+08   1.3560E+08   1.3560E+08   1.3560E+08   1.3560E+08   1.3560E+08   1.3560E+08   1.3560E+08   1.3562E+08   0.0000E+00   0.0000E+00
   1.0092E+05   1.0913E+08   1.0913E+08   1.0913E+08   1.0913E+08   1.0913E+08   1.0913E+08   1.0913E+08   1.0913E+08   1.0915E+08   0.0000E+00   0.0000E+00
   1.0821E+05   8.2363E+07   8.2363E+07   8.2363E+07   8.2363E+07   8.2363E+07   8.2363E+07   8.2363E+07   8.2363E+07   8.2380E+07   0.0000E+00   0.0000E+00
   1.1602E+05   6.2636E+07   6.2636E+07   6.2636E+07   6.2636E+07   6.2636E+07   6.2636E+07   6.2636E+07   6.2636E+07   6.2649E+07   0.0000E+00   0.0000E+00
   1.2439E+05   4.8148E+07   4.8148E+07   4.8148E+07   4.8148E+07   4.8148E+07   4.8148E+07   4.8148E+07   4.8148E+07   4.8157E+07   0.0000E+00   0.0000E+00
   1.3337E+05   3.7536E+07   3.7536E+07   3.7536E+07   3.7536E+07   3.7536E+07   3.7536E+07   3.7536E+07   3.7536E+07   3.7544E+07   0.0000E+00   0.0000E+00
   1.4299E+05   2.9628E+07   2.9628E+07   2.9628E+07   2.9628E+07   2.9628E+07   2.9628E+07   2.9628E+07   2.9628E+07   2.9634E+07   0.0000E+00   0.0000E+00
   1.5331E+05   2.3513E+07   2.3513E+07   2.3513E+07   2.3513E+07   2.3513E+07   2.3513E+07   2.3513E+07   2.3513E+07   2.3518E+07   0.0000E+00   0.0000E+00
   1.6437E+05   1.9069E+07   1.9069E+07   1.9069E+07   1.9069E+07   1.9069E+07   1.9069E+07   1.9069E+07   1.9069E+07   1.9073E+07   0.0000E+00   0.0000E+00
   1.7624E+05   1.5515E+07   1.5515E+07   1.5515E+07   1.5515E+07   1.5515E+07   1.5515E+07   1.5515E+07   1.5515E+07   1.5518E+07   0.0000E+00   0.0000E+00
   1.8895E+05   1.2763E+07   1.2763E+07   1.2763E+07   1.2763E+07   1.2763E+07   1.2763E+07   1.2763E+07   1.2763E+07   1.2765E+07   0.0000E+00   0.0000E+00
   2.0259E+05   1.0722E+07   1.0722E+07   1.0722E+07   1.0722E+07   1.0722E+07   1.0722E+07   1.0722E+07   1.0722E+07   1.0724E+07   0.0000E+00   0.0000E+00
   2.1721E+05   9.2059E+06   9.2059E+06   9.2059E+06   9.2059E+06   9.2059E+06   9.2059E+06   9.2059E+06   9.2059E+06   9.2078E+06   0.0000E+00   0.0000E+00
   2.3289E+05   7.8914E+06   7.8914E+06   7.8914E+06   7.8914E+06   7.8914E+06   7.8914E+06   7.8914E+06   7.8914E+06   7.8930E+06   0.0000E+00   0.0000E+00
   2.4969E+05   6.6861E+06   6.6861E+06   6.6861E+06   6.6861E+06   6.6861E+06   6.6861E+06   6.6861E+06   6.6861E+06   6.6875E+06   0.0000E+00   0.0000E+00
   2.6771E+05   5.7919E+06   5.7919E+06   5.7919E+06   5.7919E+06   5.7919E+06   5.7919E+06   5.7919E+06   5.7919E+06   5.7931E+06   0.0000E+00   0.0000E+00
   2.8703E+05   5.0383E+06   5.0383E+06   5.0383E+06   5.0383E+06   5.0383E+06   5.0383E+06   5.0383E+06   5.0383E+06   5.0393E+06   0.0000E+00   0.0000E+00
   3.0775E+05   4.3249E+06   4.3249E+06   4.3249E+06   4.3249E+06   4.3249E+06   4.3249E+06   4.3249E+06   4.3249E+06   4.3258E+06   0.0000E+00   0.0000E+00
   3.2996E+05   3.7159E+06   3.7159E+06   3.7159E+06   3.7159E+06   3.7159E+06   3.7159E+06   3.7159E+06   3.7159E+06   3.7167E+06   0.0000E+00   0.0000E+00
   3.5377E+05   3.1727E+06   3.1727E+06   3.1727E+06   3.1727E+06   3.1727E+06   3.1727E+06   3.1727E+06   3.1727E+06   3.1734E+06   0.0000E+00   0.0000E+00
   3.7930E+05   2.7707E+06   2.7707E+06   2.7707E+06   2.7707E+06   2.7707E+06   2.7707E+06   2.7707E+06   2.7707E+06   2.7713E+06   0.0000E+00   0.0000E+00
   4.0667E+05   2.3758E+06   2.3758E+06   2.3758E+06   2.3758E+06   2.3758E+06   2.3758E+06   2.3758E+06   2.3758E+06   2.3763E+06   0.0000E+00   0.0000E+00
   4.3602E+05   2.0352E+06   2.0352E+06   2.0352E+06   2.0352E+06   2.0352E+06   2.0352E+06   2.0352E+06   2.0352E+06   2.0356E+06   0.0000E+00   0.0000E+00
   4.6749E+05   1.7181E+06   1.7181E+06   1.7181E+06   1.7181E+06   1.7181E+06   1.7181E+06   1.7181E+06   1.7181E+06   1.7184E+06   0.0000E+00   0.0000E+00
   5.0123E+05   1.4748E+06   1.4748E+06   1.4748E+06   1.4748E+06   1.4748E+06   1.4748E+06   1.4748E+06   1.4748E+06   1.4751E+06   0.0000E+00   0.0000E+00
   5.3740E+05   1.2306E+06   1.2306E+06   1.2306E+06   1.2306E+06   1.2306E+06   1.2306E+06   1.2306E+06   1.2306E+06   1.2309E+06   0.0000E+00   0.0000E+00
   5.7618E+05   1.0275E+06   1.0275E+06   1.0275E+06   1.0275E+06   1.0275E+06   1.0275E+06   1.0275E+06   1.0275E+06   1.0277E+06   0.0000E+00   0.0000E+00
   6.1776E+05   8.5839E+05   8.5839E+05   8.5839E+05   8.5839E+05   8.5839E+05   8.5839E+05   8.5839E+05   8.5839E+05   8.5856E+05   0.0000E+00   0.0000E+00
   6.6235E+05   6.9884E+05   6.9884E+05   6.9884E+05   6.9884E+05   6.9884E+05   6.9884E+05   6.9884E+05   6.9884E+05   6.9898E+05   0.0000E+00   0.0000E+00
   7.1015E+05   5.5640E+05   5.5640E+05   5.5640E+05   5.5640E+05   5.5640E+05   5.5640E+05   5.5640E+05   5.5640E+05   5.5651E+05   0.0000E+00   0.0000E+00
   7.6140E+05   4.4500E+05   4.4500E+05   4.4500E+05   4.4500E+05   4.4500E+05   4.4500E+05   4.4500E+05   4.4500E+05   4.4509E+05   0.0000E+00   0.0000E+00
   8.1635E+05   3.4254E+05   3.4254E+05   3.4254E+05   3.4254E+05   3.4254E+05   3.4254E+05   3.4254E+05   3.4254E+05   3.4261E+05   0.0000E+00   0.0000E+00
   8.7526E+05   2.6647E+05   2.6647E+05   2.6647E+05   2.6647E+05   2.6647E+05   2.6647E+05   2.6647E+05   2.6647E+05   2.6653E+05   0.0000E+00   0.0000E+00
   9.3842E+05   2.0501E+05   2.0501E+05   2.0501E+05   2.0501E+05   2.0501E+05   2.0501E+05   2.0501E+05   2.0501E+05   2.0505E+05   0.0000E+00   0.0000E+00
   1.0061E+06   1.4662E+05   1.4662E+05   1.4662E+05   1.4662E+05   1.4662E+05   1.4662E+05   1.4662E+05   1.4662E+05   1.4665E+05   0.0000E+00   0.0000E+00
   1.0788E+06   1.0380E+05   1.0380E+05   1.0380E+05   1.0380E+05   1.0380E+05   1.0380E+05   1.0380E+05   1.0380E+05   1.0382E+05   0.0000E+00   0.0000E+00
   1.1566E+06   7.3502E+04   7.3502E+04   7.3502E+04   7.3502E+04   7.3502E+04   7.3502E+04   7.3502E+04   7.3502E+04   7.3517E+04   0.0000E+00   0.0000E+00
   1.2401E+06   5.2058E+04   5.2058E+04   5.2057E+04   5.2057E+04   5.2057E+04   5.2057E+04   5.2057E+04   5.2057E+04   5.2068E+04   0.0000E+00   0.0000E+00
   1.3296E+06   3.6878E+04   3.6878E+04   3.6878E+04   3.6878E+04   3.6878E+04   3.6878E+04   3.6878E+04   3.6878E+04   3.6886E+04   0.0000E+00   0.0000E+00
   1.4255E+06   2.6131E+04   2.6131E+04   2.6131E+04   2.6131E+04   2.6131E+04   2.6131E+04   2.6131E+04   2.6131E+04   2.6136E+04   0.0000E+00   0.0000E+00
   1.5284E+06   1.8521E+04   1.8521E+04   1.8521E+04   1.8521E+04   1.8521E+04   1.8521E+04   1.8521E+04   1.8521E+04   1.8524E+04   0.0000E+00   0.0000E+00
   1.6387E+06   1.3130E+04   1.3130E+04   1.3130E+04   1.3130E+04   1.3130E+04   1.3130E+04   1.3130E+04   1.3130E+04   1.3133E+04   0.0000E+00   0.0000E+00
   1.7570E+06   9.3115E+03   9.3115E+03   9.3115E+03   9.3115E+03   9.3115E+03   9.3115E+03   9.3115E+03   9.3115E+03   9.3134E+03   0.0000E+00   0.0000E+00
   1.8838E+06   6.6054E+03   6.6054E+03   6.6054E+03   6.6054E+03   6.6054E+03   6.6054E+03   6.6054E+03   6.6054E+03   6.6068E+03   0.0000E+00   0.0000E+00
   2.0197E+06   4.6873E+03   4.6873E+03   4.6873E+03   4.6873E+03   4.6873E+03   4.6873E+03   4.6873E+03   4.6873E+03   4.6883E+03   0.0000E+00   0.0000E+00
   2.1655E+06   3.3274E+03   3.3274E+03   3.3274E+03   3.3274E+03   3.3274E+03   3.3274E+03   3.3274E+03   3.3274E+03   3.3281E+03   0.0000E+00   0.0000E+00
   2.3217E+06   2.3629E+03   2.3629E+03   2.3629E+03   2.3629E+03   2.3629E+03   2.3629E+03   2.3629E+03   2.3629E+03   2.3634E+03   0.0000E+00   0.0000E+00
   2.4893E+06   1.6786E+03   1.6786E+03   1.6786E+03   1.6786E+03   1.6786E+03   1.6786E+03   1.6786E+03   1.6786E+03   1.6789E+03   0.0000E+00   0.0000E+00
   2.6689E+06   1.1930E+03   1.1930E+03   1.1930E+03   1.1930E+03   1.1930E+03   1.1930E+03   1.1930E+03   1.1930E+03   1.1932E+03   0.0000E+00   0.0000E+00
   2.8616E+06   8.4822E+02   8.4822E+02   8.4822E+02   8.4822E+02   8.4822E+02   8.4822E+02   8.4822E+02   8.4822E+02   8.4840E+02   0.0000E+00   0.0000E+00
   3.0681E+06   6.0337E+02   6.0337E+02   6.0337E+02   6.0337E+02   6.0337E+02   6.0337E+02   6.0337E+02   6.0337E+02   6.0350E+02   0.0000E+00   0.0000E+00
   3.2895E+06   4.2941E+02   4.2941E+02   4.2941E+02   4.2941E+02   4.2941E+02   4.2941E+02   4.2941E+02   4.2941E+02   4.2950E+02   0.0000E+00   0.0000E+00
   3.5269E+06   3.0576E+02   3.0576E+02   3.0576E+02   3.0576E+02   3.0576E+02   3.0576E+02   3.0576E+02   3.0576E+02   3.0583E+02   0.0000E+00   0.0000E+00
   3.7814E+06   2.1784E+02   2.1784E+02   2.1784E+02   2.1784E+02   2.1784E+02   2.1784E+02   2.1784E+02   2.1784E+02   2.1788E+02   0.0000E+00   0.0000E+00
   4.0543E+06   1.5528E+02   1.5528E+02   1.5528E+02   1.5528E+02   1.5528E+02   1.5528E+02   1.5528E+02   1.5528E+02   1.5531E+02   0.0000E+00   0.0000E+00
   4.3469E+06   1.1076E+02   1.1076E+02   1.1076E+02   1.1076E+02   1.1076E+02   1.1076E+02   1.1076E+02   1.1076E+02   1.1078E+02   0.0000E+00   0.0000E+00
   4.6606E+06   7.9048E+01   7.9048E+01   7.9048E+01   7.9048E+01   7.9048E+01   7.9048E+01   7.9048E+01   7.9048E+01   7.9064E+01   0.0000E+00   0.0000E+00
   4.9969E+06   5.6454E+01   5.6454E+01   5.6454E+01   5.6454E+01   5.6454E+01   5.6454E+01   5.6454E+01   5.6454E+01   5.6466E+01   0.0000E+00   0.0000E+00
   5.3576E+06   4.0345E+01   4.0345E+01   4.0345E+01   4.0345E+01   4.0345E+01   4.0345E+01   4.0345E+01   4.0345E+01   4.0353E+01   0.0000E+00   0.0000E+00
   5.7442E+06   2.8854E+01   2.8854E+01   2.8854E+01   2.8854E+01   2.8854E+01   2.8854E+01   2.8854E+01   2.8854E+01   2.8860E+01   0.0000E+00   0.0000E+00
   6.1587E+06   2.0651E+01   2.0651E+01   2.0651E+01   2.0651E+01   2.0651E+01   2.0651E+01   2.0651E+01   2.0651E+01   2.0655E+01   0.0000E+00   0.0000E+00
   6.6032E+06   1.4791E+01   1.4791E+01   1.4791E+01   1.4791E+01   1.4791E+01   1.4791E+01   1.4791E+01   1.4791E+01   1.4794E+01   0.0000E+00   0.0000E+00
   7.0797E+06   1.0603E+01   1.0603E+01   1.0603E+01   1.0603E+01   1.0603E+01   1.0603E+01   1.0603E+01   1.0603E+01   1.0605E+01   0.0000E+00   0.0000E+00
   7.5907E+06   7.6069E+00   7.6069E+00   7.6069E+00   7.6069E+00   7.6069E+00   7.6069E+00   7.6069E+00   7.6069E+00   7.6084E+00   0.0000E+00   0.0000E+00
   8.1385E+06   5.4622E+00   5.4622E+00   5.4622E+00   5.4622E+00   5.4622E+00   5.4622E+00   5.4622E+00   5.4622E+00   5.4633E+00   0.0000E+00   0.0000E+00
   8.7258E+06   3.9257E+00   3.9257E+00   3.9257E+00   3.9257E+00   3.9257E+00   3.9257E+00   3.9257E+00   3.9257E+00   3.9265E+00   0.0000E+00   0.0000E+00
   9.3555E+06   2.8240E+00   2.8240E+00   2.8240E+00   2.8240E+00   2.8240E+00   2.8240E+00   2.8240E+00   2.8240E+00   2.8246E+00   0.0000E+00   0.0000E+00
   1.0031E+07   2.0334E+00   2.0334E+00   2.0334E+00   2.0334E+00   2.0334E+00   2.0334E+00   2.0334E+00   2.0334E+00   2.0339E+00   0.0000E+00   0.0000E+00
   1.0755E+07   1.4656E+00   1.4656E+00   1.4656E+00   1.4656E+00   1.4656E+00   1.4656E+00   1.4656E+00   1.4656E+00   1.4659E+00   0.0000E+00   0.0000E+00
   1.1531E+07   1.0574E+00   1.0574E+00   1.0574E+00   1.0574E+00   1.0574E+00   1.0574E+00   1.0574E+00   1.0574E+00   1.0577E+00   0.0000E+00   0.0000E+00
   1.2363E+07   7.6372E-01   7.6372E-01   7.6372E-01   7.6372E-01   7.6372E-01   7.6372E-01   7.6372E-01   7.6372E-01   7.6387E-01   0.0000E+00   0.0000E+00
   1.3255E+07   5.5217E-01   5.5217E-01   5.5217E-01   5.5217E-01   5.5217E-01   5.5217E-01   5.5217E-01   5.5217E-01   5.5228E-01   0.0000E+00   0.0000E+00
   1.4212E+07   3.9965E-01   3.9965E-01   3.9965E-01   3.9965E-01   3.9965E-01   3.9965E-01   3.9965E-01   3.9965E-01   3.9973E-01   0.0000E+00   0.0000E+00
   1.5237E+07   2.8958E-01   2.8958E-01   2.8958E-01   2.8958E-01   2.8958E-01   2.8958E-01   2.8958E-01   2.8958E-01   2.8964E-01   0.0000E+00   0.0000E+00
   1.6337E+07   2.1006E-01   2.1006E-01   2.1006E-01   2.1006E-01   2.1006E-01   2.1006E-01   2.1006E-01   2.1006E-01   2.1010E-01   0.0000E+00   0.0000E+00
   1.7516E+07   1.5254E-01   1.5254E-01   1.5254E-01   1.5254E-01   1.5254E-01   1.5254E-01   1.5254E-01   1.5254E-01   1.5258E-01   0.0000E+00   0.0000E+00
   1.8780E+07   1.1091E-01   1.1091E-01   1.1091E-01   1.1091E-01   1.1091E-01   1.1091E-01   1.1091E-01   1.1091E-01   1.1093E-01   0.0000E+00   0.0000E+00
   2.0135E+07   8.0726E-02   8.0726E-02   8.0726E-02   8.0726E-02   8.0726E-02   8.0726E-02   8.0726E-02   8.0726E-02   8.0743E-02   0.0000E+00   0.0000E+00
   2.1588E+07   5.8828E-02   5.8828E-02   5.8828E-02   5.8828E-02   5.8828E-02   5.8828E-02   5.8828E-02   5.8828E-02   5.8840E-02   0.0000E+00   0.0000E+00
   2.3146E+07   4.2920E-02   4.2920E-02   4.2920E-02   4.2920E-02   4.2920E-02   4.2920E-02   4.2920E-02   4.2920E-02   4.2929E-02   0.0000E+00   0.0000E+00
   2.4817E+07   3.1350E-02   3.1350E-02   3.1350E-02   3.1350E-02   3.1350E-02   3.1350E-02   3.1350E-02   3.1350E-02   3.1357E-02   0.0000E+00   0.0000E+00
   2.6608E+07   2.2926E-02   2.2926E-02   2.2926E-02   2.2926E-02   2.2926E-02   2.2926E-02   2.2926E-02   2.2926E-02   2.2931E-02   0.0000E+00   0.0000E+00
   2.8528E+07   1.6786E-02   1.6786E-02   1.6786E-02   1.6786E-02   1.6786E-02   1.6786E-02   1.6786E-02   1.6786E-02   1.6789E-02   0.0000E+00   0.0000E+00
   3.0587E+07   1.2304E-02   1.2304E-02   1.2304E-02   1.2304E-02   1.2304E-02   1.2304E-02   1.2304E-02   1.2304E-02   1.2306E-02   0.0000E+00   0.0000E+00
   3.2794E+07   9.0291E-03   9.0291E-03   9.0291E-03   9.0291E-03   9.0291E-03   9.0291E-03   9.0291E-03   9.0291E-03   9.0310E-03   0.0000E+00   0.0000E+00
   3.5161E+07   6.6337E-03   6.6337E-03   6.6337E-03   6.6337E-03   6.6337E-03   6.6337E-03   6.6337E-03   6.6337E-03   6.6350E-03   0.0000E+00   0.0000E+00
   3.7698E+07   4.8792E-03   4.8792E-03   4.8792E-03   4.8792E-03   4.8792E-03   4.8792E-03   4.8792E-03   4.8792E-03   4.8802E-03   0.0000E+00   0.0000E+00
   4.0419E+07   3.5928E-03   3.5928E-03   3.5928E-03   3.5928E-03   3.5928E-03   3.5928E-03   3.5928E-03   3.5928E-03   3.5935E-03   0.0000E+00   0.0000E+00
   4.3336E+07   2.6484E-03   2.6484E-03   2.6484E-03   2.6484E-03   2.6484E-03   2.6484E-03   2.6484E-03   2.6484E-03   2.6489E-03   0.0000E+00   0.0000E+00
   4.6463E+07   1.9544E-03   1.9544E-03   1.9544E-03   1.9544E-03   1.9544E-03   1.9544E-03   1.9544E-03   1.9544E-03   1.9548E-03   0.0000E+00   0.0000E+00
   4.9817E+07   1.4437E-03   1.4437E-03   1.4437E-03   1.4437E-03   1.4437E-03   1.4437E-03   1.4437E-03   1.4437E-03   1.4440E-03   0.0000E+00   0.0000E+00
   5.3412E+07   1.0676E-03   1.0676E-03   1.0676E-03   1.0676E-03   1.0676E-03   1.0676E-03   1.0676E-03   1.0676E-03   1.0679E-03   0.0000E+00   0.0000E+00
   5.7266E+07   7.9030E-04   7.9030E-04   7.9030E-04   7.9030E-04   7.9030E-04   7.9030E-04   7.9030E-04   7.9030E-04   7.9046E-04   0.0000E+00   0.0000E+00
   6.1399E+07   5.8559E-04   5.8559E-04   5.8559E-04   5.8559E-04   5.8559E-04   5.8559E-04   5.8559E-04   5.8559E-04   5.8570E-04   0.0000E+00   0.0000E+00
   6.5830E+07   4.3431E-04   4.3431E-04   4.3431E-04   4.3431E-04   4.3431E-04   4.3431E-04   4.3431E-04   4.3431E-04   4.3439E-04   0.0000E+00   0.0000E+00
   7.0581E+07   3.2241E-04   3.2241E-04   3.2241E-04   3.2241E-04   3.2241E-04   3.2241E-04   3.2241E-04   3.2241E-04   3.2247E-04   0.0000E+00   0.0000E+00
   7.5675E+07   2.3955E-04   2.3955E-04   2.3955E-04   2.3955E-04   2.3955E-04   2.3955E-04   2.3955E-04   2.3955E-04   2.3960E-04   0.0000E+00   0.0000E+00
   8.1136E+07   1.7815E-04   1.7815E-04   1.7815E-04   1.7815E-04   1.7815E-04   1.7815E-04   1.7815E-04   1.7815E-04   1.7818E-04   0.0000E+00   0.0000E+00
   8.6991E+07   1.3259E-04   1.3259E-04   1.3259E-04   1.3259E-04   1.3259E-04   1.3259E-04   1.3259E-04   1.3259E-04   1.3262E-04   0.0000E+00   0.0000E+00
   9.3269E+07   9.8763E-05   9.8763E-05   9.8763E-05   9.8763E-05   9.8763E-05   9.8763E-05   9.8763E-05   9.8763E-05   9.8783E-05   0.0000E+00   0.0000E+00
   1.0000E+08   7.3623E-05   7.3623E-05   7.3623E-05   7.3623E-05   7.3623E-05   7.3623E-05   7.3623E-05   7.3623E-05   7.3638E-05   0.0000E+00   0.0000E+00
