 (1): Wavelength (A) 
 (2): Intrinsic SED (1e30 erg/s/A)
 (3 - 9): SED at angles [   0.0000000      0.26183301      0.52366602      0.78549999       1.0473300       1.3091700       1.5710000     ] (1e30 erg/s/A)
 (10): Angle averaged SED (1e30 erg/s/A)
 (11): Molecular cloud emission (1e30 erg/s/A)
 (12): Cirrus emission (1e30 erg/s/A)
  
            1            2            3            4            5            6            7            8            9           10           11           12
   9.5000E+01   6.3493E+10   6.3493E+10   6.3493E+10   6.3493E+10   6.3493E+10   6.3493E+10   6.3493E+10   6.3493E+10   6.3506E+10   0.0000E+00   0.0000E+00
   1.0186E+02   1.7065E+11   1.7065E+11   1.7065E+11   1.7065E+11   1.7065E+11   1.7065E+11   1.7065E+11   1.7065E+11   1.7068E+11   0.0000E+00   0.0000E+00
   1.0921E+02   1.7863E+11   1.7863E+11   1.7863E+11   1.7863E+11   1.7863E+11   1.7863E+11   1.7863E+11   1.7863E+11   1.7866E+11   0.0000E+00   0.0000E+00
   1.1709E+02   1.8560E+11   1.8560E+11   1.8560E+11   1.8560E+11   1.8560E+11   1.8560E+11   1.8560E+11   1.8560E+11   1.8564E+11   0.0000E+00   0.0000E+00
   1.2554E+02   2.1178E+11   2.1178E+11   2.1178E+11   2.1178E+11   2.1178E+11   2.1178E+11   2.1178E+11   2.1178E+11   2.1182E+11   0.0000E+00   0.0000E+00
   1.3460E+02   2.1339E+11   2.1339E+11   2.1339E+11   2.1339E+11   2.1339E+11   2.1339E+11   2.1339E+11   2.1339E+11   2.1343E+11   0.0000E+00   0.0000E+00
   1.4431E+02   2.5943E+11   2.5943E+11   2.5943E+11   2.5943E+11   2.5943E+11   2.5943E+11   2.5943E+11   2.5943E+11   2.5948E+11   0.0000E+00   0.0000E+00
   1.5473E+02   2.8330E+11   2.8330E+11   2.8330E+11   2.8330E+11   2.8330E+11   2.8330E+11   2.8330E+11   2.8330E+11   2.8336E+11   0.0000E+00   0.0000E+00
   1.6589E+02   2.8850E+11   2.8850E+11   2.8850E+11   2.8850E+11   2.8850E+11   2.8850E+11   2.8850E+11   2.8850E+11   2.8856E+11   0.0000E+00   0.0000E+00
   1.7786E+02   2.9099E+11   2.9099E+11   2.9099E+11   2.9099E+11   2.9099E+11   2.9099E+11   2.9099E+11   2.9099E+11   2.9105E+11   0.0000E+00   0.0000E+00
   1.9070E+02   2.9272E+11   2.9272E+11   2.9272E+11   2.9272E+11   2.9272E+11   2.9272E+11   2.9272E+11   2.9272E+11   2.9278E+11   0.0000E+00   0.0000E+00
   2.0446E+02   2.9550E+11   2.9550E+11   2.9550E+11   2.9550E+11   2.9550E+11   2.9550E+11   2.9550E+11   2.9550E+11   2.9556E+11   0.0000E+00   0.0000E+00
   2.1922E+02   2.9795E+11   2.9795E+11   2.9795E+11   2.9795E+11   2.9795E+11   2.9795E+11   2.9795E+11   2.9795E+11   2.9801E+11   0.0000E+00   0.0000E+00
   2.3504E+02   9.6665E+11   9.6665E+11   9.6665E+11   9.6665E+11   9.6665E+11   9.6665E+11   9.6665E+11   9.6665E+11   9.6684E+11   0.0000E+00   0.0000E+00
   2.5200E+02   2.7998E+12   2.7998E+12   2.7998E+12   2.7998E+12   2.7998E+12   2.7998E+12   2.7998E+12   2.7998E+12   2.8003E+12   0.0000E+00   0.0000E+00
   2.7019E+02   3.8496E+12   3.8496E+12   3.8496E+12   3.8496E+12   3.8496E+12   3.8496E+12   3.8496E+12   3.8496E+12   3.8504E+12   0.0000E+00   0.0000E+00
   2.8969E+02   3.8068E+12   3.8068E+12   3.8068E+12   3.8068E+12   3.8068E+12   3.8068E+12   3.8068E+12   3.8068E+12   3.8076E+12   0.0000E+00   0.0000E+00
   3.1059E+02   2.8849E+12   2.8849E+12   2.8849E+12   2.8849E+12   2.8849E+12   2.8849E+12   2.8849E+12   2.8849E+12   2.8855E+12   0.0000E+00   0.0000E+00
   3.3301E+02   3.7830E+12   3.7830E+12   3.7830E+12   3.7830E+12   3.7830E+12   3.7830E+12   3.7830E+12   3.7830E+12   3.7837E+12   0.0000E+00   0.0000E+00
   3.5704E+02   3.8343E+12   3.8343E+12   3.8343E+12   3.8343E+12   3.8343E+12   3.8343E+12   3.8343E+12   3.8343E+12   3.8351E+12   0.0000E+00   0.0000E+00
   3.8280E+02   3.8182E+12   3.8182E+12   3.8182E+12   3.8182E+12   3.8182E+12   3.8182E+12   3.8182E+12   3.8182E+12   3.8190E+12   0.0000E+00   0.0000E+00
   4.1043E+02   4.3195E+12   4.3195E+12   4.3195E+12   4.3195E+12   4.3195E+12   4.3195E+12   4.3195E+12   4.3195E+12   4.3204E+12   0.0000E+00   0.0000E+00
   4.4005E+02   4.0874E+12   4.0874E+12   4.0874E+12   4.0874E+12   4.0874E+12   4.0874E+12   4.0874E+12   4.0874E+12   4.0883E+12   0.0000E+00   0.0000E+00
   4.7181E+02   3.7752E+12   3.7752E+12   3.7752E+12   3.7752E+12   3.7752E+12   3.7752E+12   3.7752E+12   3.7752E+12   3.7760E+12   0.0000E+00   0.0000E+00
   5.0586E+02   3.7123E+12   3.7123E+12   3.7123E+12   3.7123E+12   3.7123E+12   3.7123E+12   3.7123E+12   3.7123E+12   3.7130E+12   0.0000E+00   0.0000E+00
   5.4236E+02   3.9715E+12   3.9715E+12   3.9715E+12   3.9715E+12   3.9715E+12   3.9715E+12   3.9715E+12   3.9715E+12   3.9723E+12   0.0000E+00   0.0000E+00
   5.8151E+02   4.2849E+12   4.2849E+12   4.2849E+12   4.2849E+12   4.2849E+12   4.2849E+12   4.2849E+12   4.2849E+12   4.2858E+12   0.0000E+00   0.0000E+00
   6.2347E+02   4.1034E+12   4.1034E+12   4.1034E+12   4.1034E+12   4.1034E+12   4.1034E+12   4.1034E+12   4.1034E+12   4.1042E+12   0.0000E+00   0.0000E+00
   6.6847E+02   3.9041E+12   3.9041E+12   3.9041E+12   3.9041E+12   3.9041E+12   3.9041E+12   3.9041E+12   3.9041E+12   3.9049E+12   0.0000E+00   0.0000E+00
   7.1671E+02   3.7123E+12   3.7123E+12   3.7123E+12   3.7123E+12   3.7123E+12   3.7123E+12   3.7123E+12   3.7123E+12   3.7130E+12   0.0000E+00   0.0000E+00
   7.6843E+02   3.2218E+12   3.2218E+12   3.2218E+12   3.2218E+12   3.2218E+12   3.2218E+12   3.2218E+12   3.2218E+12   3.2225E+12   0.0000E+00   0.0000E+00
   8.2389E+02   3.1510E+12   3.1510E+12   3.1510E+12   3.1510E+12   3.1510E+12   3.1510E+12   3.1510E+12   3.1510E+12   3.1517E+12   0.0000E+00   0.0000E+00
   8.8334E+02   2.8946E+12   2.8946E+12   2.8946E+12   2.8946E+12   2.8946E+12   2.8946E+12   2.8946E+12   2.8946E+12   2.8952E+12   0.0000E+00   0.0000E+00
   9.4709E+02   1.0574E+13   1.0574E+13   1.0574E+13   1.0574E+13   1.0574E+13   1.0574E+13   1.0574E+13   1.0574E+13   1.0576E+13   0.0000E+00   0.0000E+00
   1.0154E+03   1.1668E+13   1.1668E+13   1.1668E+13   1.1668E+13   1.1668E+13   1.1668E+13   1.1668E+13   1.1668E+13   1.1671E+13   0.0000E+00   0.0000E+00
   1.0887E+03   1.1175E+13   1.1175E+13   1.1175E+13   1.1175E+13   1.1175E+13   1.1175E+13   1.1175E+13   1.1175E+13   1.1177E+13   0.0000E+00   0.0000E+00
   1.1673E+03   9.7217E+12   9.7217E+12   9.7217E+12   9.7217E+12   9.7217E+12   9.7217E+12   9.7217E+12   9.7217E+12   9.7236E+12   0.0000E+00   0.0000E+00
   1.2515E+03   8.7881E+12   8.7881E+12   8.7881E+12   8.7881E+12   8.7881E+12   8.7881E+12   8.7881E+12   8.7881E+12   8.7899E+12   0.0000E+00   0.0000E+00
   1.3419E+03   8.0240E+12   8.0240E+12   8.0240E+12   8.0240E+12   8.0240E+12   8.0240E+12   8.0240E+12   8.0240E+12   8.0256E+12   0.0000E+00   0.0000E+00
   1.4387E+03   6.7427E+12   6.7427E+12   6.7427E+12   6.7427E+12   6.7427E+12   6.7427E+12   6.7427E+12   6.7427E+12   6.7441E+12   0.0000E+00   0.0000E+00
   1.5425E+03   4.9641E+12   4.9641E+12   4.9641E+12   4.9641E+12   4.9641E+12   4.9641E+12   4.9641E+12   4.9641E+12   4.9651E+12   0.0000E+00   0.0000E+00
   1.6538E+03   4.6338E+12   4.6338E+12   4.6338E+12   4.6338E+12   4.6338E+12   4.6338E+12   4.6338E+12   4.6338E+12   4.6348E+12   0.0000E+00   0.0000E+00
   1.7732E+03   4.0301E+12   4.0301E+12   4.0301E+12   4.0301E+12   4.0301E+12   4.0301E+12   4.0301E+12   4.0301E+12   4.0309E+12   0.0000E+00   0.0000E+00
   1.9012E+03   3.3511E+12   3.3511E+12   3.3511E+12   3.3511E+12   3.3511E+12   3.3511E+12   3.3511E+12   3.3511E+12   3.3518E+12   0.0000E+00   0.0000E+00
   2.0384E+03   2.9193E+12   2.9193E+12   2.9193E+12   2.9193E+12   2.9193E+12   2.9193E+12   2.9193E+12   2.9193E+12   2.9199E+12   0.0000E+00   0.0000E+00
   2.1855E+03   2.5033E+12   2.5033E+12   2.5033E+12   2.5033E+12   2.5033E+12   2.5033E+12   2.5033E+12   2.5033E+12   2.5038E+12   0.0000E+00   0.0000E+00
   2.3432E+03   2.0120E+12   2.0120E+12   2.0120E+12   2.0120E+12   2.0120E+12   2.0120E+12   2.0120E+12   2.0120E+12   2.0124E+12   0.0000E+00   0.0000E+00
   2.5123E+03   1.6863E+12   1.6863E+12   1.6863E+12   1.6863E+12   1.6863E+12   1.6863E+12   1.6863E+12   1.6863E+12   1.6867E+12   0.0000E+00   0.0000E+00
   2.6936E+03   1.5253E+12   1.5253E+12   1.5253E+12   1.5253E+12   1.5253E+12   1.5253E+12   1.5253E+12   1.5253E+12   1.5256E+12   0.0000E+00   0.0000E+00
   2.8880E+03   1.3274E+12   1.3274E+12   1.3274E+12   1.3274E+12   1.3274E+12   1.3274E+12   1.3274E+12   1.3274E+12   1.3277E+12   0.0000E+00   0.0000E+00
   3.0964E+03   1.1797E+12   1.1797E+12   1.1797E+12   1.1797E+12   1.1797E+12   1.1797E+12   1.1797E+12   1.1797E+12   1.1799E+12   0.0000E+00   0.0000E+00
   3.3199E+03   1.0376E+12   1.0376E+12   1.0376E+12   1.0376E+12   1.0376E+12   1.0376E+12   1.0376E+12   1.0376E+12   1.0378E+12   0.0000E+00   0.0000E+00
   3.5595E+03   9.3919E+11   9.3919E+11   9.3919E+11   9.3919E+11   9.3919E+11   9.3919E+11   9.3919E+11   9.3919E+11   9.3938E+11   0.0000E+00   0.0000E+00
   3.8163E+03   1.2459E+12   1.2459E+12   1.2459E+12   1.2459E+12   1.2459E+12   1.2459E+12   1.2459E+12   1.2459E+12   1.2461E+12   0.0000E+00   0.0000E+00
   4.0918E+03   1.1783E+12   1.1783E+12   1.1783E+12   1.1783E+12   1.1783E+12   1.1783E+12   1.1783E+12   1.1783E+12   1.1785E+12   0.0000E+00   0.0000E+00
   4.3870E+03   1.1078E+12   1.1078E+12   1.1078E+12   1.1078E+12   1.1078E+12   1.1078E+12   1.1078E+12   1.1078E+12   1.1081E+12   0.0000E+00   0.0000E+00
   4.7036E+03   1.0139E+12   1.0139E+12   1.0139E+12   1.0139E+12   1.0139E+12   1.0139E+12   1.0139E+12   1.0139E+12   1.0141E+12   0.0000E+00   0.0000E+00
   5.0431E+03   8.7737E+11   8.7737E+11   8.7737E+11   8.7737E+11   8.7737E+11   8.7737E+11   8.7737E+11   8.7737E+11   8.7755E+11   0.0000E+00   0.0000E+00
   5.4070E+03   7.6867E+11   7.6867E+11   7.6867E+11   7.6867E+11   7.6867E+11   7.6867E+11   7.6867E+11   7.6867E+11   7.6883E+11   0.0000E+00   0.0000E+00
   5.7973E+03   7.2052E+11   7.2052E+11   7.2052E+11   7.2052E+11   7.2052E+11   7.2052E+11   7.2052E+11   7.2052E+11   7.2067E+11   0.0000E+00   0.0000E+00
   6.2156E+03   6.2549E+11   6.2549E+11   6.2549E+11   6.2549E+11   6.2549E+11   6.2549E+11   6.2549E+11   6.2549E+11   6.2562E+11   0.0000E+00   0.0000E+00
   6.6642E+03   5.5422E+11   5.5422E+11   5.5422E+11   5.5422E+11   5.5422E+11   5.5422E+11   5.5422E+11   5.5422E+11   5.5433E+11   0.0000E+00   0.0000E+00
   7.1451E+03   4.9054E+11   4.9054E+11   4.9054E+11   4.9054E+11   4.9054E+11   4.9054E+11   4.9054E+11   4.9054E+11   4.9064E+11   0.0000E+00   0.0000E+00
   7.6608E+03   4.3919E+11   4.3919E+11   4.3919E+11   4.3919E+11   4.3919E+11   4.3919E+11   4.3919E+11   4.3919E+11   4.3928E+11   0.0000E+00   0.0000E+00
   8.2136E+03   3.9313E+11   3.9313E+11   3.9313E+11   3.9313E+11   3.9313E+11   3.9313E+11   3.9313E+11   3.9313E+11   3.9321E+11   0.0000E+00   0.0000E+00
   8.8064E+03   3.2907E+11   3.2907E+11   3.2907E+11   3.2907E+11   3.2907E+11   3.2907E+11   3.2907E+11   3.2907E+11   3.2913E+11   0.0000E+00   0.0000E+00
   9.4420E+03   3.1214E+11   3.1214E+11   3.1214E+11   3.1214E+11   3.1214E+11   3.1214E+11   3.1214E+11   3.1214E+11   3.1221E+11   0.0000E+00   0.0000E+00
   1.0123E+04   2.7421E+11   2.7421E+11   2.7421E+11   2.7421E+11   2.7421E+11   2.7421E+11   2.7421E+11   2.7421E+11   2.7426E+11   0.0000E+00   0.0000E+00
   1.0854E+04   2.3380E+11   2.3380E+11   2.3380E+11   2.3380E+11   2.3380E+11   2.3380E+11   2.3380E+11   2.3380E+11   2.3385E+11   0.0000E+00   0.0000E+00
   1.1637E+04   2.0388E+11   2.0388E+11   2.0388E+11   2.0388E+11   2.0388E+11   2.0388E+11   2.0388E+11   2.0388E+11   2.0392E+11   0.0000E+00   0.0000E+00
   1.2477E+04   1.7099E+11   1.7099E+11   1.7099E+11   1.7099E+11   1.7099E+11   1.7099E+11   1.7099E+11   1.7099E+11   1.7103E+11   0.0000E+00   0.0000E+00
   1.3377E+04   1.5030E+11   1.5030E+11   1.5030E+11   1.5030E+11   1.5030E+11   1.5030E+11   1.5030E+11   1.5030E+11   1.5033E+11   0.0000E+00   0.0000E+00
   1.4343E+04   1.3240E+11   1.3240E+11   1.3240E+11   1.3240E+11   1.3240E+11   1.3240E+11   1.3240E+11   1.3240E+11   1.3243E+11   0.0000E+00   0.0000E+00
   1.5378E+04   1.1642E+11   1.1642E+11   1.1642E+11   1.1642E+11   1.1642E+11   1.1642E+11   1.1642E+11   1.1642E+11   1.1645E+11   0.0000E+00   0.0000E+00
   1.6488E+04   1.0575E+11   1.0575E+11   1.0575E+11   1.0575E+11   1.0575E+11   1.0575E+11   1.0575E+11   1.0575E+11   1.0577E+11   0.0000E+00   0.0000E+00
   1.7678E+04   8.9717E+10   8.9717E+10   8.9717E+10   8.9717E+10   8.9717E+10   8.9717E+10   8.9717E+10   8.9717E+10   8.9735E+10   0.0000E+00   0.0000E+00
   1.8953E+04   6.9032E+10   6.9032E+10   6.9032E+10   6.9032E+10   6.9032E+10   6.9032E+10   6.9032E+10   6.9032E+10   6.9046E+10   0.0000E+00   0.0000E+00
   2.0321E+04   5.7869E+10   5.7869E+10   5.7869E+10   5.7869E+10   5.7869E+10   5.7869E+10   5.7869E+10   5.7869E+10   5.7881E+10   0.0000E+00   0.0000E+00
   2.1788E+04   4.4947E+10   4.4947E+10   4.4947E+10   4.4947E+10   4.4947E+10   4.4947E+10   4.4947E+10   4.4947E+10   4.4956E+10   0.0000E+00   0.0000E+00
   2.3360E+04   3.7066E+10   3.7066E+10   3.7066E+10   3.7066E+10   3.7066E+10   3.7066E+10   3.7066E+10   3.7066E+10   3.7074E+10   0.0000E+00   0.0000E+00
   2.5046E+04   2.3060E+10   2.3060E+10   2.3060E+10   2.3060E+10   2.3060E+10   2.3060E+10   2.3060E+10   2.3060E+10   2.3065E+10   0.0000E+00   0.0000E+00
   2.6854E+04   2.0468E+10   2.0468E+10   2.0468E+10   2.0468E+10   2.0468E+10   2.0468E+10   2.0468E+10   2.0468E+10   2.0473E+10   0.0000E+00   0.0000E+00
   2.8792E+04   1.7666E+10   1.7666E+10   1.7666E+10   1.7666E+10   1.7666E+10   1.7666E+10   1.7666E+10   1.7666E+10   1.7670E+10   0.0000E+00   0.0000E+00
   3.0869E+04   1.2117E+10   1.2117E+10   1.2117E+10   1.2117E+10   1.2117E+10   1.2117E+10   1.2117E+10   1.2117E+10   1.2119E+10   0.0000E+00   0.0000E+00
   3.3097E+04   9.9559E+09   9.9559E+09   9.9559E+09   9.9559E+09   9.9559E+09   9.9559E+09   9.9559E+09   9.9559E+09   9.9579E+09   0.0000E+00   0.0000E+00
   3.5486E+04   8.6393E+09   8.6393E+09   8.6393E+09   8.6393E+09   8.6393E+09   8.6393E+09   8.6393E+09   8.6393E+09   8.6411E+09   0.0000E+00   0.0000E+00
   3.8047E+04   6.1339E+09   6.1339E+09   6.1339E+09   6.1339E+09   6.1339E+09   6.1339E+09   6.1339E+09   6.1339E+09   6.1352E+09   0.0000E+00   0.0000E+00
   4.0792E+04   5.1271E+09   5.1271E+09   5.1271E+09   5.1271E+09   5.1271E+09   5.1271E+09   5.1271E+09   5.1271E+09   5.1281E+09   0.0000E+00   0.0000E+00
   4.3736E+04   3.8250E+09   3.8250E+09   3.8250E+09   3.8250E+09   3.8250E+09   3.8250E+09   3.8250E+09   3.8250E+09   3.8257E+09   0.0000E+00   0.0000E+00
   4.6893E+04   2.7632E+09   2.7632E+09   2.7632E+09   2.7632E+09   2.7632E+09   2.7632E+09   2.7632E+09   2.7632E+09   2.7638E+09   0.0000E+00   0.0000E+00
   5.0277E+04   2.1810E+09   2.1810E+09   2.1810E+09   2.1810E+09   2.1810E+09   2.1810E+09   2.1810E+09   2.1810E+09   2.1814E+09   0.0000E+00   0.0000E+00
   5.3905E+04   1.7396E+09   1.7396E+09   1.7396E+09   1.7396E+09   1.7396E+09   1.7396E+09   1.7396E+09   1.7396E+09   1.7399E+09   0.0000E+00   0.0000E+00
   5.7795E+04   1.4101E+09   1.4101E+09   1.4101E+09   1.4101E+09   1.4101E+09   1.4101E+09   1.4101E+09   1.4101E+09   1.4104E+09   0.0000E+00   0.0000E+00
   6.1966E+04   1.1135E+09   1.1135E+09   1.1135E+09   1.1135E+09   1.1135E+09   1.1135E+09   1.1135E+09   1.1135E+09   1.1137E+09   0.0000E+00   0.0000E+00
   6.6438E+04   8.5100E+08   8.5100E+08   8.5100E+08   8.5100E+08   8.5100E+08   8.5100E+08   8.5100E+08   8.5100E+08   8.5117E+08   0.0000E+00   0.0000E+00
   7.1233E+04   6.5973E+08   6.5973E+08   6.5973E+08   6.5973E+08   6.5973E+08   6.5973E+08   6.5973E+08   6.5973E+08   6.5987E+08   0.0000E+00   0.0000E+00
   7.6374E+04   5.1961E+08   5.1961E+08   5.1961E+08   5.1961E+08   5.1961E+08   5.1961E+08   5.1961E+08   5.1961E+08   5.1971E+08   0.0000E+00   0.0000E+00
   8.1885E+04   4.1175E+08   4.1175E+08   4.1175E+08   4.1175E+08   4.1175E+08   4.1175E+08   4.1175E+08   4.1175E+08   4.1183E+08   0.0000E+00   0.0000E+00
   8.7795E+04   3.3097E+08   3.3097E+08   3.3097E+08   3.3097E+08   3.3097E+08   3.3097E+08   3.3097E+08   3.3097E+08   3.3104E+08   0.0000E+00   0.0000E+00
   9.4131E+04   2.6432E+08   2.6432E+08   2.6432E+08   2.6432E+08   2.6432E+08   2.6432E+08   2.6432E+08   2.6432E+08   2.6437E+08   0.0000E+00   0.0000E+00
   1.0092E+05   2.1132E+08   2.1132E+08   2.1132E+08   2.1132E+08   2.1132E+08   2.1132E+08   2.1132E+08   2.1132E+08   2.1136E+08   0.0000E+00   0.0000E+00
   1.0821E+05   1.6015E+08   1.6015E+08   1.6015E+08   1.6015E+08   1.6015E+08   1.6015E+08   1.6015E+08   1.6015E+08   1.6018E+08   0.0000E+00   0.0000E+00
   1.1602E+05   1.2218E+08   1.2218E+08   1.2218E+08   1.2218E+08   1.2218E+08   1.2218E+08   1.2218E+08   1.2218E+08   1.2220E+08   0.0000E+00   0.0000E+00
   1.2439E+05   9.4094E+07   9.4094E+07   9.4094E+07   9.4094E+07   9.4094E+07   9.4094E+07   9.4094E+07   9.4094E+07   9.4113E+07   0.0000E+00   0.0000E+00
   1.3337E+05   7.3378E+07   7.3378E+07   7.3378E+07   7.3378E+07   7.3378E+07   7.3378E+07   7.3378E+07   7.3378E+07   7.3393E+07   0.0000E+00   0.0000E+00
   1.4299E+05   5.7853E+07   5.7853E+07   5.7853E+07   5.7853E+07   5.7853E+07   5.7853E+07   5.7853E+07   5.7853E+07   5.7865E+07   0.0000E+00   0.0000E+00
   1.5331E+05   4.5828E+07   4.5828E+07   4.5828E+07   4.5828E+07   4.5828E+07   4.5828E+07   4.5828E+07   4.5828E+07   4.5837E+07   0.0000E+00   0.0000E+00
   1.6437E+05   3.7023E+07   3.7023E+07   3.7023E+07   3.7023E+07   3.7023E+07   3.7023E+07   3.7023E+07   3.7023E+07   3.7031E+07   0.0000E+00   0.0000E+00
   1.7624E+05   2.9998E+07   2.9998E+07   2.9998E+07   2.9998E+07   2.9998E+07   2.9998E+07   2.9998E+07   2.9998E+07   3.0004E+07   0.0000E+00   0.0000E+00
   1.8895E+05   2.4555E+07   2.4555E+07   2.4555E+07   2.4555E+07   2.4555E+07   2.4555E+07   2.4555E+07   2.4555E+07   2.4560E+07   0.0000E+00   0.0000E+00
   2.0259E+05   2.0496E+07   2.0496E+07   2.0496E+07   2.0496E+07   2.0496E+07   2.0496E+07   2.0496E+07   2.0496E+07   2.0500E+07   0.0000E+00   0.0000E+00
   2.1721E+05   1.7456E+07   1.7456E+07   1.7456E+07   1.7456E+07   1.7456E+07   1.7456E+07   1.7456E+07   1.7456E+07   1.7459E+07   0.0000E+00   0.0000E+00
   2.3289E+05   1.4857E+07   1.4857E+07   1.4857E+07   1.4857E+07   1.4857E+07   1.4857E+07   1.4857E+07   1.4857E+07   1.4860E+07   0.0000E+00   0.0000E+00
   2.4969E+05   1.2515E+07   1.2515E+07   1.2515E+07   1.2515E+07   1.2515E+07   1.2515E+07   1.2515E+07   1.2515E+07   1.2518E+07   0.0000E+00   0.0000E+00
   2.6771E+05   1.0775E+07   1.0775E+07   1.0775E+07   1.0775E+07   1.0775E+07   1.0775E+07   1.0775E+07   1.0775E+07   1.0777E+07   0.0000E+00   0.0000E+00
   2.8703E+05   9.3211E+06   9.3211E+06   9.3211E+06   9.3211E+06   9.3211E+06   9.3211E+06   9.3211E+06   9.3211E+06   9.3230E+06   0.0000E+00   0.0000E+00
   3.0775E+05   7.9659E+06   7.9659E+06   7.9659E+06   7.9659E+06   7.9659E+06   7.9659E+06   7.9659E+06   7.9659E+06   7.9676E+06   0.0000E+00   0.0000E+00
   3.2996E+05   6.8172E+06   6.8172E+06   6.8172E+06   6.8172E+06   6.8172E+06   6.8172E+06   6.8172E+06   6.8172E+06   6.8186E+06   0.0000E+00   0.0000E+00
   3.5377E+05   5.8014E+06   5.8014E+06   5.8014E+06   5.8014E+06   5.8014E+06   5.8014E+06   5.8014E+06   5.8014E+06   5.8026E+06   0.0000E+00   0.0000E+00
   3.7930E+05   5.0486E+06   5.0486E+06   5.0486E+06   5.0486E+06   5.0486E+06   5.0486E+06   5.0486E+06   5.0486E+06   5.0497E+06   0.0000E+00   0.0000E+00
   4.0667E+05   4.3175E+06   4.3175E+06   4.3175E+06   4.3175E+06   4.3175E+06   4.3175E+06   4.3175E+06   4.3175E+06   4.3183E+06   0.0000E+00   0.0000E+00
   4.3602E+05   3.6898E+06   3.6898E+06   3.6898E+06   3.6898E+06   3.6898E+06   3.6898E+06   3.6898E+06   3.6898E+06   3.6905E+06   0.0000E+00   0.0000E+00
   4.6749E+05   3.1090E+06   3.1090E+06   3.1090E+06   3.1090E+06   3.1090E+06   3.1090E+06   3.1090E+06   3.1090E+06   3.1097E+06   0.0000E+00   0.0000E+00
   5.0123E+05   2.6637E+06   2.6637E+06   2.6637E+06   2.6637E+06   2.6637E+06   2.6637E+06   2.6637E+06   2.6637E+06   2.6643E+06   0.0000E+00   0.0000E+00
   5.3740E+05   2.2197E+06   2.2197E+06   2.2197E+06   2.2197E+06   2.2197E+06   2.2197E+06   2.2197E+06   2.2197E+06   2.2201E+06   0.0000E+00   0.0000E+00
   5.7618E+05   1.8511E+06   1.8511E+06   1.8511E+06   1.8511E+06   1.8511E+06   1.8511E+06   1.8511E+06   1.8511E+06   1.8514E+06   0.0000E+00   0.0000E+00
   6.1776E+05   1.5447E+06   1.5447E+06   1.5447E+06   1.5447E+06   1.5447E+06   1.5447E+06   1.5447E+06   1.5447E+06   1.5450E+06   0.0000E+00   0.0000E+00
   6.6235E+05   1.2566E+06   1.2566E+06   1.2566E+06   1.2566E+06   1.2566E+06   1.2566E+06   1.2566E+06   1.2566E+06   1.2569E+06   0.0000E+00   0.0000E+00
   7.1015E+05   9.9999E+05   9.9999E+05   9.9999E+05   9.9999E+05   9.9999E+05   9.9999E+05   9.9999E+05   9.9999E+05   1.0002E+06   0.0000E+00   0.0000E+00
   7.6140E+05   7.9936E+05   7.9936E+05   7.9936E+05   7.9936E+05   7.9936E+05   7.9936E+05   7.9936E+05   7.9936E+05   7.9953E+05   0.0000E+00   0.0000E+00
   8.1635E+05   6.1522E+05   6.1522E+05   6.1522E+05   6.1522E+05   6.1522E+05   6.1522E+05   6.1522E+05   6.1522E+05   6.1535E+05   0.0000E+00   0.0000E+00
   8.7526E+05   4.7848E+05   4.7848E+05   4.7848E+05   4.7848E+05   4.7848E+05   4.7848E+05   4.7848E+05   4.7848E+05   4.7858E+05   0.0000E+00   0.0000E+00
   9.3842E+05   3.6806E+05   3.6806E+05   3.6806E+05   3.6806E+05   3.6806E+05   3.6806E+05   3.6806E+05   3.6806E+05   3.6813E+05   0.0000E+00   0.0000E+00
   1.0061E+06   2.6336E+05   2.6336E+05   2.6336E+05   2.6336E+05   2.6336E+05   2.6336E+05   2.6336E+05   2.6336E+05   2.6341E+05   0.0000E+00   0.0000E+00
   1.0788E+06   1.8656E+05   1.8656E+05   1.8656E+05   1.8656E+05   1.8656E+05   1.8656E+05   1.8656E+05   1.8656E+05   1.8660E+05   0.0000E+00   0.0000E+00
   1.1566E+06   1.3218E+05   1.3218E+05   1.3218E+05   1.3218E+05   1.3218E+05   1.3218E+05   1.3218E+05   1.3218E+05   1.3221E+05   0.0000E+00   0.0000E+00
   1.2401E+06   9.3680E+04   9.3680E+04   9.3680E+04   9.3680E+04   9.3680E+04   9.3680E+04   9.3680E+04   9.3680E+04   9.3699E+04   0.0000E+00   0.0000E+00
   1.3296E+06   6.6411E+04   6.6411E+04   6.6411E+04   6.6411E+04   6.6411E+04   6.6411E+04   6.6411E+04   6.6411E+04   6.6424E+04   0.0000E+00   0.0000E+00
   1.4255E+06   4.7092E+04   4.7092E+04   4.7092E+04   4.7092E+04   4.7092E+04   4.7092E+04   4.7092E+04   4.7092E+04   4.7102E+04   0.0000E+00   0.0000E+00
   1.5284E+06   3.3403E+04   3.3403E+04   3.3403E+04   3.3403E+04   3.3403E+04   3.3403E+04   3.3403E+04   3.3403E+04   3.3410E+04   0.0000E+00   0.0000E+00
   1.6387E+06   2.3701E+04   2.3701E+04   2.3701E+04   2.3701E+04   2.3701E+04   2.3701E+04   2.3701E+04   2.3701E+04   2.3706E+04   0.0000E+00   0.0000E+00
   1.7570E+06   1.6823E+04   1.6823E+04   1.6823E+04   1.6823E+04   1.6823E+04   1.6823E+04   1.6823E+04   1.6823E+04   1.6826E+04   0.0000E+00   0.0000E+00
   1.8838E+06   1.1945E+04   1.1945E+04   1.1945E+04   1.1945E+04   1.1945E+04   1.1945E+04   1.1945E+04   1.1945E+04   1.1948E+04   0.0000E+00   0.0000E+00
   2.0197E+06   8.4849E+03   8.4849E+03   8.4849E+03   8.4849E+03   8.4849E+03   8.4849E+03   8.4849E+03   8.4849E+03   8.4866E+03   0.0000E+00   0.0000E+00
   2.1655E+06   6.0294E+03   6.0294E+03   6.0294E+03   6.0294E+03   6.0294E+03   6.0294E+03   6.0294E+03   6.0294E+03   6.0307E+03   0.0000E+00   0.0000E+00
   2.3217E+06   4.2864E+03   4.2864E+03   4.2864E+03   4.2864E+03   4.2864E+03   4.2864E+03   4.2864E+03   4.2864E+03   4.2873E+03   0.0000E+00   0.0000E+00
   2.4893E+06   3.0487E+03   3.0487E+03   3.0487E+03   3.0487E+03   3.0487E+03   3.0487E+03   3.0487E+03   3.0487E+03   3.0493E+03   0.0000E+00   0.0000E+00
   2.6689E+06   2.1693E+03   2.1693E+03   2.1693E+03   2.1693E+03   2.1693E+03   2.1693E+03   2.1693E+03   2.1693E+03   2.1698E+03   0.0000E+00   0.0000E+00
   2.8616E+06   1.5444E+03   1.5444E+03   1.5444E+03   1.5444E+03   1.5444E+03   1.5444E+03   1.5444E+03   1.5444E+03   1.5447E+03   0.0000E+00   0.0000E+00
   3.0681E+06   1.1001E+03   1.1001E+03   1.1001E+03   1.1001E+03   1.1001E+03   1.1001E+03   1.1001E+03   1.1001E+03   1.1003E+03   0.0000E+00   0.0000E+00
   3.2895E+06   7.8406E+02   7.8406E+02   7.8406E+02   7.8406E+02   7.8406E+02   7.8406E+02   7.8406E+02   7.8406E+02   7.8422E+02   0.0000E+00   0.0000E+00
   3.5269E+06   5.5913E+02   5.5913E+02   5.5913E+02   5.5913E+02   5.5913E+02   5.5913E+02   5.5913E+02   5.5913E+02   5.5924E+02   0.0000E+00   0.0000E+00
   3.7814E+06   3.9897E+02   3.9897E+02   3.9897E+02   3.9897E+02   3.9897E+02   3.9897E+02   3.9897E+02   3.9897E+02   3.9905E+02   0.0000E+00   0.0000E+00
   4.0543E+06   2.8487E+02   2.8487E+02   2.8487E+02   2.8487E+02   2.8487E+02   2.8487E+02   2.8487E+02   2.8487E+02   2.8493E+02   0.0000E+00   0.0000E+00
   4.3469E+06   2.0354E+02   2.0354E+02   2.0354E+02   2.0354E+02   2.0354E+02   2.0354E+02   2.0354E+02   2.0354E+02   2.0358E+02   0.0000E+00   0.0000E+00
   4.6606E+06   1.4553E+02   1.4553E+02   1.4553E+02   1.4553E+02   1.4553E+02   1.4553E+02   1.4553E+02   1.4553E+02   1.4556E+02   0.0000E+00   0.0000E+00
   4.9969E+06   1.0413E+02   1.0413E+02   1.0413E+02   1.0413E+02   1.0413E+02   1.0413E+02   1.0413E+02   1.0413E+02   1.0415E+02   0.0000E+00   0.0000E+00
   5.3576E+06   7.4564E+01   7.4564E+01   7.4564E+01   7.4564E+01   7.4564E+01   7.4564E+01   7.4564E+01   7.4564E+01   7.4579E+01   0.0000E+00   0.0000E+00
   5.7442E+06   5.3435E+01   5.3435E+01   5.3435E+01   5.3435E+01   5.3435E+01   5.3435E+01   5.3435E+01   5.3435E+01   5.3446E+01   0.0000E+00   0.0000E+00
   6.1587E+06   3.8325E+01   3.8325E+01   3.8325E+01   3.8325E+01   3.8325E+01   3.8325E+01   3.8325E+01   3.8325E+01   3.8333E+01   0.0000E+00   0.0000E+00
   6.6032E+06   2.7511E+01   2.7511E+01   2.7511E+01   2.7511E+01   2.7511E+01   2.7511E+01   2.7511E+01   2.7511E+01   2.7517E+01   0.0000E+00   0.0000E+00
   7.0797E+06   1.9766E+01   1.9766E+01   1.9766E+01   1.9766E+01   1.9766E+01   1.9766E+01   1.9766E+01   1.9766E+01   1.9770E+01   0.0000E+00   0.0000E+00
   7.5907E+06   1.4214E+01   1.4214E+01   1.4214E+01   1.4214E+01   1.4214E+01   1.4214E+01   1.4214E+01   1.4214E+01   1.4217E+01   0.0000E+00   0.0000E+00
   8.1385E+06   1.0231E+01   1.0231E+01   1.0231E+01   1.0231E+01   1.0231E+01   1.0231E+01   1.0231E+01   1.0231E+01   1.0234E+01   0.0000E+00   0.0000E+00
   8.7258E+06   7.3718E+00   7.3718E+00   7.3718E+00   7.3718E+00   7.3718E+00   7.3718E+00   7.3718E+00   7.3718E+00   7.3733E+00   0.0000E+00   0.0000E+00
   9.3555E+06   5.3166E+00   5.3166E+00   5.3166E+00   5.3166E+00   5.3166E+00   5.3166E+00   5.3166E+00   5.3166E+00   5.3177E+00   0.0000E+00   0.0000E+00
   1.0031E+07   3.8384E+00   3.8384E+00   3.8384E+00   3.8384E+00   3.8384E+00   3.8384E+00   3.8384E+00   3.8384E+00   3.8392E+00   0.0000E+00   0.0000E+00
   1.0755E+07   2.7741E+00   2.7741E+00   2.7741E+00   2.7741E+00   2.7741E+00   2.7741E+00   2.7741E+00   2.7741E+00   2.7746E+00   0.0000E+00   0.0000E+00
   1.1531E+07   2.0070E+00   2.0070E+00   2.0070E+00   2.0070E+00   2.0070E+00   2.0070E+00   2.0070E+00   2.0070E+00   2.0074E+00   0.0000E+00   0.0000E+00
   1.2363E+07   1.4536E+00   1.4536E+00   1.4536E+00   1.4536E+00   1.4536E+00   1.4536E+00   1.4536E+00   1.4536E+00   1.4539E+00   0.0000E+00   0.0000E+00
   1.3255E+07   1.0540E+00   1.0540E+00   1.0540E+00   1.0540E+00   1.0540E+00   1.0540E+00   1.0540E+00   1.0540E+00   1.0542E+00   0.0000E+00   0.0000E+00
   1.4212E+07   7.6506E-01   7.6506E-01   7.6506E-01   7.6506E-01   7.6506E-01   7.6506E-01   7.6506E-01   7.6506E-01   7.6522E-01   0.0000E+00   0.0000E+00
   1.5237E+07   5.5599E-01   5.5599E-01   5.5599E-01   5.5599E-01   5.5599E-01   5.5599E-01   5.5599E-01   5.5599E-01   5.5610E-01   0.0000E+00   0.0000E+00
   1.6337E+07   4.0450E-01   4.0450E-01   4.0450E-01   4.0450E-01   4.0450E-01   4.0450E-01   4.0450E-01   4.0450E-01   4.0459E-01   0.0000E+00   0.0000E+00
   1.7516E+07   2.9464E-01   2.9464E-01   2.9464E-01   2.9464E-01   2.9464E-01   2.9464E-01   2.9464E-01   2.9464E-01   2.9470E-01   0.0000E+00   0.0000E+00
   1.8780E+07   2.1486E-01   2.1486E-01   2.1486E-01   2.1486E-01   2.1486E-01   2.1486E-01   2.1486E-01   2.1486E-01   2.1490E-01   0.0000E+00   0.0000E+00
   2.0135E+07   1.5686E-01   1.5686E-01   1.5686E-01   1.5686E-01   1.5686E-01   1.5686E-01   1.5686E-01   1.5686E-01   1.5690E-01   0.0000E+00   0.0000E+00
   2.1588E+07   1.1466E-01   1.1466E-01   1.1466E-01   1.1466E-01   1.1466E-01   1.1466E-01   1.1466E-01   1.1466E-01   1.1468E-01   0.0000E+00   0.0000E+00
   2.3146E+07   8.3907E-02   8.3907E-02   8.3907E-02   8.3907E-02   8.3907E-02   8.3907E-02   8.3907E-02   8.3907E-02   8.3924E-02   0.0000E+00   0.0000E+00
   2.4817E+07   6.1473E-02   6.1473E-02   6.1473E-02   6.1473E-02   6.1473E-02   6.1473E-02   6.1473E-02   6.1473E-02   6.1486E-02   0.0000E+00   0.0000E+00
   2.6608E+07   4.5090E-02   4.5090E-02   4.5090E-02   4.5090E-02   4.5090E-02   4.5090E-02   4.5090E-02   4.5090E-02   4.5099E-02   0.0000E+00   0.0000E+00
   2.8528E+07   3.3110E-02   3.3110E-02   3.3110E-02   3.3110E-02   3.3110E-02   3.3110E-02   3.3110E-02   3.3110E-02   3.3117E-02   0.0000E+00   0.0000E+00
   3.0587E+07   2.4341E-02   2.4341E-02   2.4341E-02   2.4341E-02   2.4341E-02   2.4341E-02   2.4341E-02   2.4341E-02   2.4346E-02   0.0000E+00   0.0000E+00
   3.2794E+07   1.7914E-02   1.7914E-02   1.7914E-02   1.7914E-02   1.7914E-02   1.7914E-02   1.7914E-02   1.7914E-02   1.7918E-02   0.0000E+00   0.0000E+00
   3.5161E+07   1.3199E-02   1.3199E-02   1.3199E-02   1.3199E-02   1.3199E-02   1.3199E-02   1.3199E-02   1.3199E-02   1.3202E-02   0.0000E+00   0.0000E+00
   3.7698E+07   9.7354E-03   9.7354E-03   9.7354E-03   9.7354E-03   9.7354E-03   9.7354E-03   9.7354E-03   9.7354E-03   9.7374E-03   0.0000E+00   0.0000E+00
   4.0419E+07   7.1883E-03   7.1883E-03   7.1883E-03   7.1883E-03   7.1883E-03   7.1883E-03   7.1883E-03   7.1883E-03   7.1898E-03   0.0000E+00   0.0000E+00
   4.3336E+07   5.3131E-03   5.3131E-03   5.3131E-03   5.3131E-03   5.3131E-03   5.3131E-03   5.3131E-03   5.3131E-03   5.3141E-03   0.0000E+00   0.0000E+00
   4.6463E+07   3.9310E-03   3.9310E-03   3.9310E-03   3.9310E-03   3.9310E-03   3.9310E-03   3.9310E-03   3.9310E-03   3.9318E-03   0.0000E+00   0.0000E+00
   4.9817E+07   2.9113E-03   2.9113E-03   2.9113E-03   2.9113E-03   2.9113E-03   2.9113E-03   2.9113E-03   2.9113E-03   2.9119E-03   0.0000E+00   0.0000E+00
   5.3412E+07   2.1582E-03   2.1582E-03   2.1582E-03   2.1582E-03   2.1582E-03   2.1582E-03   2.1582E-03   2.1582E-03   2.1586E-03   0.0000E+00   0.0000E+00
   5.7266E+07   1.6014E-03   1.6014E-03   1.6014E-03   1.6014E-03   1.6014E-03   1.6014E-03   1.6014E-03   1.6014E-03   1.6017E-03   0.0000E+00   0.0000E+00
   6.1399E+07   1.1893E-03   1.1893E-03   1.1893E-03   1.1893E-03   1.1893E-03   1.1893E-03   1.1893E-03   1.1893E-03   1.1896E-03   0.0000E+00   0.0000E+00
   6.5830E+07   8.8405E-04   8.8405E-04   8.8405E-04   8.8405E-04   8.8405E-04   8.8405E-04   8.8405E-04   8.8405E-04   8.8423E-04   0.0000E+00   0.0000E+00
   7.0581E+07   6.5769E-04   6.5769E-04   6.5769E-04   6.5769E-04   6.5769E-04   6.5769E-04   6.5769E-04   6.5769E-04   6.5782E-04   0.0000E+00   0.0000E+00
   7.5675E+07   4.8968E-04   4.8968E-04   4.8968E-04   4.8968E-04   4.8968E-04   4.8968E-04   4.8968E-04   4.8968E-04   4.8978E-04   0.0000E+00   0.0000E+00
   8.1136E+07   3.6488E-04   3.6488E-04   3.6488E-04   3.6488E-04   3.6488E-04   3.6488E-04   3.6488E-04   3.6488E-04   3.6495E-04   0.0000E+00   0.0000E+00
   8.6991E+07   2.7209E-04   2.7209E-04   2.7209E-04   2.7209E-04   2.7209E-04   2.7209E-04   2.7209E-04   2.7209E-04   2.7214E-04   0.0000E+00   0.0000E+00
   9.3269E+07   2.0304E-04   2.0304E-04   2.0304E-04   2.0304E-04   2.0304E-04   2.0304E-04   2.0304E-04   2.0304E-04   2.0308E-04   0.0000E+00   0.0000E+00
   1.0000E+08   1.5162E-04   1.5162E-04   1.5162E-04   1.5162E-04   1.5162E-04   1.5162E-04   1.5162E-04   1.5162E-04   1.5165E-04   0.0000E+00   0.0000E+00
