 (1): Wavelength (A) 
 (2): Intrinsic SED (1e30 erg/s/A)
 (3 - 9): SED at angles [   0.0000000      0.26183301      0.52366602      0.78549999       1.0473300       1.3091700       1.5710000     ] (1e30 erg/s/A)
 (10): Angle averaged SED (1e30 erg/s/A)
 (11): Molecular cloud emission (1e30 erg/s/A)
 (12): Cirrus emission (1e30 erg/s/A)
  
            1            2            3            4            5            6            7            8            9           10           11           12
   9.5000E+01   2.8218E+12   2.8218E+12   2.8218E+12   2.8218E+12   2.8218E+12   2.8218E+12   2.8218E+12   2.8218E+12   2.8224E+12   0.0000E+00   0.0000E+00
   1.0186E+02   2.9839E+12   2.9839E+12   2.9839E+12   2.9839E+12   2.9839E+12   2.9839E+12   2.9839E+12   2.9839E+12   2.9845E+12   0.0000E+00   0.0000E+00
   1.0921E+02   2.9918E+12   2.9918E+12   2.9918E+12   2.9918E+12   2.9918E+12   2.9918E+12   2.9918E+12   2.9918E+12   2.9924E+12   0.0000E+00   0.0000E+00
   1.1709E+02   2.9990E+12   2.9990E+12   2.9990E+12   2.9990E+12   2.9990E+12   2.9990E+12   2.9990E+12   2.9990E+12   2.9997E+12   0.0000E+00   0.0000E+00
   1.2554E+02   3.0974E+12   3.0974E+12   3.0974E+12   3.0974E+12   3.0974E+12   3.0974E+12   3.0974E+12   3.0974E+12   3.0980E+12   0.0000E+00   0.0000E+00
   1.3460E+02   3.1001E+12   3.1001E+12   3.1001E+12   3.1001E+12   3.1001E+12   3.1001E+12   3.1001E+12   3.1001E+12   3.1007E+12   0.0000E+00   0.0000E+00
   1.4431E+02   3.1701E+12   3.1701E+12   3.1701E+12   3.1701E+12   3.1701E+12   3.1701E+12   3.1701E+12   3.1701E+12   3.1708E+12   0.0000E+00   0.0000E+00
   1.5473E+02   3.2530E+12   3.2530E+12   3.2530E+12   3.2530E+12   3.2530E+12   3.2530E+12   3.2530E+12   3.2530E+12   3.2537E+12   0.0000E+00   0.0000E+00
   1.6589E+02   3.2854E+12   3.2854E+12   3.2854E+12   3.2854E+12   3.2854E+12   3.2854E+12   3.2854E+12   3.2854E+12   3.2860E+12   0.0000E+00   0.0000E+00
   1.7786E+02   3.2893E+12   3.2893E+12   3.2893E+12   3.2893E+12   3.2893E+12   3.2893E+12   3.2893E+12   3.2893E+12   3.2900E+12   0.0000E+00   0.0000E+00
   1.9070E+02   3.2928E+12   3.2928E+12   3.2928E+12   3.2928E+12   3.2928E+12   3.2928E+12   3.2928E+12   3.2928E+12   3.2935E+12   0.0000E+00   0.0000E+00
   2.0446E+02   3.3444E+12   3.3444E+12   3.3444E+12   3.3444E+12   3.3444E+12   3.3444E+12   3.3444E+12   3.3444E+12   3.3451E+12   0.0000E+00   0.0000E+00
   2.1922E+02   3.3716E+12   3.3716E+12   3.3716E+12   3.3716E+12   3.3716E+12   3.3716E+12   3.3716E+12   3.3716E+12   3.3723E+12   0.0000E+00   0.0000E+00
   2.3504E+02   4.1006E+12   4.1006E+12   4.1006E+12   4.1006E+12   4.1006E+12   4.1006E+12   4.1006E+12   4.1006E+12   4.1015E+12   0.0000E+00   0.0000E+00
   2.5200E+02   5.1764E+12   5.1764E+12   5.1764E+12   5.1764E+12   5.1764E+12   5.1764E+12   5.1764E+12   5.1764E+12   5.1775E+12   0.0000E+00   0.0000E+00
   2.7019E+02   5.9057E+12   5.9057E+12   5.9057E+12   5.9057E+12   5.9057E+12   5.9057E+12   5.9057E+12   5.9057E+12   5.9069E+12   0.0000E+00   0.0000E+00
   2.8969E+02   5.8866E+12   5.8866E+12   5.8866E+12   5.8866E+12   5.8866E+12   5.8866E+12   5.8866E+12   5.8866E+12   5.8878E+12   0.0000E+00   0.0000E+00
   3.1059E+02   5.4085E+12   5.4085E+12   5.4085E+12   5.4085E+12   5.4085E+12   5.4085E+12   5.4085E+12   5.4085E+12   5.4096E+12   0.0000E+00   0.0000E+00
   3.3301E+02   5.9321E+12   5.9321E+12   5.9321E+12   5.9321E+12   5.9321E+12   5.9321E+12   5.9321E+12   5.9321E+12   5.9333E+12   0.0000E+00   0.0000E+00
   3.5704E+02   6.0501E+12   6.0501E+12   6.0501E+12   6.0501E+12   6.0501E+12   6.0501E+12   6.0501E+12   6.0501E+12   6.0513E+12   0.0000E+00   0.0000E+00
   3.8280E+02   6.1581E+12   6.1581E+12   6.1581E+12   6.1581E+12   6.1581E+12   6.1581E+12   6.1581E+12   6.1581E+12   6.1594E+12   0.0000E+00   0.0000E+00
   4.1043E+02   6.9223E+12   6.9223E+12   6.9223E+12   6.9223E+12   6.9223E+12   6.9223E+12   6.9223E+12   6.9223E+12   6.9237E+12   0.0000E+00   0.0000E+00
   4.4005E+02   6.7517E+12   6.7517E+12   6.7517E+12   6.7517E+12   6.7517E+12   6.7517E+12   6.7517E+12   6.7517E+12   6.7531E+12   0.0000E+00   0.0000E+00
   4.7181E+02   6.5338E+12   6.5338E+12   6.5338E+12   6.5338E+12   6.5338E+12   6.5338E+12   6.5338E+12   6.5338E+12   6.5351E+12   0.0000E+00   0.0000E+00
   5.0586E+02   6.4750E+12   6.4750E+12   6.4750E+12   6.4750E+12   6.4750E+12   6.4750E+12   6.4750E+12   6.4750E+12   6.4763E+12   0.0000E+00   0.0000E+00
   5.4236E+02   6.7005E+12   6.7005E+12   6.7005E+12   6.7005E+12   6.7005E+12   6.7005E+12   6.7005E+12   6.7005E+12   6.7019E+12   0.0000E+00   0.0000E+00
   5.8151E+02   7.2012E+12   7.2012E+12   7.2012E+12   7.2012E+12   7.2012E+12   7.2012E+12   7.2012E+12   7.2012E+12   7.2026E+12   0.0000E+00   0.0000E+00
   6.2347E+02   6.9894E+12   6.9894E+12   6.9894E+12   6.9894E+12   6.9894E+12   6.9894E+12   6.9894E+12   6.9894E+12   6.9908E+12   0.0000E+00   0.0000E+00
   6.6847E+02   6.8609E+12   6.8609E+12   6.8609E+12   6.8609E+12   6.8609E+12   6.8609E+12   6.8609E+12   6.8609E+12   6.8623E+12   0.0000E+00   0.0000E+00
   7.1671E+02   6.6677E+12   6.6677E+12   6.6677E+12   6.6677E+12   6.6677E+12   6.6677E+12   6.6677E+12   6.6677E+12   6.6690E+12   0.0000E+00   0.0000E+00
   7.6843E+02   6.1507E+12   6.1507E+12   6.1507E+12   6.1507E+12   6.1507E+12   6.1507E+12   6.1507E+12   6.1507E+12   6.1519E+12   0.0000E+00   0.0000E+00
   8.2389E+02   6.1675E+12   6.1675E+12   6.1675E+12   6.1675E+12   6.1675E+12   6.1675E+12   6.1675E+12   6.1675E+12   6.1688E+12   0.0000E+00   0.0000E+00
   8.8334E+02   5.9848E+12   5.9848E+12   5.9848E+12   5.9848E+12   5.9848E+12   5.9848E+12   5.9848E+12   5.9848E+12   5.9860E+12   0.0000E+00   0.0000E+00
   9.4709E+02   1.5200E+13   1.5200E+13   1.5200E+13   1.5200E+13   1.5200E+13   1.5200E+13   1.5200E+13   1.5200E+13   1.5203E+13   0.0000E+00   0.0000E+00
   1.0154E+03   1.6740E+13   1.6740E+13   1.6740E+13   1.6740E+13   1.6740E+13   1.6740E+13   1.6740E+13   1.6740E+13   1.6744E+13   0.0000E+00   0.0000E+00
   1.0887E+03   1.6322E+13   1.6322E+13   1.6322E+13   1.6322E+13   1.6322E+13   1.6322E+13   1.6322E+13   1.6322E+13   1.6326E+13   0.0000E+00   0.0000E+00
   1.1673E+03   1.4751E+13   1.4751E+13   1.4751E+13   1.4751E+13   1.4751E+13   1.4751E+13   1.4751E+13   1.4751E+13   1.4754E+13   0.0000E+00   0.0000E+00
   1.2515E+03   1.4074E+13   1.4074E+13   1.4074E+13   1.4074E+13   1.4074E+13   1.4074E+13   1.4074E+13   1.4074E+13   1.4077E+13   0.0000E+00   0.0000E+00
   1.3419E+03   1.3101E+13   1.3101E+13   1.3101E+13   1.3101E+13   1.3101E+13   1.3101E+13   1.3101E+13   1.3101E+13   1.3104E+13   0.0000E+00   0.0000E+00
   1.4387E+03   1.1295E+13   1.1295E+13   1.1295E+13   1.1295E+13   1.1295E+13   1.1295E+13   1.1295E+13   1.1295E+13   1.1297E+13   0.0000E+00   0.0000E+00
   1.5425E+03   8.5870E+12   8.5870E+12   8.5870E+12   8.5870E+12   8.5870E+12   8.5870E+12   8.5870E+12   8.5870E+12   8.5888E+12   0.0000E+00   0.0000E+00
   1.6538E+03   8.1853E+12   8.1853E+12   8.1853E+12   8.1853E+12   8.1853E+12   8.1853E+12   8.1853E+12   8.1853E+12   8.1869E+12   0.0000E+00   0.0000E+00
   1.7732E+03   7.2123E+12   7.2123E+12   7.2123E+12   7.2123E+12   7.2123E+12   7.2123E+12   7.2123E+12   7.2123E+12   7.2138E+12   0.0000E+00   0.0000E+00
   1.9012E+03   6.1577E+12   6.1577E+12   6.1577E+12   6.1577E+12   6.1577E+12   6.1577E+12   6.1577E+12   6.1577E+12   6.1589E+12   0.0000E+00   0.0000E+00
   2.0384E+03   5.4463E+12   5.4463E+12   5.4463E+12   5.4463E+12   5.4463E+12   5.4463E+12   5.4463E+12   5.4463E+12   5.4474E+12   0.0000E+00   0.0000E+00
   2.1855E+03   4.7547E+12   4.7547E+12   4.7547E+12   4.7547E+12   4.7547E+12   4.7547E+12   4.7547E+12   4.7547E+12   4.7557E+12   0.0000E+00   0.0000E+00
   2.3432E+03   4.0057E+12   4.0057E+12   4.0057E+12   4.0057E+12   4.0057E+12   4.0057E+12   4.0057E+12   4.0057E+12   4.0065E+12   0.0000E+00   0.0000E+00
   2.5123E+03   3.4833E+12   3.4833E+12   3.4833E+12   3.4833E+12   3.4833E+12   3.4833E+12   3.4833E+12   3.4833E+12   3.4841E+12   0.0000E+00   0.0000E+00
   2.6936E+03   3.1710E+12   3.1710E+12   3.1710E+12   3.1710E+12   3.1710E+12   3.1710E+12   3.1710E+12   3.1710E+12   3.1716E+12   0.0000E+00   0.0000E+00
   2.8880E+03   2.7875E+12   2.7875E+12   2.7875E+12   2.7875E+12   2.7875E+12   2.7875E+12   2.7875E+12   2.7875E+12   2.7881E+12   0.0000E+00   0.0000E+00
   3.0964E+03   2.4409E+12   2.4409E+12   2.4409E+12   2.4409E+12   2.4409E+12   2.4409E+12   2.4409E+12   2.4409E+12   2.4414E+12   0.0000E+00   0.0000E+00
   3.3199E+03   2.1168E+12   2.1168E+12   2.1168E+12   2.1168E+12   2.1168E+12   2.1168E+12   2.1168E+12   2.1168E+12   2.1172E+12   0.0000E+00   0.0000E+00
   3.5595E+03   1.8371E+12   1.8371E+12   1.8371E+12   1.8371E+12   1.8371E+12   1.8371E+12   1.8371E+12   1.8371E+12   1.8375E+12   0.0000E+00   0.0000E+00
   3.8163E+03   2.0095E+12   2.0095E+12   2.0095E+12   2.0095E+12   2.0095E+12   2.0095E+12   2.0095E+12   2.0095E+12   2.0099E+12   0.0000E+00   0.0000E+00
   4.0918E+03   1.7659E+12   1.7659E+12   1.7659E+12   1.7659E+12   1.7659E+12   1.7659E+12   1.7659E+12   1.7659E+12   1.7662E+12   0.0000E+00   0.0000E+00
   4.3870E+03   1.5808E+12   1.5808E+12   1.5808E+12   1.5808E+12   1.5808E+12   1.5808E+12   1.5808E+12   1.5808E+12   1.5811E+12   0.0000E+00   0.0000E+00
   4.7036E+03   1.3964E+12   1.3964E+12   1.3964E+12   1.3964E+12   1.3964E+12   1.3964E+12   1.3964E+12   1.3964E+12   1.3967E+12   0.0000E+00   0.0000E+00
   5.0431E+03   1.1887E+12   1.1887E+12   1.1887E+12   1.1887E+12   1.1887E+12   1.1887E+12   1.1887E+12   1.1887E+12   1.1889E+12   0.0000E+00   0.0000E+00
   5.4070E+03   1.0268E+12   1.0268E+12   1.0268E+12   1.0268E+12   1.0268E+12   1.0268E+12   1.0268E+12   1.0268E+12   1.0270E+12   0.0000E+00   0.0000E+00
   5.7973E+03   9.1987E+11   9.1987E+11   9.1987E+11   9.1987E+11   9.1987E+11   9.1987E+11   9.1987E+11   9.1987E+11   9.2006E+11   0.0000E+00   0.0000E+00
   6.2156E+03   7.9500E+11   7.9500E+11   7.9500E+11   7.9500E+11   7.9500E+11   7.9500E+11   7.9500E+11   7.9500E+11   7.9516E+11   0.0000E+00   0.0000E+00
   6.6642E+03   7.0337E+11   7.0337E+11   7.0337E+11   7.0337E+11   7.0337E+11   7.0337E+11   7.0337E+11   7.0337E+11   7.0352E+11   0.0000E+00   0.0000E+00
   7.1451E+03   6.1626E+11   6.1626E+11   6.1626E+11   6.1626E+11   6.1626E+11   6.1626E+11   6.1626E+11   6.1626E+11   6.1639E+11   0.0000E+00   0.0000E+00
   7.6608E+03   5.5005E+11   5.5005E+11   5.5005E+11   5.5005E+11   5.5005E+11   5.5005E+11   5.5005E+11   5.5005E+11   5.5016E+11   0.0000E+00   0.0000E+00
   8.2136E+03   4.8857E+11   4.8857E+11   4.8857E+11   4.8857E+11   4.8857E+11   4.8857E+11   4.8857E+11   4.8857E+11   4.8867E+11   0.0000E+00   0.0000E+00
   8.8064E+03   4.2045E+11   4.2045E+11   4.2045E+11   4.2045E+11   4.2045E+11   4.2045E+11   4.2045E+11   4.2045E+11   4.2054E+11   0.0000E+00   0.0000E+00
   9.4420E+03   3.9016E+11   3.9016E+11   3.9016E+11   3.9016E+11   3.9016E+11   3.9016E+11   3.9016E+11   3.9016E+11   3.9023E+11   0.0000E+00   0.0000E+00
   1.0123E+04   3.4328E+11   3.4328E+11   3.4328E+11   3.4328E+11   3.4328E+11   3.4328E+11   3.4328E+11   3.4328E+11   3.4335E+11   0.0000E+00   0.0000E+00
   1.0854E+04   2.9777E+11   2.9777E+11   2.9777E+11   2.9777E+11   2.9777E+11   2.9777E+11   2.9777E+11   2.9777E+11   2.9783E+11   0.0000E+00   0.0000E+00
   1.1637E+04   2.6153E+11   2.6153E+11   2.6153E+11   2.6153E+11   2.6153E+11   2.6153E+11   2.6153E+11   2.6153E+11   2.6158E+11   0.0000E+00   0.0000E+00
   1.2477E+04   2.2892E+11   2.2892E+11   2.2892E+11   2.2892E+11   2.2892E+11   2.2892E+11   2.2892E+11   2.2892E+11   2.2896E+11   0.0000E+00   0.0000E+00
   1.3377E+04   2.0565E+11   2.0565E+11   2.0565E+11   2.0565E+11   2.0565E+11   2.0565E+11   2.0565E+11   2.0565E+11   2.0569E+11   0.0000E+00   0.0000E+00
   1.4343E+04   1.8681E+11   1.8681E+11   1.8681E+11   1.8681E+11   1.8681E+11   1.8681E+11   1.8681E+11   1.8681E+11   1.8684E+11   0.0000E+00   0.0000E+00
   1.5378E+04   1.7390E+11   1.7390E+11   1.7390E+11   1.7390E+11   1.7390E+11   1.7390E+11   1.7390E+11   1.7390E+11   1.7393E+11   0.0000E+00   0.0000E+00
   1.6488E+04   1.6139E+11   1.6139E+11   1.6139E+11   1.6139E+11   1.6139E+11   1.6139E+11   1.6139E+11   1.6139E+11   1.6142E+11   0.0000E+00   0.0000E+00
   1.7678E+04   1.5084E+11   1.5084E+11   1.5084E+11   1.5084E+11   1.5084E+11   1.5084E+11   1.5084E+11   1.5084E+11   1.5087E+11   0.0000E+00   0.0000E+00
   1.8953E+04   1.3548E+11   1.3548E+11   1.3548E+11   1.3548E+11   1.3548E+11   1.3548E+11   1.3548E+11   1.3548E+11   1.3551E+11   0.0000E+00   0.0000E+00
   2.0321E+04   1.2557E+11   1.2557E+11   1.2557E+11   1.2557E+11   1.2557E+11   1.2557E+11   1.2557E+11   1.2557E+11   1.2560E+11   0.0000E+00   0.0000E+00
   2.1788E+04   1.1580E+11   1.1580E+11   1.1580E+11   1.1580E+11   1.1580E+11   1.1580E+11   1.1580E+11   1.1580E+11   1.1582E+11   0.0000E+00   0.0000E+00
   2.3360E+04   1.0689E+11   1.0689E+11   1.0689E+11   1.0689E+11   1.0689E+11   1.0689E+11   1.0689E+11   1.0689E+11   1.0691E+11   0.0000E+00   0.0000E+00
   2.5046E+04   9.6375E+10   9.6375E+10   9.6375E+10   9.6375E+10   9.6375E+10   9.6375E+10   9.6375E+10   9.6375E+10   9.6395E+10   0.0000E+00   0.0000E+00
   2.6854E+04   9.1706E+10   9.1706E+10   9.1706E+10   9.1706E+10   9.1706E+10   9.1706E+10   9.1706E+10   9.1706E+10   9.1725E+10   0.0000E+00   0.0000E+00
   2.8792E+04   8.6329E+10   8.6329E+10   8.6329E+10   8.6329E+10   8.6329E+10   8.6329E+10   8.6329E+10   8.6329E+10   8.6346E+10   0.0000E+00   0.0000E+00
   3.0869E+04   7.8723E+10   7.8723E+10   7.8723E+10   7.8723E+10   7.8723E+10   7.8723E+10   7.8723E+10   7.8723E+10   7.8739E+10   0.0000E+00   0.0000E+00
   3.3097E+04   7.2864E+10   7.2864E+10   7.2864E+10   7.2864E+10   7.2864E+10   7.2864E+10   7.2864E+10   7.2864E+10   7.2879E+10   0.0000E+00   0.0000E+00
   3.5486E+04   6.8338E+10   6.8338E+10   6.8338E+10   6.8338E+10   6.8338E+10   6.8338E+10   6.8338E+10   6.8338E+10   6.8352E+10   0.0000E+00   0.0000E+00
   3.8047E+04   6.2414E+10   6.2414E+10   6.2414E+10   6.2414E+10   6.2414E+10   6.2414E+10   6.2414E+10   6.2414E+10   6.2426E+10   0.0000E+00   0.0000E+00
   4.0792E+04   5.8458E+10   5.8458E+10   5.8458E+10   5.8458E+10   5.8458E+10   5.8458E+10   5.8458E+10   5.8458E+10   5.8470E+10   0.0000E+00   0.0000E+00
   4.3736E+04   5.4148E+10   5.4148E+10   5.4148E+10   5.4148E+10   5.4148E+10   5.4148E+10   5.4148E+10   5.4148E+10   5.4159E+10   0.0000E+00   0.0000E+00
   4.6893E+04   4.9921E+10   4.9921E+10   4.9921E+10   4.9921E+10   4.9921E+10   4.9921E+10   4.9921E+10   4.9921E+10   4.9931E+10   0.0000E+00   0.0000E+00
   5.0277E+04   4.6260E+10   4.6260E+10   4.6260E+10   4.6260E+10   4.6260E+10   4.6260E+10   4.6260E+10   4.6260E+10   4.6269E+10   0.0000E+00   0.0000E+00
   5.3905E+04   4.2911E+10   4.2911E+10   4.2911E+10   4.2911E+10   4.2911E+10   4.2911E+10   4.2911E+10   4.2911E+10   4.2920E+10   0.0000E+00   0.0000E+00
   5.7795E+04   3.9849E+10   3.9849E+10   3.9849E+10   3.9849E+10   3.9849E+10   3.9849E+10   3.9849E+10   3.9849E+10   3.9857E+10   0.0000E+00   0.0000E+00
   6.1966E+04   3.7010E+10   3.7010E+10   3.7010E+10   3.7010E+10   3.7010E+10   3.7010E+10   3.7010E+10   3.7010E+10   3.7018E+10   0.0000E+00   0.0000E+00
   6.6438E+04   3.4381E+10   3.4381E+10   3.4381E+10   3.4381E+10   3.4381E+10   3.4381E+10   3.4381E+10   3.4381E+10   3.4388E+10   0.0000E+00   0.0000E+00
   7.1233E+04   3.1964E+10   3.1964E+10   3.1964E+10   3.1964E+10   3.1964E+10   3.1964E+10   3.1964E+10   3.1964E+10   3.1971E+10   0.0000E+00   0.0000E+00
   7.6374E+04   2.9540E+10   2.9540E+10   2.9540E+10   2.9540E+10   2.9540E+10   2.9540E+10   2.9540E+10   2.9540E+10   2.9546E+10   0.0000E+00   0.0000E+00
   8.1885E+04   2.7053E+10   2.7053E+10   2.7053E+10   2.7053E+10   2.7053E+10   2.7053E+10   2.7053E+10   2.7053E+10   2.7059E+10   0.0000E+00   0.0000E+00
   8.7795E+04   2.5189E+10   2.5189E+10   2.5189E+10   2.5189E+10   2.5189E+10   2.5189E+10   2.5189E+10   2.5189E+10   2.5194E+10   0.0000E+00   0.0000E+00
   9.4131E+04   2.3017E+10   2.3017E+10   2.3017E+10   2.3017E+10   2.3017E+10   2.3017E+10   2.3017E+10   2.3017E+10   2.3022E+10   0.0000E+00   0.0000E+00
   1.0092E+05   2.1190E+10   2.1190E+10   2.1190E+10   2.1190E+10   2.1190E+10   2.1190E+10   2.1190E+10   2.1190E+10   2.1195E+10   0.0000E+00   0.0000E+00
   1.0821E+05   1.9444E+10   1.9444E+10   1.9444E+10   1.9444E+10   1.9444E+10   1.9444E+10   1.9444E+10   1.9444E+10   1.9448E+10   0.0000E+00   0.0000E+00
   1.1602E+05   1.7706E+10   1.7706E+10   1.7706E+10   1.7706E+10   1.7706E+10   1.7706E+10   1.7706E+10   1.7706E+10   1.7710E+10   0.0000E+00   0.0000E+00
   1.2439E+05   1.6169E+10   1.6169E+10   1.6169E+10   1.6169E+10   1.6169E+10   1.6169E+10   1.6169E+10   1.6169E+10   1.6172E+10   0.0000E+00   0.0000E+00
   1.3337E+05   1.4894E+10   1.4894E+10   1.4894E+10   1.4894E+10   1.4894E+10   1.4894E+10   1.4894E+10   1.4894E+10   1.4897E+10   0.0000E+00   0.0000E+00
   1.4299E+05   1.3692E+10   1.3692E+10   1.3692E+10   1.3692E+10   1.3692E+10   1.3692E+10   1.3692E+10   1.3692E+10   1.3695E+10   0.0000E+00   0.0000E+00
   1.5331E+05   1.2354E+10   1.2354E+10   1.2354E+10   1.2354E+10   1.2354E+10   1.2354E+10   1.2354E+10   1.2354E+10   1.2357E+10   0.0000E+00   0.0000E+00
   1.6437E+05   1.1367E+10   1.1367E+10   1.1367E+10   1.1367E+10   1.1367E+10   1.1367E+10   1.1367E+10   1.1367E+10   1.1369E+10   0.0000E+00   0.0000E+00
   1.7624E+05   1.0251E+10   1.0251E+10   1.0251E+10   1.0251E+10   1.0251E+10   1.0251E+10   1.0251E+10   1.0251E+10   1.0253E+10   0.0000E+00   0.0000E+00
   1.8895E+05   9.2316E+09   9.2316E+09   9.2316E+09   9.2316E+09   9.2316E+09   9.2316E+09   9.2316E+09   9.2316E+09   9.2334E+09   0.0000E+00   0.0000E+00
   2.0259E+05   8.4055E+09   8.4055E+09   8.4055E+09   8.4055E+09   8.4055E+09   8.4055E+09   8.4055E+09   8.4055E+09   8.4072E+09   0.0000E+00   0.0000E+00
   2.1721E+05   7.6621E+09   7.6621E+09   7.6621E+09   7.6621E+09   7.6621E+09   7.6621E+09   7.6621E+09   7.6621E+09   7.6636E+09   0.0000E+00   0.0000E+00
   2.3289E+05   6.9009E+09   6.9009E+09   6.9009E+09   6.9009E+09   6.9009E+09   6.9009E+09   6.9009E+09   6.9009E+09   6.9023E+09   0.0000E+00   0.0000E+00
   2.4969E+05   6.0740E+09   6.0740E+09   6.0740E+09   6.0740E+09   6.0740E+09   6.0740E+09   6.0740E+09   6.0740E+09   6.0753E+09   0.0000E+00   0.0000E+00
   2.6771E+05   5.4708E+09   5.4708E+09   5.4708E+09   5.4708E+09   5.4708E+09   5.4708E+09   5.4708E+09   5.4708E+09   5.4719E+09   0.0000E+00   0.0000E+00
   2.8703E+05   4.9227E+09   4.9227E+09   4.9227E+09   4.9227E+09   4.9227E+09   4.9227E+09   4.9227E+09   4.9227E+09   4.9238E+09   0.0000E+00   0.0000E+00
   3.0775E+05   4.3372E+09   4.3372E+09   4.3372E+09   4.3372E+09   4.3372E+09   4.3372E+09   4.3372E+09   4.3372E+09   4.3381E+09   0.0000E+00   0.0000E+00
   3.2996E+05   3.8117E+09   3.8117E+09   3.8117E+09   3.8117E+09   3.8117E+09   3.8117E+09   3.8117E+09   3.8117E+09   3.8125E+09   0.0000E+00   0.0000E+00
   3.5377E+05   3.3157E+09   3.3157E+09   3.3157E+09   3.3157E+09   3.3157E+09   3.3157E+09   3.3157E+09   3.3157E+09   3.3164E+09   0.0000E+00   0.0000E+00
   3.7930E+05   2.9515E+09   2.9515E+09   2.9515E+09   2.9515E+09   2.9515E+09   2.9515E+09   2.9515E+09   2.9515E+09   2.9521E+09   0.0000E+00   0.0000E+00
   4.0667E+05   2.5674E+09   2.5674E+09   2.5674E+09   2.5674E+09   2.5674E+09   2.5674E+09   2.5674E+09   2.5674E+09   2.5680E+09   0.0000E+00   0.0000E+00
   4.3602E+05   2.2272E+09   2.2272E+09   2.2272E+09   2.2272E+09   2.2272E+09   2.2272E+09   2.2272E+09   2.2272E+09   2.2277E+09   0.0000E+00   0.0000E+00
   4.6749E+05   1.8986E+09   1.8986E+09   1.8986E+09   1.8986E+09   1.8986E+09   1.8986E+09   1.8986E+09   1.8986E+09   1.8990E+09   0.0000E+00   0.0000E+00
   5.0123E+05   1.6460E+09   1.6460E+09   1.6460E+09   1.6460E+09   1.6460E+09   1.6460E+09   1.6460E+09   1.6460E+09   1.6463E+09   0.0000E+00   0.0000E+00
   5.3740E+05   1.3828E+09   1.3828E+09   1.3828E+09   1.3828E+09   1.3828E+09   1.3828E+09   1.3828E+09   1.3828E+09   1.3831E+09   0.0000E+00   0.0000E+00
   5.7618E+05   1.1617E+09   1.1617E+09   1.1617E+09   1.1617E+09   1.1617E+09   1.1617E+09   1.1617E+09   1.1617E+09   1.1620E+09   0.0000E+00   0.0000E+00
   6.1776E+05   9.7600E+08   9.7600E+08   9.7600E+08   9.7600E+08   9.7600E+08   9.7600E+08   9.7600E+08   9.7600E+08   9.7620E+08   0.0000E+00   0.0000E+00
   6.6235E+05   7.9762E+08   7.9762E+08   7.9762E+08   7.9762E+08   7.9762E+08   7.9762E+08   7.9762E+08   7.9762E+08   7.9778E+08   0.0000E+00   0.0000E+00
   7.1015E+05   6.3662E+08   6.3662E+08   6.3662E+08   6.3662E+08   6.3662E+08   6.3662E+08   6.3662E+08   6.3662E+08   6.3675E+08   0.0000E+00   0.0000E+00
   7.6140E+05   5.1046E+08   5.1046E+08   5.1046E+08   5.1046E+08   5.1046E+08   5.1046E+08   5.1046E+08   5.1046E+08   5.1056E+08   0.0000E+00   0.0000E+00
   8.1635E+05   3.9323E+08   3.9323E+08   3.9323E+08   3.9323E+08   3.9323E+08   3.9323E+08   3.9323E+08   3.9323E+08   3.9331E+08   0.0000E+00   0.0000E+00
   8.7526E+05   3.0628E+08   3.0628E+08   3.0628E+08   3.0628E+08   3.0628E+08   3.0628E+08   3.0628E+08   3.0628E+08   3.0634E+08   0.0000E+00   0.0000E+00
   9.3842E+05   2.3581E+08   2.3581E+08   2.3581E+08   2.3581E+08   2.3581E+08   2.3581E+08   2.3581E+08   2.3581E+08   2.3585E+08   0.0000E+00   0.0000E+00
   1.0061E+06   1.6824E+08   1.6824E+08   1.6824E+08   1.6824E+08   1.6824E+08   1.6824E+08   1.6824E+08   1.6824E+08   1.6828E+08   0.0000E+00   0.0000E+00
   1.0788E+06   1.1875E+08   1.1875E+08   1.1875E+08   1.1875E+08   1.1875E+08   1.1875E+08   1.1875E+08   1.1875E+08   1.1877E+08   0.0000E+00   0.0000E+00
   1.1566E+06   8.3814E+07   8.3814E+07   8.3814E+07   8.3814E+07   8.3814E+07   8.3814E+07   8.3814E+07   8.3814E+07   8.3831E+07   0.0000E+00   0.0000E+00
   1.2401E+06   5.9157E+07   5.9157E+07   5.9157E+07   5.9157E+07   5.9157E+07   5.9157E+07   5.9157E+07   5.9157E+07   5.9169E+07   0.0000E+00   0.0000E+00
   1.3296E+06   4.1754E+07   4.1754E+07   4.1754E+07   4.1754E+07   4.1754E+07   4.1754E+07   4.1754E+07   4.1754E+07   4.1763E+07   0.0000E+00   0.0000E+00
   1.4255E+06   2.9470E+07   2.9470E+07   2.9470E+07   2.9470E+07   2.9470E+07   2.9470E+07   2.9470E+07   2.9470E+07   2.9476E+07   0.0000E+00   0.0000E+00
   1.5284E+06   2.0801E+07   2.0801E+07   2.0801E+07   2.0801E+07   2.0801E+07   2.0801E+07   2.0801E+07   2.0801E+07   2.0805E+07   0.0000E+00   0.0000E+00
   1.6387E+06   1.4681E+07   1.4681E+07   1.4681E+07   1.4681E+07   1.4681E+07   1.4681E+07   1.4681E+07   1.4681E+07   1.4684E+07   0.0000E+00   0.0000E+00
   1.7570E+06   1.0362E+07   1.0362E+07   1.0362E+07   1.0362E+07   1.0362E+07   1.0362E+07   1.0362E+07   1.0362E+07   1.0364E+07   0.0000E+00   0.0000E+00
   1.8838E+06   7.3139E+06   7.3139E+06   7.3139E+06   7.3139E+06   7.3139E+06   7.3139E+06   7.3139E+06   7.3139E+06   7.3153E+06   0.0000E+00   0.0000E+00
   2.0197E+06   5.1622E+06   5.1622E+06   5.1622E+06   5.1622E+06   5.1622E+06   5.1622E+06   5.1622E+06   5.1622E+06   5.1633E+06   0.0000E+00   0.0000E+00
   2.1655E+06   3.6436E+06   3.6436E+06   3.6436E+06   3.6436E+06   3.6436E+06   3.6436E+06   3.6436E+06   3.6436E+06   3.6443E+06   0.0000E+00   0.0000E+00
   2.3217E+06   2.5717E+06   2.5717E+06   2.5717E+06   2.5717E+06   2.5717E+06   2.5717E+06   2.5717E+06   2.5717E+06   2.5722E+06   0.0000E+00   0.0000E+00
   2.4893E+06   1.8151E+06   1.8151E+06   1.8151E+06   1.8151E+06   1.8151E+06   1.8151E+06   1.8151E+06   1.8151E+06   1.8155E+06   0.0000E+00   0.0000E+00
   2.6689E+06   1.2812E+06   1.2812E+06   1.2812E+06   1.2812E+06   1.2812E+06   1.2812E+06   1.2812E+06   1.2812E+06   1.2814E+06   0.0000E+00   0.0000E+00
   2.8616E+06   9.0426E+05   9.0426E+05   9.0426E+05   9.0426E+05   9.0426E+05   9.0426E+05   9.0426E+05   9.0426E+05   9.0444E+05   0.0000E+00   0.0000E+00
   3.0681E+06   6.3824E+05   6.3824E+05   6.3824E+05   6.3824E+05   6.3824E+05   6.3824E+05   6.3824E+05   6.3824E+05   6.3837E+05   0.0000E+00   0.0000E+00
   3.2895E+06   4.5048E+05   4.5048E+05   4.5048E+05   4.5048E+05   4.5048E+05   4.5048E+05   4.5048E+05   4.5048E+05   4.5058E+05   0.0000E+00   0.0000E+00
   3.5269E+06   3.1796E+05   3.1796E+05   3.1796E+05   3.1796E+05   3.1796E+05   3.1796E+05   3.1796E+05   3.1796E+05   3.1802E+05   0.0000E+00   0.0000E+00
   3.7814E+06   2.2442E+05   2.2442E+05   2.2442E+05   2.2442E+05   2.2442E+05   2.2442E+05   2.2442E+05   2.2442E+05   2.2447E+05   0.0000E+00   0.0000E+00
   4.0543E+06   1.5840E+05   1.5840E+05   1.5840E+05   1.5840E+05   1.5840E+05   1.5840E+05   1.5840E+05   1.5840E+05   1.5843E+05   0.0000E+00   0.0000E+00
   4.3469E+06   1.1180E+05   1.1180E+05   1.1180E+05   1.1180E+05   1.1180E+05   1.1180E+05   1.1180E+05   1.1180E+05   1.1183E+05   0.0000E+00   0.0000E+00
   4.6606E+06   7.8913E+04   7.8913E+04   7.8913E+04   7.8913E+04   7.8913E+04   7.8913E+04   7.8913E+04   7.8913E+04   7.8929E+04   0.0000E+00   0.0000E+00
   4.9969E+06   5.5699E+04   5.5699E+04   5.5699E+04   5.5699E+04   5.5699E+04   5.5699E+04   5.5699E+04   5.5699E+04   5.5711E+04   0.0000E+00   0.0000E+00
   5.3576E+06   3.9313E+04   3.9313E+04   3.9313E+04   3.9313E+04   3.9313E+04   3.9313E+04   3.9313E+04   3.9313E+04   3.9321E+04   0.0000E+00   0.0000E+00
   5.7442E+06   2.7749E+04   2.7749E+04   2.7749E+04   2.7749E+04   2.7749E+04   2.7749E+04   2.7749E+04   2.7749E+04   2.7754E+04   0.0000E+00   0.0000E+00
   6.1587E+06   1.9586E+04   1.9586E+04   1.9586E+04   1.9586E+04   1.9586E+04   1.9586E+04   1.9586E+04   1.9586E+04   1.9590E+04   0.0000E+00   0.0000E+00
   6.6032E+06   1.3824E+04   1.3824E+04   1.3824E+04   1.3824E+04   1.3824E+04   1.3824E+04   1.3824E+04   1.3824E+04   1.3827E+04   0.0000E+00   0.0000E+00
   7.0797E+06   9.7575E+03   9.7575E+03   9.7575E+03   9.7575E+03   9.7575E+03   9.7575E+03   9.7575E+03   9.7575E+03   9.7595E+03   0.0000E+00   0.0000E+00
   7.5907E+06   6.8872E+03   6.8872E+03   6.8872E+03   6.8872E+03   6.8872E+03   6.8872E+03   6.8872E+03   6.8872E+03   6.8886E+03   0.0000E+00   0.0000E+00
   8.1385E+06   4.8612E+03   4.8612E+03   4.8612E+03   4.8612E+03   4.8612E+03   4.8612E+03   4.8612E+03   4.8612E+03   4.8622E+03   0.0000E+00   0.0000E+00
   8.7258E+06   3.4312E+03   3.4312E+03   3.4312E+03   3.4312E+03   3.4312E+03   3.4312E+03   3.4312E+03   3.4312E+03   3.4319E+03   0.0000E+00   0.0000E+00
   9.3555E+06   2.4219E+03   2.4219E+03   2.4219E+03   2.4219E+03   2.4219E+03   2.4219E+03   2.4219E+03   2.4219E+03   2.4223E+03   0.0000E+00   0.0000E+00
   1.0031E+07   1.7095E+03   1.7095E+03   1.7095E+03   1.7095E+03   1.7095E+03   1.7095E+03   1.7095E+03   1.7095E+03   1.7098E+03   0.0000E+00   0.0000E+00
   1.0755E+07   1.2066E+03   1.2066E+03   1.2066E+03   1.2066E+03   1.2066E+03   1.2066E+03   1.2066E+03   1.2066E+03   1.2069E+03   0.0000E+00   0.0000E+00
   1.1531E+07   8.5168E+02   8.5168E+02   8.5168E+02   8.5168E+02   8.5168E+02   8.5168E+02   8.5168E+02   8.5168E+02   8.5185E+02   0.0000E+00   0.0000E+00
   1.2363E+07   6.0115E+02   6.0115E+02   6.0115E+02   6.0115E+02   6.0115E+02   6.0115E+02   6.0115E+02   6.0115E+02   6.0128E+02   0.0000E+00   0.0000E+00
   1.3255E+07   4.2432E+02   4.2432E+02   4.2432E+02   4.2432E+02   4.2432E+02   4.2432E+02   4.2432E+02   4.2432E+02   4.2441E+02   0.0000E+00   0.0000E+00
   1.4212E+07   2.9951E+02   2.9951E+02   2.9951E+02   2.9951E+02   2.9951E+02   2.9951E+02   2.9951E+02   2.9951E+02   2.9957E+02   0.0000E+00   0.0000E+00
   1.5237E+07   2.1141E+02   2.1141E+02   2.1141E+02   2.1141E+02   2.1141E+02   2.1141E+02   2.1141E+02   2.1141E+02   2.1145E+02   0.0000E+00   0.0000E+00
   1.6337E+07   1.4923E+02   1.4923E+02   1.4923E+02   1.4923E+02   1.4923E+02   1.4923E+02   1.4923E+02   1.4923E+02   1.4926E+02   0.0000E+00   0.0000E+00
   1.7516E+07   1.0533E+02   1.0533E+02   1.0533E+02   1.0533E+02   1.0533E+02   1.0533E+02   1.0533E+02   1.0533E+02   1.0535E+02   0.0000E+00   0.0000E+00
   1.8780E+07   7.4351E+01   7.4351E+01   7.4351E+01   7.4351E+01   7.4351E+01   7.4351E+01   7.4351E+01   7.4351E+01   7.4366E+01   0.0000E+00   0.0000E+00
   2.0135E+07   5.2482E+01   5.2482E+01   5.2482E+01   5.2482E+01   5.2482E+01   5.2482E+01   5.2482E+01   5.2482E+01   5.2492E+01   0.0000E+00   0.0000E+00
   2.1588E+07   3.7046E+01   3.7046E+01   3.7046E+01   3.7046E+01   3.7046E+01   3.7046E+01   3.7046E+01   3.7046E+01   3.7053E+01   0.0000E+00   0.0000E+00
   2.3146E+07   2.6150E+01   2.6150E+01   2.6150E+01   2.6150E+01   2.6150E+01   2.6150E+01   2.6150E+01   2.6150E+01   2.6155E+01   0.0000E+00   0.0000E+00
   2.4817E+07   1.8459E+01   1.8459E+01   1.8459E+01   1.8459E+01   1.8459E+01   1.8459E+01   1.8459E+01   1.8459E+01   1.8462E+01   0.0000E+00   0.0000E+00
   2.6608E+07   1.3030E+01   1.3030E+01   1.3030E+01   1.3030E+01   1.3030E+01   1.3030E+01   1.3030E+01   1.3030E+01   1.3033E+01   0.0000E+00   0.0000E+00
   2.8528E+07   9.1977E+00   9.1977E+00   9.1977E+00   9.1977E+00   9.1977E+00   9.1977E+00   9.1977E+00   9.1977E+00   9.1996E+00   0.0000E+00   0.0000E+00
   3.0587E+07   6.4927E+00   6.4927E+00   6.4927E+00   6.4927E+00   6.4927E+00   6.4927E+00   6.4927E+00   6.4927E+00   6.4940E+00   0.0000E+00   0.0000E+00
   3.2794E+07   4.5832E+00   4.5832E+00   4.5832E+00   4.5832E+00   4.5832E+00   4.5832E+00   4.5832E+00   4.5832E+00   4.5842E+00   0.0000E+00   0.0000E+00
   3.5161E+07   3.2354E+00   3.2354E+00   3.2354E+00   3.2354E+00   3.2354E+00   3.2354E+00   3.2354E+00   3.2354E+00   3.2361E+00   0.0000E+00   0.0000E+00
   3.7698E+07   2.2839E+00   2.2839E+00   2.2839E+00   2.2839E+00   2.2839E+00   2.2839E+00   2.2839E+00   2.2839E+00   2.2844E+00   0.0000E+00   0.0000E+00
   4.0419E+07   1.6123E+00   1.6123E+00   1.6123E+00   1.6123E+00   1.6123E+00   1.6123E+00   1.6123E+00   1.6123E+00   1.6126E+00   0.0000E+00   0.0000E+00
   4.3336E+07   1.1382E+00   1.1382E+00   1.1382E+00   1.1382E+00   1.1382E+00   1.1382E+00   1.1382E+00   1.1382E+00   1.1384E+00   0.0000E+00   0.0000E+00
   4.6463E+07   8.0351E-01   8.0351E-01   8.0351E-01   8.0351E-01   8.0351E-01   8.0351E-01   8.0351E-01   8.0351E-01   8.0367E-01   0.0000E+00   0.0000E+00
   4.9817E+07   5.6724E-01   5.6724E-01   5.6724E-01   5.6724E-01   5.6724E-01   5.6724E-01   5.6724E-01   5.6724E-01   5.6735E-01   0.0000E+00   0.0000E+00
   5.3412E+07   4.0046E-01   4.0046E-01   4.0046E-01   4.0046E-01   4.0046E-01   4.0046E-01   4.0046E-01   4.0046E-01   4.0054E-01   0.0000E+00   0.0000E+00
   5.7266E+07   2.8272E-01   2.8272E-01   2.8272E-01   2.8272E-01   2.8272E-01   2.8272E-01   2.8272E-01   2.8272E-01   2.8277E-01   0.0000E+00   0.0000E+00
   6.1399E+07   1.9960E-01   1.9960E-01   1.9960E-01   1.9960E-01   1.9960E-01   1.9960E-01   1.9960E-01   1.9960E-01   1.9964E-01   0.0000E+00   0.0000E+00
   6.5830E+07   1.4092E-01   1.4092E-01   1.4092E-01   1.4092E-01   1.4092E-01   1.4092E-01   1.4092E-01   1.4092E-01   1.4095E-01   0.0000E+00   0.0000E+00
   7.0581E+07   9.9491E-02   9.9491E-02   9.9491E-02   9.9491E-02   9.9491E-02   9.9491E-02   9.9491E-02   9.9491E-02   9.9511E-02   0.0000E+00   0.0000E+00
   7.5675E+07   7.0244E-02   7.0244E-02   7.0244E-02   7.0244E-02   7.0244E-02   7.0244E-02   7.0244E-02   7.0244E-02   7.0258E-02   0.0000E+00   0.0000E+00
   8.1136E+07   4.9596E-02   4.9596E-02   4.9596E-02   4.9596E-02   4.9596E-02   4.9596E-02   4.9596E-02   4.9596E-02   4.9606E-02   0.0000E+00   0.0000E+00
   8.6991E+07   3.5018E-02   3.5018E-02   3.5018E-02   3.5018E-02   3.5018E-02   3.5018E-02   3.5018E-02   3.5018E-02   3.5025E-02   0.0000E+00   0.0000E+00
   9.3269E+07   2.4726E-02   2.4726E-02   2.4726E-02   2.4726E-02   2.4726E-02   2.4726E-02   2.4726E-02   2.4726E-02   2.4731E-02   0.0000E+00   0.0000E+00
   1.0000E+08   1.7459E-02   1.7459E-02   1.7459E-02   1.7459E-02   1.7459E-02   1.7459E-02   1.7459E-02   1.7459E-02   1.7463E-02   0.0000E+00   0.0000E+00
