 (1): Wavelength (A) 
 (2): Intrinsic SED (1e30 erg/s/A)
 (3 - 9): SED at angles [   0.0000000      0.26183301      0.52366602      0.78549999       1.0473300       1.3091700       1.5710000     ] (1e30 erg/s/A)
 (10): Angle averaged SED (1e30 erg/s/A)
 (11): Molecular cloud emission (1e30 erg/s/A)
 (12): Cirrus emission (1e30 erg/s/A)
  
            1            2            3            4            5            6            7            8            9           10           11           12
   9.5000E+01   1.1088E+11   1.1088E+11   1.1088E+11   1.1088E+11   1.1088E+11   1.1088E+11   1.1088E+11   1.1088E+11   1.1090E+11   0.0000E+00   0.0000E+00
   1.0186E+02   2.6233E+11   2.6233E+11   2.6233E+11   2.6233E+11   2.6233E+11   2.6233E+11   2.6233E+11   2.6233E+11   2.6238E+11   0.0000E+00   0.0000E+00
   1.0921E+02   2.7364E+11   2.7364E+11   2.7364E+11   2.7364E+11   2.7364E+11   2.7364E+11   2.7364E+11   2.7364E+11   2.7369E+11   0.0000E+00   0.0000E+00
   1.1709E+02   2.8298E+11   2.8298E+11   2.8298E+11   2.8298E+11   2.8298E+11   2.8298E+11   2.8298E+11   2.8298E+11   2.8304E+11   0.0000E+00   0.0000E+00
   1.2554E+02   3.1496E+11   3.1496E+11   3.1496E+11   3.1496E+11   3.1496E+11   3.1496E+11   3.1496E+11   3.1496E+11   3.1502E+11   0.0000E+00   0.0000E+00
   1.3460E+02   3.1620E+11   3.1620E+11   3.1620E+11   3.1620E+11   3.1620E+11   3.1620E+11   3.1620E+11   3.1620E+11   3.1627E+11   0.0000E+00   0.0000E+00
   1.4431E+02   3.6057E+11   3.6057E+11   3.6057E+11   3.6057E+11   3.6057E+11   3.6057E+11   3.6057E+11   3.6057E+11   3.6065E+11   0.0000E+00   0.0000E+00
   1.5473E+02   3.7731E+11   3.7731E+11   3.7731E+11   3.7731E+11   3.7731E+11   3.7731E+11   3.7731E+11   3.7731E+11   3.7739E+11   0.0000E+00   0.0000E+00
   1.6589E+02   3.8040E+11   3.8040E+11   3.8040E+11   3.8040E+11   3.8040E+11   3.8040E+11   3.8040E+11   3.8040E+11   3.8048E+11   0.0000E+00   0.0000E+00
   1.7786E+02   3.8008E+11   3.8008E+11   3.8008E+11   3.8008E+11   3.8008E+11   3.8008E+11   3.8008E+11   3.8008E+11   3.8016E+11   0.0000E+00   0.0000E+00
   1.9070E+02   3.7816E+11   3.7816E+11   3.7816E+11   3.7816E+11   3.7816E+11   3.7816E+11   3.7816E+11   3.7816E+11   3.7824E+11   0.0000E+00   0.0000E+00
   2.0446E+02   3.7661E+11   3.7661E+11   3.7661E+11   3.7661E+11   3.7661E+11   3.7661E+11   3.7661E+11   3.7661E+11   3.7668E+11   0.0000E+00   0.0000E+00
   2.1922E+02   3.7397E+11   3.7397E+11   3.7397E+11   3.7397E+11   3.7397E+11   3.7397E+11   3.7397E+11   3.7397E+11   3.7405E+11   0.0000E+00   0.0000E+00
   2.3504E+02   7.7482E+11   7.7482E+11   7.7482E+11   7.7482E+11   7.7482E+11   7.7482E+11   7.7482E+11   7.7482E+11   7.7498E+11   0.0000E+00   0.0000E+00
   2.5200E+02   1.4482E+12   1.4482E+12   1.4482E+12   1.4482E+12   1.4482E+12   1.4482E+12   1.4482E+12   1.4482E+12   1.4485E+12   0.0000E+00   0.0000E+00
   2.7019E+02   1.9607E+12   1.9607E+12   1.9607E+12   1.9607E+12   1.9607E+12   1.9607E+12   1.9607E+12   1.9607E+12   1.9611E+12   0.0000E+00   0.0000E+00
   2.8969E+02   1.9746E+12   1.9746E+12   1.9746E+12   1.9746E+12   1.9746E+12   1.9746E+12   1.9746E+12   1.9746E+12   1.9750E+12   0.0000E+00   0.0000E+00
   3.1059E+02   1.6369E+12   1.6369E+12   1.6369E+12   1.6369E+12   1.6369E+12   1.6369E+12   1.6369E+12   1.6369E+12   1.6373E+12   0.0000E+00   0.0000E+00
   3.3301E+02   1.9766E+12   1.9766E+12   1.9766E+12   1.9766E+12   1.9766E+12   1.9766E+12   1.9766E+12   1.9766E+12   1.9770E+12   0.0000E+00   0.0000E+00
   3.5704E+02   2.1393E+12   2.1393E+12   2.1393E+12   2.1393E+12   2.1393E+12   2.1393E+12   2.1393E+12   2.1393E+12   2.1397E+12   0.0000E+00   0.0000E+00
   3.8280E+02   2.3114E+12   2.3114E+12   2.3114E+12   2.3114E+12   2.3114E+12   2.3114E+12   2.3114E+12   2.3114E+12   2.3119E+12   0.0000E+00   0.0000E+00
   4.1043E+02   3.0990E+12   3.0990E+12   3.0990E+12   3.0990E+12   3.0990E+12   3.0990E+12   3.0990E+12   3.0990E+12   3.0996E+12   0.0000E+00   0.0000E+00
   4.4005E+02   2.9569E+12   2.9569E+12   2.9569E+12   2.9569E+12   2.9569E+12   2.9569E+12   2.9569E+12   2.9569E+12   2.9575E+12   0.0000E+00   0.0000E+00
   4.7181E+02   2.7156E+12   2.7156E+12   2.7156E+12   2.7156E+12   2.7156E+12   2.7156E+12   2.7156E+12   2.7156E+12   2.7161E+12   0.0000E+00   0.0000E+00
   5.0586E+02   2.6270E+12   2.6270E+12   2.6270E+12   2.6270E+12   2.6270E+12   2.6270E+12   2.6270E+12   2.6270E+12   2.6275E+12   0.0000E+00   0.0000E+00
   5.4236E+02   2.8518E+12   2.8518E+12   2.8518E+12   2.8518E+12   2.8518E+12   2.8518E+12   2.8518E+12   2.8518E+12   2.8523E+12   0.0000E+00   0.0000E+00
   5.8151E+02   3.4095E+12   3.4095E+12   3.4095E+12   3.4095E+12   3.4095E+12   3.4095E+12   3.4095E+12   3.4095E+12   3.4102E+12   0.0000E+00   0.0000E+00
   6.2347E+02   3.2796E+12   3.2796E+12   3.2796E+12   3.2796E+12   3.2796E+12   3.2796E+12   3.2796E+12   3.2796E+12   3.2802E+12   0.0000E+00   0.0000E+00
   6.6847E+02   3.2023E+12   3.2023E+12   3.2023E+12   3.2023E+12   3.2023E+12   3.2023E+12   3.2023E+12   3.2023E+12   3.2030E+12   0.0000E+00   0.0000E+00
   7.1671E+02   3.0981E+12   3.0981E+12   3.0981E+12   3.0981E+12   3.0981E+12   3.0981E+12   3.0981E+12   3.0981E+12   3.0987E+12   0.0000E+00   0.0000E+00
   7.6843E+02   2.6403E+12   2.6403E+12   2.6403E+12   2.6403E+12   2.6403E+12   2.6403E+12   2.6403E+12   2.6403E+12   2.6408E+12   0.0000E+00   0.0000E+00
   8.2389E+02   2.6475E+12   2.6475E+12   2.6475E+12   2.6475E+12   2.6475E+12   2.6475E+12   2.6475E+12   2.6475E+12   2.6480E+12   0.0000E+00   0.0000E+00
   8.8334E+02   2.4438E+12   2.4438E+12   2.4438E+12   2.4438E+12   2.4438E+12   2.4438E+12   2.4438E+12   2.4438E+12   2.4443E+12   0.0000E+00   0.0000E+00
   9.4709E+02   9.9364E+12   9.9364E+12   9.9364E+12   9.9364E+12   9.9364E+12   9.9364E+12   9.9364E+12   9.9364E+12   9.9385E+12   0.0000E+00   0.0000E+00
   1.0154E+03   1.1258E+13   1.1258E+13   1.1258E+13   1.1258E+13   1.1258E+13   1.1258E+13   1.1258E+13   1.1258E+13   1.1261E+13   0.0000E+00   0.0000E+00
   1.0887E+03   1.0957E+13   1.0957E+13   1.0957E+13   1.0957E+13   1.0957E+13   1.0957E+13   1.0957E+13   1.0957E+13   1.0959E+13   0.0000E+00   0.0000E+00
   1.1673E+03   9.6858E+12   9.6858E+12   9.6858E+12   9.6858E+12   9.6858E+12   9.6858E+12   9.6858E+12   9.6858E+12   9.6878E+12   0.0000E+00   0.0000E+00
   1.2515E+03   9.1858E+12   9.1858E+12   9.1858E+12   9.1858E+12   9.1858E+12   9.1858E+12   9.1858E+12   9.1858E+12   9.1877E+12   0.0000E+00   0.0000E+00
   1.3419E+03   8.5617E+12   8.5617E+12   8.5617E+12   8.5617E+12   8.5617E+12   8.5617E+12   8.5617E+12   8.5617E+12   8.5634E+12   0.0000E+00   0.0000E+00
   1.4387E+03   7.1932E+12   7.1932E+12   7.1932E+12   7.1932E+12   7.1932E+12   7.1932E+12   7.1932E+12   7.1932E+12   7.1946E+12   0.0000E+00   0.0000E+00
   1.5425E+03   5.0638E+12   5.0638E+12   5.0638E+12   5.0638E+12   5.0638E+12   5.0638E+12   5.0638E+12   5.0638E+12   5.0648E+12   0.0000E+00   0.0000E+00
   1.6538E+03   4.9688E+12   4.9688E+12   4.9688E+12   4.9688E+12   4.9688E+12   4.9688E+12   4.9688E+12   4.9688E+12   4.9698E+12   0.0000E+00   0.0000E+00
   1.7732E+03   4.3423E+12   4.3423E+12   4.3423E+12   4.3423E+12   4.3423E+12   4.3423E+12   4.3423E+12   4.3423E+12   4.3432E+12   0.0000E+00   0.0000E+00
   1.9012E+03   3.6157E+12   3.6157E+12   3.6157E+12   3.6157E+12   3.6157E+12   3.6157E+12   3.6157E+12   3.6157E+12   3.6165E+12   0.0000E+00   0.0000E+00
   2.0384E+03   3.1975E+12   3.1975E+12   3.1975E+12   3.1975E+12   3.1975E+12   3.1975E+12   3.1975E+12   3.1975E+12   3.1982E+12   0.0000E+00   0.0000E+00
   2.1855E+03   2.7580E+12   2.7580E+12   2.7580E+12   2.7580E+12   2.7580E+12   2.7580E+12   2.7580E+12   2.7580E+12   2.7586E+12   0.0000E+00   0.0000E+00
   2.3432E+03   2.2067E+12   2.2067E+12   2.2067E+12   2.2067E+12   2.2067E+12   2.2067E+12   2.2067E+12   2.2067E+12   2.2071E+12   0.0000E+00   0.0000E+00
   2.5123E+03   1.8519E+12   1.8519E+12   1.8519E+12   1.8519E+12   1.8519E+12   1.8519E+12   1.8519E+12   1.8519E+12   1.8523E+12   0.0000E+00   0.0000E+00
   2.6936E+03   1.6643E+12   1.6643E+12   1.6643E+12   1.6643E+12   1.6643E+12   1.6643E+12   1.6643E+12   1.6643E+12   1.6646E+12   0.0000E+00   0.0000E+00
   2.8880E+03   1.4313E+12   1.4313E+12   1.4313E+12   1.4313E+12   1.4313E+12   1.4313E+12   1.4313E+12   1.4313E+12   1.4316E+12   0.0000E+00   0.0000E+00
   3.0964E+03   1.2446E+12   1.2446E+12   1.2446E+12   1.2446E+12   1.2446E+12   1.2446E+12   1.2446E+12   1.2446E+12   1.2449E+12   0.0000E+00   0.0000E+00
   3.3199E+03   1.0821E+12   1.0821E+12   1.0821E+12   1.0821E+12   1.0821E+12   1.0821E+12   1.0821E+12   1.0821E+12   1.0823E+12   0.0000E+00   0.0000E+00
   3.5595E+03   9.5006E+11   9.5006E+11   9.5006E+11   9.5006E+11   9.5006E+11   9.5006E+11   9.5006E+11   9.5006E+11   9.5026E+11   0.0000E+00   0.0000E+00
   3.8163E+03   1.2174E+12   1.2174E+12   1.2174E+12   1.2174E+12   1.2174E+12   1.2174E+12   1.2174E+12   1.2174E+12   1.2177E+12   0.0000E+00   0.0000E+00
   4.0918E+03   1.0869E+12   1.0869E+12   1.0869E+12   1.0869E+12   1.0869E+12   1.0869E+12   1.0869E+12   1.0869E+12   1.0871E+12   0.0000E+00   0.0000E+00
   4.3870E+03   9.8431E+11   9.8431E+11   9.8431E+11   9.8431E+11   9.8431E+11   9.8431E+11   9.8431E+11   9.8431E+11   9.8451E+11   0.0000E+00   0.0000E+00
   4.7036E+03   8.7814E+11   8.7814E+11   8.7814E+11   8.7814E+11   8.7814E+11   8.7814E+11   8.7814E+11   8.7814E+11   8.7832E+11   0.0000E+00   0.0000E+00
   5.0431E+03   7.3875E+11   7.3875E+11   7.3875E+11   7.3875E+11   7.3875E+11   7.3875E+11   7.3875E+11   7.3875E+11   7.3890E+11   0.0000E+00   0.0000E+00
   5.4070E+03   6.3218E+11   6.3218E+11   6.3218E+11   6.3218E+11   6.3218E+11   6.3218E+11   6.3218E+11   6.3218E+11   6.3231E+11   0.0000E+00   0.0000E+00
   5.7973E+03   5.7413E+11   5.7413E+11   5.7413E+11   5.7413E+11   5.7413E+11   5.7413E+11   5.7413E+11   5.7413E+11   5.7425E+11   0.0000E+00   0.0000E+00
   6.2156E+03   4.8670E+11   4.8670E+11   4.8670E+11   4.8670E+11   4.8670E+11   4.8670E+11   4.8670E+11   4.8670E+11   4.8680E+11   0.0000E+00   0.0000E+00
   6.6642E+03   4.2806E+11   4.2806E+11   4.2806E+11   4.2806E+11   4.2806E+11   4.2806E+11   4.2806E+11   4.2806E+11   4.2815E+11   0.0000E+00   0.0000E+00
   7.1451E+03   3.7411E+11   3.7411E+11   3.7411E+11   3.7411E+11   3.7411E+11   3.7411E+11   3.7411E+11   3.7411E+11   3.7419E+11   0.0000E+00   0.0000E+00
   7.6608E+03   3.3417E+11   3.3417E+11   3.3417E+11   3.3417E+11   3.3417E+11   3.3417E+11   3.3417E+11   3.3417E+11   3.3423E+11   0.0000E+00   0.0000E+00
   8.2136E+03   2.9831E+11   2.9831E+11   2.9831E+11   2.9831E+11   2.9831E+11   2.9831E+11   2.9831E+11   2.9831E+11   2.9837E+11   0.0000E+00   0.0000E+00
   8.8064E+03   2.5049E+11   2.5049E+11   2.5049E+11   2.5049E+11   2.5049E+11   2.5049E+11   2.5049E+11   2.5049E+11   2.5054E+11   0.0000E+00   0.0000E+00
   9.4420E+03   2.3773E+11   2.3773E+11   2.3773E+11   2.3773E+11   2.3773E+11   2.3773E+11   2.3773E+11   2.3773E+11   2.3778E+11   0.0000E+00   0.0000E+00
   1.0123E+04   2.0764E+11   2.0764E+11   2.0764E+11   2.0764E+11   2.0764E+11   2.0764E+11   2.0764E+11   2.0764E+11   2.0768E+11   0.0000E+00   0.0000E+00
   1.0854E+04   1.7598E+11   1.7598E+11   1.7598E+11   1.7598E+11   1.7598E+11   1.7598E+11   1.7598E+11   1.7598E+11   1.7602E+11   0.0000E+00   0.0000E+00
   1.1637E+04   1.5145E+11   1.5145E+11   1.5145E+11   1.5145E+11   1.5145E+11   1.5145E+11   1.5145E+11   1.5145E+11   1.5148E+11   0.0000E+00   0.0000E+00
   1.2477E+04   1.2948E+11   1.2948E+11   1.2948E+11   1.2948E+11   1.2948E+11   1.2948E+11   1.2948E+11   1.2948E+11   1.2951E+11   0.0000E+00   0.0000E+00
   1.3377E+04   1.1267E+11   1.1267E+11   1.1267E+11   1.1267E+11   1.1267E+11   1.1267E+11   1.1267E+11   1.1267E+11   1.1269E+11   0.0000E+00   0.0000E+00
   1.4343E+04   9.8153E+10   9.8153E+10   9.8153E+10   9.8153E+10   9.8153E+10   9.8153E+10   9.8153E+10   9.8153E+10   9.8173E+10   0.0000E+00   0.0000E+00
   1.5378E+04   8.8186E+10   8.8186E+10   8.8186E+10   8.8186E+10   8.8186E+10   8.8186E+10   8.8186E+10   8.8186E+10   8.8204E+10   0.0000E+00   0.0000E+00
   1.6488E+04   7.8062E+10   7.8062E+10   7.8062E+10   7.8062E+10   7.8062E+10   7.8062E+10   7.8062E+10   7.8062E+10   7.8078E+10   0.0000E+00   0.0000E+00
   1.7678E+04   6.6215E+10   6.6215E+10   6.6215E+10   6.6215E+10   6.6215E+10   6.6215E+10   6.6215E+10   6.6215E+10   6.6229E+10   0.0000E+00   0.0000E+00
   1.8953E+04   5.1860E+10   5.1860E+10   5.1860E+10   5.1860E+10   5.1860E+10   5.1860E+10   5.1860E+10   5.1860E+10   5.1871E+10   0.0000E+00   0.0000E+00
   2.0321E+04   4.2498E+10   4.2498E+10   4.2498E+10   4.2498E+10   4.2498E+10   4.2498E+10   4.2498E+10   4.2498E+10   4.2507E+10   0.0000E+00   0.0000E+00
   2.1788E+04   3.3468E+10   3.3468E+10   3.3468E+10   3.3468E+10   3.3468E+10   3.3468E+10   3.3468E+10   3.3468E+10   3.3475E+10   0.0000E+00   0.0000E+00
   2.3360E+04   2.5775E+10   2.5775E+10   2.5775E+10   2.5775E+10   2.5775E+10   2.5775E+10   2.5775E+10   2.5775E+10   2.5780E+10   0.0000E+00   0.0000E+00
   2.5046E+04   1.7085E+10   1.7085E+10   1.7085E+10   1.7085E+10   1.7085E+10   1.7085E+10   1.7085E+10   1.7085E+10   1.7089E+10   0.0000E+00   0.0000E+00
   2.6854E+04   1.5146E+10   1.5146E+10   1.5146E+10   1.5146E+10   1.5146E+10   1.5146E+10   1.5146E+10   1.5146E+10   1.5149E+10   0.0000E+00   0.0000E+00
   2.8792E+04   1.2670E+10   1.2670E+10   1.2670E+10   1.2670E+10   1.2670E+10   1.2670E+10   1.2670E+10   1.2670E+10   1.2673E+10   0.0000E+00   0.0000E+00
   3.0869E+04   9.3428E+09   9.3428E+09   9.3428E+09   9.3428E+09   9.3428E+09   9.3428E+09   9.3428E+09   9.3428E+09   9.3447E+09   0.0000E+00   0.0000E+00
   3.3097E+04   7.4464E+09   7.4464E+09   7.4464E+09   7.4464E+09   7.4464E+09   7.4464E+09   7.4464E+09   7.4464E+09   7.4479E+09   0.0000E+00   0.0000E+00
   3.5486E+04   6.1061E+09   6.1061E+09   6.1061E+09   6.1061E+09   6.1061E+09   6.1061E+09   6.1061E+09   6.1061E+09   6.1074E+09   0.0000E+00   0.0000E+00
   3.8047E+04   4.4945E+09   4.4945E+09   4.4945E+09   4.4945E+09   4.4945E+09   4.4945E+09   4.4945E+09   4.4945E+09   4.4955E+09   0.0000E+00   0.0000E+00
   4.0792E+04   3.6125E+09   3.6125E+09   3.6125E+09   3.6125E+09   3.6125E+09   3.6125E+09   3.6125E+09   3.6125E+09   3.6133E+09   0.0000E+00   0.0000E+00
   4.3736E+04   2.6463E+09   2.6463E+09   2.6463E+09   2.6463E+09   2.6463E+09   2.6463E+09   2.6463E+09   2.6463E+09   2.6468E+09   0.0000E+00   0.0000E+00
   4.6893E+04   1.9337E+09   1.9337E+09   1.9337E+09   1.9337E+09   1.9337E+09   1.9337E+09   1.9337E+09   1.9337E+09   1.9340E+09   0.0000E+00   0.0000E+00
   5.0277E+04   1.5254E+09   1.5254E+09   1.5254E+09   1.5254E+09   1.5254E+09   1.5254E+09   1.5254E+09   1.5254E+09   1.5257E+09   0.0000E+00   0.0000E+00
   5.3905E+04   1.2054E+09   1.2054E+09   1.2054E+09   1.2054E+09   1.2054E+09   1.2054E+09   1.2054E+09   1.2054E+09   1.2056E+09   0.0000E+00   0.0000E+00
   5.7795E+04   9.6269E+08   9.6269E+08   9.6269E+08   9.6269E+08   9.6269E+08   9.6269E+08   9.6269E+08   9.6269E+08   9.6288E+08   0.0000E+00   0.0000E+00
   6.1966E+04   7.5374E+08   7.5374E+08   7.5374E+08   7.5374E+08   7.5374E+08   7.5374E+08   7.5374E+08   7.5374E+08   7.5389E+08   0.0000E+00   0.0000E+00
   6.6438E+04   5.7622E+08   5.7622E+08   5.7622E+08   5.7622E+08   5.7622E+08   5.7622E+08   5.7622E+08   5.7622E+08   5.7634E+08   0.0000E+00   0.0000E+00
   7.1233E+04   4.4249E+08   4.4249E+08   4.4249E+08   4.4249E+08   4.4249E+08   4.4249E+08   4.4249E+08   4.4249E+08   4.4258E+08   0.0000E+00   0.0000E+00
   7.6374E+04   3.4175E+08   3.4175E+08   3.4175E+08   3.4175E+08   3.4175E+08   3.4175E+08   3.4175E+08   3.4175E+08   3.4182E+08   0.0000E+00   0.0000E+00
   8.1885E+04   2.6440E+08   2.6440E+08   2.6440E+08   2.6440E+08   2.6440E+08   2.6440E+08   2.6440E+08   2.6440E+08   2.6445E+08   0.0000E+00   0.0000E+00
   8.7795E+04   2.0581E+08   2.0581E+08   2.0581E+08   2.0581E+08   2.0581E+08   2.0581E+08   2.0581E+08   2.0581E+08   2.0585E+08   0.0000E+00   0.0000E+00
   9.4131E+04   1.5953E+08   1.5953E+08   1.5953E+08   1.5953E+08   1.5953E+08   1.5953E+08   1.5953E+08   1.5953E+08   1.5957E+08   0.0000E+00   0.0000E+00
   1.0092E+05   1.2339E+08   1.2339E+08   1.2339E+08   1.2339E+08   1.2339E+08   1.2339E+08   1.2339E+08   1.2339E+08   1.2341E+08   0.0000E+00   0.0000E+00
   1.0821E+05   9.1824E+07   9.1824E+07   9.1824E+07   9.1824E+07   9.1824E+07   9.1824E+07   9.1824E+07   9.1824E+07   9.1842E+07   0.0000E+00   0.0000E+00
   1.1602E+05   6.8382E+07   6.8382E+07   6.8382E+07   6.8382E+07   6.8382E+07   6.8382E+07   6.8382E+07   6.8382E+07   6.8396E+07   0.0000E+00   0.0000E+00
   1.2439E+05   5.0959E+07   5.0959E+07   5.0959E+07   5.0959E+07   5.0959E+07   5.0959E+07   5.0959E+07   5.0959E+07   5.0969E+07   0.0000E+00   0.0000E+00
   1.3337E+05   3.8000E+07   3.8000E+07   3.8000E+07   3.8000E+07   3.8000E+07   3.8000E+07   3.8000E+07   3.8000E+07   3.8008E+07   0.0000E+00   0.0000E+00
   1.4299E+05   2.8355E+07   2.8355E+07   2.8355E+07   2.8355E+07   2.8355E+07   2.8355E+07   2.8355E+07   2.8355E+07   2.8361E+07   0.0000E+00   0.0000E+00
   1.5331E+05   2.1171E+07   2.1171E+07   2.1171E+07   2.1171E+07   2.1171E+07   2.1171E+07   2.1171E+07   2.1171E+07   2.1175E+07   0.0000E+00   0.0000E+00
   1.6437E+05   1.5817E+07   1.5817E+07   1.5817E+07   1.5817E+07   1.5817E+07   1.5817E+07   1.5817E+07   1.5817E+07   1.5820E+07   0.0000E+00   0.0000E+00
   1.7624E+05   1.1824E+07   1.1824E+07   1.1824E+07   1.1824E+07   1.1824E+07   1.1824E+07   1.1824E+07   1.1824E+07   1.1827E+07   0.0000E+00   0.0000E+00
   1.8895E+05   8.8447E+06   8.8447E+06   8.8447E+06   8.8447E+06   8.8447E+06   8.8447E+06   8.8447E+06   8.8447E+06   8.8465E+06   0.0000E+00   0.0000E+00
   2.0259E+05   6.6357E+06   6.6357E+06   6.6357E+06   6.6357E+06   6.6357E+06   6.6357E+06   6.6357E+06   6.6357E+06   6.6370E+06   0.0000E+00   0.0000E+00
   2.1721E+05   5.0329E+06   5.0329E+06   5.0329E+06   5.0329E+06   5.0329E+06   5.0329E+06   5.0329E+06   5.0329E+06   5.0340E+06   0.0000E+00   0.0000E+00
   2.3289E+05   3.8173E+06   3.8173E+06   3.8173E+06   3.8173E+06   3.8173E+06   3.8173E+06   3.8173E+06   3.8173E+06   3.8181E+06   0.0000E+00   0.0000E+00
   2.4969E+05   2.8953E+06   2.8953E+06   2.8953E+06   2.8953E+06   2.8953E+06   2.8953E+06   2.8953E+06   2.8953E+06   2.8959E+06   0.0000E+00   0.0000E+00
   2.6771E+05   2.1960E+06   2.1960E+06   2.1960E+06   2.1960E+06   2.1960E+06   2.1960E+06   2.1960E+06   2.1960E+06   2.1965E+06   0.0000E+00   0.0000E+00
   2.8703E+05   1.6656E+06   1.6656E+06   1.6656E+06   1.6656E+06   1.6656E+06   1.6656E+06   1.6656E+06   1.6656E+06   1.6660E+06   0.0000E+00   0.0000E+00
   3.0775E+05   1.2633E+06   1.2633E+06   1.2633E+06   1.2633E+06   1.2633E+06   1.2633E+06   1.2633E+06   1.2633E+06   1.2636E+06   0.0000E+00   0.0000E+00
   3.2996E+05   9.5821E+05   9.5821E+05   9.5821E+05   9.5821E+05   9.5821E+05   9.5821E+05   9.5821E+05   9.5821E+05   9.5840E+05   0.0000E+00   0.0000E+00
   3.5377E+05   7.2678E+05   7.2678E+05   7.2678E+05   7.2678E+05   7.2678E+05   7.2678E+05   7.2678E+05   7.2678E+05   7.2692E+05   0.0000E+00   0.0000E+00
   3.7930E+05   5.5124E+05   5.5124E+05   5.5124E+05   5.5124E+05   5.5124E+05   5.5124E+05   5.5124E+05   5.5124E+05   5.5136E+05   0.0000E+00   0.0000E+00
   4.0667E+05   4.1794E+05   4.1794E+05   4.1794E+05   4.1794E+05   4.1794E+05   4.1794E+05   4.1794E+05   4.1794E+05   4.1802E+05   0.0000E+00   0.0000E+00
   4.3602E+05   3.1647E+05   3.1647E+05   3.1647E+05   3.1647E+05   3.1647E+05   3.1647E+05   3.1647E+05   3.1647E+05   3.1653E+05   0.0000E+00   0.0000E+00
   4.6749E+05   2.3963E+05   2.3963E+05   2.3963E+05   2.3963E+05   2.3963E+05   2.3963E+05   2.3963E+05   2.3963E+05   2.3968E+05   0.0000E+00   0.0000E+00
   5.0123E+05   1.8145E+05   1.8145E+05   1.8145E+05   1.8145E+05   1.8145E+05   1.8145E+05   1.8145E+05   1.8145E+05   1.8149E+05   0.0000E+00   0.0000E+00
   5.3740E+05   1.3740E+05   1.3740E+05   1.3740E+05   1.3740E+05   1.3740E+05   1.3740E+05   1.3740E+05   1.3740E+05   1.3742E+05   0.0000E+00   0.0000E+00
   5.7618E+05   1.0404E+05   1.0404E+05   1.0404E+05   1.0404E+05   1.0404E+05   1.0404E+05   1.0404E+05   1.0404E+05   1.0406E+05   0.0000E+00   0.0000E+00
   6.1776E+05   7.8753E+04   7.8753E+04   7.8753E+04   7.8753E+04   7.8753E+04   7.8753E+04   7.8753E+04   7.8753E+04   7.8769E+04   0.0000E+00   0.0000E+00
   6.6235E+05   5.9588E+04   5.9588E+04   5.9588E+04   5.9588E+04   5.9588E+04   5.9588E+04   5.9588E+04   5.9588E+04   5.9601E+04   0.0000E+00   0.0000E+00
   7.1015E+05   4.5088E+04   4.5088E+04   4.5088E+04   4.5088E+04   4.5088E+04   4.5088E+04   4.5088E+04   4.5088E+04   4.5097E+04   0.0000E+00   0.0000E+00
   7.6140E+05   3.4116E+04   3.4116E+04   3.4116E+04   3.4116E+04   3.4116E+04   3.4116E+04   3.4116E+04   3.4116E+04   3.4123E+04   0.0000E+00   0.0000E+00
   8.1635E+05   2.5810E+04   2.5810E+04   2.5810E+04   2.5810E+04   2.5810E+04   2.5810E+04   2.5810E+04   2.5810E+04   2.5816E+04   0.0000E+00   0.0000E+00
   8.7526E+05   1.9521E+04   1.9521E+04   1.9521E+04   1.9521E+04   1.9521E+04   1.9521E+04   1.9521E+04   1.9521E+04   1.9525E+04   0.0000E+00   0.0000E+00
   9.3842E+05   1.4764E+04   1.4764E+04   1.4764E+04   1.4764E+04   1.4764E+04   1.4764E+04   1.4764E+04   1.4764E+04   1.4767E+04   0.0000E+00   0.0000E+00
   1.0061E+06   1.1166E+04   1.1166E+04   1.1166E+04   1.1166E+04   1.1166E+04   1.1166E+04   1.1166E+04   1.1166E+04   1.1169E+04   0.0000E+00   0.0000E+00
   1.0788E+06   8.4431E+03   8.4431E+03   8.4431E+03   8.4431E+03   8.4431E+03   8.4431E+03   8.4431E+03   8.4431E+03   8.4449E+03   0.0000E+00   0.0000E+00
   1.1566E+06   6.3841E+03   6.3841E+03   6.3841E+03   6.3841E+03   6.3841E+03   6.3841E+03   6.3841E+03   6.3841E+03   6.3854E+03   0.0000E+00   0.0000E+00
   1.2401E+06   4.8267E+03   4.8267E+03   4.8267E+03   4.8267E+03   4.8267E+03   4.8267E+03   4.8267E+03   4.8267E+03   4.8276E+03   0.0000E+00   0.0000E+00
   1.3296E+06   3.6488E+03   3.6488E+03   3.6488E+03   3.6488E+03   3.6488E+03   3.6488E+03   3.6488E+03   3.6488E+03   3.6496E+03   0.0000E+00   0.0000E+00
   1.4255E+06   2.7583E+03   2.7583E+03   2.7583E+03   2.7583E+03   2.7583E+03   2.7583E+03   2.7583E+03   2.7583E+03   2.7589E+03   0.0000E+00   0.0000E+00
   1.5284E+06   2.0848E+03   2.0848E+03   2.0848E+03   2.0848E+03   2.0848E+03   2.0848E+03   2.0848E+03   2.0848E+03   2.0853E+03   0.0000E+00   0.0000E+00
   1.6387E+06   1.5758E+03   1.5758E+03   1.5758E+03   1.5758E+03   1.5758E+03   1.5758E+03   1.5758E+03   1.5758E+03   1.5761E+03   0.0000E+00   0.0000E+00
   1.7570E+06   1.1911E+03   1.1911E+03   1.1911E+03   1.1911E+03   1.1911E+03   1.1911E+03   1.1911E+03   1.1911E+03   1.1913E+03   0.0000E+00   0.0000E+00
   1.8838E+06   9.0027E+02   9.0027E+02   9.0027E+02   9.0027E+02   9.0027E+02   9.0027E+02   9.0027E+02   9.0027E+02   9.0046E+02   0.0000E+00   0.0000E+00
   2.0197E+06   6.8047E+02   6.8047E+02   6.8047E+02   6.8047E+02   6.8047E+02   6.8047E+02   6.8047E+02   6.8047E+02   6.8061E+02   0.0000E+00   0.0000E+00
   2.1655E+06   5.1434E+02   5.1434E+02   5.1434E+02   5.1434E+02   5.1434E+02   5.1434E+02   5.1434E+02   5.1434E+02   5.1444E+02   0.0000E+00   0.0000E+00
   2.3217E+06   3.8876E+02   3.8876E+02   3.8876E+02   3.8876E+02   3.8876E+02   3.8876E+02   3.8876E+02   3.8876E+02   3.8884E+02   0.0000E+00   0.0000E+00
   2.4893E+06   2.9385E+02   2.9385E+02   2.9385E+02   2.9385E+02   2.9385E+02   2.9385E+02   2.9385E+02   2.9385E+02   2.9390E+02   0.0000E+00   0.0000E+00
   2.6689E+06   2.2210E+02   2.2210E+02   2.2210E+02   2.2210E+02   2.2210E+02   2.2210E+02   2.2210E+02   2.2210E+02   2.2215E+02   0.0000E+00   0.0000E+00
   2.8616E+06   1.6788E+02   1.6788E+02   1.6788E+02   1.6788E+02   1.6788E+02   1.6788E+02   1.6788E+02   1.6788E+02   1.6791E+02   0.0000E+00   0.0000E+00
   3.0681E+06   1.2689E+02   1.2689E+02   1.2689E+02   1.2689E+02   1.2689E+02   1.2689E+02   1.2689E+02   1.2689E+02   1.2692E+02   0.0000E+00   0.0000E+00
   3.2895E+06   9.5911E+01   9.5911E+01   9.5911E+01   9.5911E+01   9.5911E+01   9.5911E+01   9.5911E+01   9.5911E+01   9.5930E+01   0.0000E+00   0.0000E+00
   3.5269E+06   7.2494E+01   7.2494E+01   7.2494E+01   7.2494E+01   7.2494E+01   7.2494E+01   7.2494E+01   7.2494E+01   7.2509E+01   0.0000E+00   0.0000E+00
   3.7814E+06   5.4795E+01   5.4795E+01   5.4795E+01   5.4795E+01   5.4795E+01   5.4795E+01   5.4795E+01   5.4795E+01   5.4807E+01   0.0000E+00   0.0000E+00
   4.0543E+06   4.1418E+01   4.1418E+01   4.1418E+01   4.1418E+01   4.1418E+01   4.1418E+01   4.1418E+01   4.1418E+01   4.1426E+01   0.0000E+00   0.0000E+00
   4.3469E+06   3.1305E+01   3.1305E+01   3.1305E+01   3.1305E+01   3.1305E+01   3.1305E+01   3.1305E+01   3.1305E+01   3.1312E+01   0.0000E+00   0.0000E+00
   4.6606E+06   2.3663E+01   2.3663E+01   2.3663E+01   2.3663E+01   2.3663E+01   2.3663E+01   2.3663E+01   2.3663E+01   2.3667E+01   0.0000E+00   0.0000E+00
   4.9969E+06   1.7886E+01   1.7886E+01   1.7886E+01   1.7886E+01   1.7886E+01   1.7886E+01   1.7886E+01   1.7886E+01   1.7889E+01   0.0000E+00   0.0000E+00
   5.3576E+06   1.3519E+01   1.3519E+01   1.3519E+01   1.3519E+01   1.3519E+01   1.3519E+01   1.3519E+01   1.3519E+01   1.3522E+01   0.0000E+00   0.0000E+00
   5.7442E+06   1.0218E+01   1.0218E+01   1.0218E+01   1.0218E+01   1.0218E+01   1.0218E+01   1.0218E+01   1.0218E+01   1.0221E+01   0.0000E+00   0.0000E+00
   6.1587E+06   7.7237E+00   7.7237E+00   7.7237E+00   7.7237E+00   7.7237E+00   7.7237E+00   7.7237E+00   7.7237E+00   7.7253E+00   0.0000E+00   0.0000E+00
   6.6032E+06   5.8381E+00   5.8381E+00   5.8381E+00   5.8381E+00   5.8381E+00   5.8381E+00   5.8381E+00   5.8381E+00   5.8393E+00   0.0000E+00   0.0000E+00
   7.0797E+06   4.4128E+00   4.4128E+00   4.4128E+00   4.4128E+00   4.4128E+00   4.4128E+00   4.4128E+00   4.4128E+00   4.4137E+00   0.0000E+00   0.0000E+00
   7.5907E+06   3.3354E+00   3.3354E+00   3.3354E+00   3.3354E+00   3.3354E+00   3.3354E+00   3.3354E+00   3.3354E+00   3.3361E+00   0.0000E+00   0.0000E+00
   8.1385E+06   2.5211E+00   2.5211E+00   2.5211E+00   2.5211E+00   2.5211E+00   2.5211E+00   2.5211E+00   2.5211E+00   2.5217E+00   0.0000E+00   0.0000E+00
   8.7258E+06   1.9056E+00   1.9056E+00   1.9056E+00   1.9056E+00   1.9056E+00   1.9056E+00   1.9056E+00   1.9056E+00   1.9060E+00   0.0000E+00   0.0000E+00
   9.3555E+06   1.4404E+00   1.4404E+00   1.4404E+00   1.4404E+00   1.4404E+00   1.4404E+00   1.4404E+00   1.4404E+00   1.4407E+00   0.0000E+00   0.0000E+00
   1.0031E+07   1.0888E+00   1.0888E+00   1.0888E+00   1.0888E+00   1.0888E+00   1.0888E+00   1.0888E+00   1.0888E+00   1.0890E+00   0.0000E+00   0.0000E+00
   1.0755E+07   8.2295E-01   8.2295E-01   8.2295E-01   8.2295E-01   8.2295E-01   8.2295E-01   8.2295E-01   8.2295E-01   8.2312E-01   0.0000E+00   0.0000E+00
   1.1531E+07   6.2205E-01   6.2205E-01   6.2204E-01   6.2204E-01   6.2204E-01   6.2204E-01   6.2204E-01   6.2204E-01   6.2217E-01   0.0000E+00   0.0000E+00
   1.2363E+07   4.7018E-01   4.7018E-01   4.7018E-01   4.7018E-01   4.7018E-01   4.7018E-01   4.7018E-01   4.7018E-01   4.7028E-01   0.0000E+00   0.0000E+00
   1.3255E+07   3.5540E-01   3.5540E-01   3.5540E-01   3.5540E-01   3.5540E-01   3.5540E-01   3.5540E-01   3.5540E-01   3.5547E-01   0.0000E+00   0.0000E+00
   1.4212E+07   2.6863E-01   2.6863E-01   2.6863E-01   2.6863E-01   2.6863E-01   2.6863E-01   2.6863E-01   2.6863E-01   2.6869E-01   0.0000E+00   0.0000E+00
   1.5237E+07   2.0305E-01   2.0305E-01   2.0305E-01   2.0305E-01   2.0305E-01   2.0305E-01   2.0305E-01   2.0305E-01   2.0309E-01   0.0000E+00   0.0000E+00
   1.6337E+07   1.5348E-01   1.5348E-01   1.5348E-01   1.5348E-01   1.5348E-01   1.5348E-01   1.5348E-01   1.5348E-01   1.5351E-01   0.0000E+00   0.0000E+00
   1.7516E+07   1.1601E-01   1.1601E-01   1.1601E-01   1.1601E-01   1.1601E-01   1.1601E-01   1.1601E-01   1.1601E-01   1.1604E-01   0.0000E+00   0.0000E+00
   1.8780E+07   8.7690E-02   8.7690E-02   8.7690E-02   8.7690E-02   8.7690E-02   8.7690E-02   8.7690E-02   8.7690E-02   8.7708E-02   0.0000E+00   0.0000E+00
   2.0135E+07   6.6282E-02   6.6282E-02   6.6282E-02   6.6282E-02   6.6282E-02   6.6282E-02   6.6282E-02   6.6282E-02   6.6296E-02   0.0000E+00   0.0000E+00
   2.1588E+07   5.0101E-02   5.0101E-02   5.0101E-02   5.0101E-02   5.0101E-02   5.0101E-02   5.0101E-02   5.0101E-02   5.0111E-02   0.0000E+00   0.0000E+00
   2.3146E+07   3.7870E-02   3.7870E-02   3.7870E-02   3.7870E-02   3.7870E-02   3.7870E-02   3.7870E-02   3.7870E-02   3.7878E-02   0.0000E+00   0.0000E+00
   2.4817E+07   2.8625E-02   2.8625E-02   2.8625E-02   2.8625E-02   2.8625E-02   2.8625E-02   2.8625E-02   2.8625E-02   2.8631E-02   0.0000E+00   0.0000E+00
   2.6608E+07   2.1637E-02   2.1637E-02   2.1637E-02   2.1637E-02   2.1637E-02   2.1637E-02   2.1637E-02   2.1637E-02   2.1642E-02   0.0000E+00   0.0000E+00
   2.8528E+07   1.6355E-02   1.6355E-02   1.6355E-02   1.6355E-02   1.6355E-02   1.6355E-02   1.6355E-02   1.6355E-02   1.6358E-02   0.0000E+00   0.0000E+00
   3.0587E+07   1.2362E-02   1.2362E-02   1.2362E-02   1.2362E-02   1.2362E-02   1.2362E-02   1.2362E-02   1.2362E-02   1.2365E-02   0.0000E+00   0.0000E+00
   3.2794E+07   9.3444E-03   9.3444E-03   9.3444E-03   9.3444E-03   9.3444E-03   9.3444E-03   9.3444E-03   9.3444E-03   9.3463E-03   0.0000E+00   0.0000E+00
   3.5161E+07   7.0633E-03   7.0633E-03   7.0633E-03   7.0633E-03   7.0633E-03   7.0633E-03   7.0633E-03   7.0633E-03   7.0647E-03   0.0000E+00   0.0000E+00
   3.7698E+07   5.3390E-03   5.3390E-03   5.3390E-03   5.3390E-03   5.3390E-03   5.3390E-03   5.3390E-03   5.3390E-03   5.3401E-03   0.0000E+00   0.0000E+00
   4.0419E+07   4.0357E-03   4.0357E-03   4.0357E-03   4.0357E-03   4.0357E-03   4.0357E-03   4.0357E-03   4.0357E-03   4.0365E-03   0.0000E+00   0.0000E+00
   4.3336E+07   3.0505E-03   3.0505E-03   3.0505E-03   3.0505E-03   3.0505E-03   3.0505E-03   3.0505E-03   3.0505E-03   3.0511E-03   0.0000E+00   0.0000E+00
   4.6463E+07   2.3058E-03   2.3058E-03   2.3058E-03   2.3058E-03   2.3058E-03   2.3058E-03   2.3058E-03   2.3058E-03   2.3062E-03   0.0000E+00   0.0000E+00
   4.9817E+07   1.7429E-03   1.7429E-03   1.7429E-03   1.7429E-03   1.7429E-03   1.7429E-03   1.7429E-03   1.7429E-03   1.7432E-03   0.0000E+00   0.0000E+00
   5.3412E+07   1.3174E-03   1.3174E-03   1.3174E-03   1.3174E-03   1.3174E-03   1.3174E-03   1.3174E-03   1.3174E-03   1.3177E-03   0.0000E+00   0.0000E+00
   5.7266E+07   9.9582E-04   9.9582E-04   9.9582E-04   9.9582E-04   9.9582E-04   9.9582E-04   9.9582E-04   9.9582E-04   9.9603E-04   0.0000E+00   0.0000E+00
   6.1399E+07   7.5273E-04   7.5273E-04   7.5273E-04   7.5273E-04   7.5273E-04   7.5273E-04   7.5273E-04   7.5273E-04   7.5289E-04   0.0000E+00   0.0000E+00
   6.5830E+07   5.6898E-04   5.6898E-04   5.6898E-04   5.6898E-04   5.6898E-04   5.6898E-04   5.6898E-04   5.6898E-04   5.6910E-04   0.0000E+00   0.0000E+00
   7.0581E+07   4.3008E-04   4.3008E-04   4.3008E-04   4.3008E-04   4.3008E-04   4.3008E-04   4.3008E-04   4.3008E-04   4.3017E-04   0.0000E+00   0.0000E+00
   7.5675E+07   3.2509E-04   3.2509E-04   3.2509E-04   3.2509E-04   3.2509E-04   3.2509E-04   3.2509E-04   3.2509E-04   3.2516E-04   0.0000E+00   0.0000E+00
   8.1136E+07   2.4573E-04   2.4573E-04   2.4573E-04   2.4573E-04   2.4573E-04   2.4573E-04   2.4573E-04   2.4573E-04   2.4578E-04   0.0000E+00   0.0000E+00
   8.6991E+07   1.8575E-04   1.8575E-04   1.8575E-04   1.8575E-04   1.8575E-04   1.8575E-04   1.8575E-04   1.8575E-04   1.8579E-04   0.0000E+00   0.0000E+00
   9.3269E+07   1.4041E-04   1.4041E-04   1.4041E-04   1.4041E-04   1.4041E-04   1.4041E-04   1.4041E-04   1.4041E-04   1.4043E-04   0.0000E+00   0.0000E+00
   1.0000E+08   1.0613E-04   1.0613E-04   1.0613E-04   1.0613E-04   1.0613E-04   1.0613E-04   1.0613E-04   1.0613E-04   1.0615E-04   0.0000E+00   0.0000E+00
