 (1): Wavelength (A) 
 (2): Intrinsic SED (1e30 erg/s/A)
 (3 - 9): SED at angles [   0.0000000      0.26183301      0.52366602      0.78549999       1.0473300       1.3091700       1.5710000     ] (1e30 erg/s/A)
 (10): Angle averaged SED (1e30 erg/s/A)
 (11): Molecular cloud emission (1e30 erg/s/A)
 (12): Cirrus emission (1e30 erg/s/A)
  
            1            2            3            4            5            6            7            8            9           10           11           12
   9.5000E+01   7.3564E+11   7.3564E+11   7.3564E+11   7.3564E+11   7.3564E+11   7.3564E+11   7.3564E+11   7.3564E+11   7.3579E+11   0.0000E+00   0.0000E+00
   1.0186E+02   8.2807E+11   8.2807E+11   8.2807E+11   8.2807E+11   8.2807E+11   8.2807E+11   8.2807E+11   8.2807E+11   8.2824E+11   0.0000E+00   0.0000E+00
   1.0921E+02   8.3391E+11   8.3391E+11   8.3391E+11   8.3391E+11   8.3391E+11   8.3391E+11   8.3391E+11   8.3391E+11   8.3408E+11   0.0000E+00   0.0000E+00
   1.1709E+02   8.3859E+11   8.3859E+11   8.3859E+11   8.3859E+11   8.3859E+11   8.3859E+11   8.3859E+11   8.3859E+11   8.3876E+11   0.0000E+00   0.0000E+00
   1.2554E+02   8.7048E+11   8.7048E+11   8.7048E+11   8.7048E+11   8.7048E+11   8.7048E+11   8.7048E+11   8.7048E+11   8.7066E+11   0.0000E+00   0.0000E+00
   1.3460E+02   8.7171E+11   8.7171E+11   8.7171E+11   8.7171E+11   8.7171E+11   8.7171E+11   8.7171E+11   8.7171E+11   8.7188E+11   0.0000E+00   0.0000E+00
   1.4431E+02   8.9742E+11   8.9742E+11   8.9742E+11   8.9742E+11   8.9742E+11   8.9742E+11   8.9742E+11   8.9742E+11   8.9760E+11   0.0000E+00   0.0000E+00
   1.5473E+02   9.1945E+11   9.1945E+11   9.1945E+11   9.1945E+11   9.1945E+11   9.1945E+11   9.1945E+11   9.1945E+11   9.1963E+11   0.0000E+00   0.0000E+00
   1.6589E+02   9.2768E+11   9.2768E+11   9.2768E+11   9.2768E+11   9.2768E+11   9.2768E+11   9.2768E+11   9.2768E+11   9.2787E+11   0.0000E+00   0.0000E+00
   1.7786E+02   9.2803E+11   9.2803E+11   9.2803E+11   9.2803E+11   9.2803E+11   9.2803E+11   9.2803E+11   9.2803E+11   9.2822E+11   0.0000E+00   0.0000E+00
   1.9070E+02   9.2753E+11   9.2753E+11   9.2753E+11   9.2753E+11   9.2753E+11   9.2753E+11   9.2753E+11   9.2753E+11   9.2771E+11   0.0000E+00   0.0000E+00
   2.0446E+02   9.3872E+11   9.3872E+11   9.3872E+11   9.3872E+11   9.3872E+11   9.3872E+11   9.3872E+11   9.3872E+11   9.3891E+11   0.0000E+00   0.0000E+00
   2.1922E+02   9.4355E+11   9.4355E+11   9.4355E+11   9.4355E+11   9.4355E+11   9.4355E+11   9.4355E+11   9.4355E+11   9.4374E+11   0.0000E+00   0.0000E+00
   2.3504E+02   1.1461E+12   1.1461E+12   1.1461E+12   1.1461E+12   1.1461E+12   1.1461E+12   1.1461E+12   1.1461E+12   1.1463E+12   0.0000E+00   0.0000E+00
   2.5200E+02   1.3404E+12   1.3404E+12   1.3404E+12   1.3404E+12   1.3404E+12   1.3404E+12   1.3404E+12   1.3404E+12   1.3407E+12   0.0000E+00   0.0000E+00
   2.7019E+02   1.4838E+12   1.4838E+12   1.4838E+12   1.4838E+12   1.4838E+12   1.4838E+12   1.4838E+12   1.4838E+12   1.4841E+12   0.0000E+00   0.0000E+00
   2.8969E+02   1.4645E+12   1.4645E+12   1.4645E+12   1.4645E+12   1.4645E+12   1.4645E+12   1.4645E+12   1.4645E+12   1.4648E+12   0.0000E+00   0.0000E+00
   3.1059E+02   1.3524E+12   1.3524E+12   1.3524E+12   1.3524E+12   1.3524E+12   1.3524E+12   1.3524E+12   1.3524E+12   1.3527E+12   0.0000E+00   0.0000E+00
   3.3301E+02   1.4297E+12   1.4297E+12   1.4297E+12   1.4297E+12   1.4297E+12   1.4297E+12   1.4297E+12   1.4297E+12   1.4300E+12   0.0000E+00   0.0000E+00
   3.5704E+02   1.4411E+12   1.4411E+12   1.4411E+12   1.4411E+12   1.4411E+12   1.4411E+12   1.4411E+12   1.4411E+12   1.4414E+12   0.0000E+00   0.0000E+00
   3.8280E+02   1.4563E+12   1.4563E+12   1.4563E+12   1.4563E+12   1.4563E+12   1.4563E+12   1.4563E+12   1.4563E+12   1.4566E+12   0.0000E+00   0.0000E+00
   4.1043E+02   1.6276E+12   1.6276E+12   1.6276E+12   1.6276E+12   1.6276E+12   1.6276E+12   1.6276E+12   1.6276E+12   1.6279E+12   0.0000E+00   0.0000E+00
   4.4005E+02   1.5848E+12   1.5848E+12   1.5848E+12   1.5848E+12   1.5848E+12   1.5848E+12   1.5848E+12   1.5848E+12   1.5851E+12   0.0000E+00   0.0000E+00
   4.7181E+02   1.5310E+12   1.5310E+12   1.5310E+12   1.5310E+12   1.5310E+12   1.5310E+12   1.5310E+12   1.5310E+12   1.5313E+12   0.0000E+00   0.0000E+00
   5.0586E+02   1.5146E+12   1.5146E+12   1.5146E+12   1.5146E+12   1.5146E+12   1.5146E+12   1.5146E+12   1.5146E+12   1.5149E+12   0.0000E+00   0.0000E+00
   5.4236E+02   1.5447E+12   1.5447E+12   1.5447E+12   1.5447E+12   1.5447E+12   1.5447E+12   1.5447E+12   1.5447E+12   1.5450E+12   0.0000E+00   0.0000E+00
   5.8151E+02   1.6564E+12   1.6564E+12   1.6564E+12   1.6564E+12   1.6564E+12   1.6564E+12   1.6564E+12   1.6564E+12   1.6567E+12   0.0000E+00   0.0000E+00
   6.2347E+02   1.6004E+12   1.6004E+12   1.6004E+12   1.6004E+12   1.6004E+12   1.6004E+12   1.6004E+12   1.6004E+12   1.6007E+12   0.0000E+00   0.0000E+00
   6.6847E+02   1.5732E+12   1.5732E+12   1.5732E+12   1.5732E+12   1.5732E+12   1.5732E+12   1.5732E+12   1.5732E+12   1.5735E+12   0.0000E+00   0.0000E+00
   7.1671E+02   1.5281E+12   1.5281E+12   1.5281E+12   1.5281E+12   1.5281E+12   1.5281E+12   1.5281E+12   1.5281E+12   1.5284E+12   0.0000E+00   0.0000E+00
   7.6843E+02   1.4121E+12   1.4121E+12   1.4121E+12   1.4121E+12   1.4121E+12   1.4121E+12   1.4121E+12   1.4121E+12   1.4123E+12   0.0000E+00   0.0000E+00
   8.2389E+02   1.4190E+12   1.4190E+12   1.4190E+12   1.4190E+12   1.4190E+12   1.4190E+12   1.4190E+12   1.4190E+12   1.4192E+12   0.0000E+00   0.0000E+00
   8.8334E+02   1.3813E+12   1.3813E+12   1.3813E+12   1.3813E+12   1.3813E+12   1.3813E+12   1.3813E+12   1.3813E+12   1.3815E+12   0.0000E+00   0.0000E+00
   9.4709E+02   3.7112E+12   3.7112E+12   3.7112E+12   3.7112E+12   3.7112E+12   3.7112E+12   3.7112E+12   3.7112E+12   3.7120E+12   0.0000E+00   0.0000E+00
   1.0154E+03   4.2798E+12   4.2798E+12   4.2798E+12   4.2798E+12   4.2798E+12   4.2798E+12   4.2798E+12   4.2798E+12   4.2807E+12   0.0000E+00   0.0000E+00
   1.0887E+03   4.3186E+12   4.3186E+12   4.3186E+12   4.3186E+12   4.3186E+12   4.3186E+12   4.3186E+12   4.3186E+12   4.3194E+12   0.0000E+00   0.0000E+00
   1.1673E+03   3.9576E+12   3.9576E+12   3.9576E+12   3.9576E+12   3.9576E+12   3.9576E+12   3.9576E+12   3.9576E+12   3.9584E+12   0.0000E+00   0.0000E+00
   1.2515E+03   3.7631E+12   3.7631E+12   3.7631E+12   3.7631E+12   3.7631E+12   3.7631E+12   3.7631E+12   3.7631E+12   3.7638E+12   0.0000E+00   0.0000E+00
   1.3419E+03   3.5713E+12   3.5713E+12   3.5713E+12   3.5713E+12   3.5713E+12   3.5713E+12   3.5713E+12   3.5713E+12   3.5720E+12   0.0000E+00   0.0000E+00
   1.4387E+03   3.1192E+12   3.1192E+12   3.1192E+12   3.1192E+12   3.1192E+12   3.1192E+12   3.1192E+12   3.1192E+12   3.1199E+12   0.0000E+00   0.0000E+00
   1.5425E+03   2.4329E+12   2.4329E+12   2.4329E+12   2.4329E+12   2.4329E+12   2.4329E+12   2.4329E+12   2.4329E+12   2.4334E+12   0.0000E+00   0.0000E+00
   1.6538E+03   2.2852E+12   2.2852E+12   2.2852E+12   2.2852E+12   2.2852E+12   2.2852E+12   2.2852E+12   2.2852E+12   2.2857E+12   0.0000E+00   0.0000E+00
   1.7732E+03   2.0533E+12   2.0533E+12   2.0533E+12   2.0533E+12   2.0533E+12   2.0533E+12   2.0533E+12   2.0533E+12   2.0537E+12   0.0000E+00   0.0000E+00
   1.9012E+03   1.7680E+12   1.7680E+12   1.7680E+12   1.7680E+12   1.7680E+12   1.7680E+12   1.7680E+12   1.7680E+12   1.7684E+12   0.0000E+00   0.0000E+00
   2.0384E+03   1.5800E+12   1.5800E+12   1.5800E+12   1.5800E+12   1.5800E+12   1.5800E+12   1.5800E+12   1.5800E+12   1.5803E+12   0.0000E+00   0.0000E+00
   2.1855E+03   1.3845E+12   1.3845E+12   1.3845E+12   1.3845E+12   1.3845E+12   1.3845E+12   1.3845E+12   1.3845E+12   1.3848E+12   0.0000E+00   0.0000E+00
   2.3432E+03   1.1526E+12   1.1526E+12   1.1526E+12   1.1526E+12   1.1526E+12   1.1526E+12   1.1526E+12   1.1526E+12   1.1529E+12   0.0000E+00   0.0000E+00
   2.5123E+03   1.0201E+12   1.0201E+12   1.0201E+12   1.0201E+12   1.0201E+12   1.0201E+12   1.0201E+12   1.0201E+12   1.0203E+12   0.0000E+00   0.0000E+00
   2.6936E+03   9.5215E+11   9.5215E+11   9.5215E+11   9.5215E+11   9.5215E+11   9.5215E+11   9.5215E+11   9.5215E+11   9.5235E+11   0.0000E+00   0.0000E+00
   2.8880E+03   8.5496E+11   8.5496E+11   8.5496E+11   8.5496E+11   8.5496E+11   8.5496E+11   8.5496E+11   8.5496E+11   8.5513E+11   0.0000E+00   0.0000E+00
   3.0964E+03   7.7600E+11   7.7600E+11   7.7600E+11   7.7600E+11   7.7600E+11   7.7600E+11   7.7600E+11   7.7600E+11   7.7615E+11   0.0000E+00   0.0000E+00
   3.3199E+03   6.8897E+11   6.8897E+11   6.8897E+11   6.8897E+11   6.8897E+11   6.8897E+11   6.8897E+11   6.8897E+11   6.8911E+11   0.0000E+00   0.0000E+00
   3.5595E+03   6.1940E+11   6.1940E+11   6.1940E+11   6.1940E+11   6.1940E+11   6.1940E+11   6.1940E+11   6.1940E+11   6.1953E+11   0.0000E+00   0.0000E+00
   3.8163E+03   7.7412E+11   7.7412E+11   7.7412E+11   7.7412E+11   7.7412E+11   7.7412E+11   7.7412E+11   7.7412E+11   7.7428E+11   0.0000E+00   0.0000E+00
   4.0918E+03   7.1425E+11   7.1425E+11   7.1425E+11   7.1425E+11   7.1425E+11   7.1425E+11   7.1425E+11   7.1425E+11   7.1440E+11   0.0000E+00   0.0000E+00
   4.3870E+03   6.8083E+11   6.8083E+11   6.8083E+11   6.8083E+11   6.8083E+11   6.8083E+11   6.8083E+11   6.8083E+11   6.8097E+11   0.0000E+00   0.0000E+00
   4.7036E+03   6.1692E+11   6.1692E+11   6.1692E+11   6.1692E+11   6.1692E+11   6.1692E+11   6.1692E+11   6.1692E+11   6.1705E+11   0.0000E+00   0.0000E+00
   5.0431E+03   5.3577E+11   5.3577E+11   5.3577E+11   5.3577E+11   5.3577E+11   5.3577E+11   5.3577E+11   5.3577E+11   5.3588E+11   0.0000E+00   0.0000E+00
   5.4070E+03   4.6931E+11   4.6931E+11   4.6931E+11   4.6931E+11   4.6931E+11   4.6931E+11   4.6931E+11   4.6931E+11   4.6940E+11   0.0000E+00   0.0000E+00
   5.7973E+03   4.3377E+11   4.3377E+11   4.3377E+11   4.3377E+11   4.3377E+11   4.3377E+11   4.3377E+11   4.3377E+11   4.3386E+11   0.0000E+00   0.0000E+00
   6.2156E+03   3.7833E+11   3.7833E+11   3.7833E+11   3.7833E+11   3.7833E+11   3.7833E+11   3.7833E+11   3.7833E+11   3.7841E+11   0.0000E+00   0.0000E+00
   6.6642E+03   3.3609E+11   3.3609E+11   3.3609E+11   3.3609E+11   3.3609E+11   3.3609E+11   3.3609E+11   3.3609E+11   3.3616E+11   0.0000E+00   0.0000E+00
   7.1451E+03   2.9659E+11   2.9659E+11   2.9659E+11   2.9659E+11   2.9659E+11   2.9659E+11   2.9659E+11   2.9659E+11   2.9665E+11   0.0000E+00   0.0000E+00
   7.6608E+03   2.6659E+11   2.6659E+11   2.6659E+11   2.6659E+11   2.6659E+11   2.6659E+11   2.6659E+11   2.6659E+11   2.6665E+11   0.0000E+00   0.0000E+00
   8.2136E+03   2.3866E+11   2.3866E+11   2.3866E+11   2.3866E+11   2.3866E+11   2.3866E+11   2.3866E+11   2.3866E+11   2.3871E+11   0.0000E+00   0.0000E+00
   8.8064E+03   2.0239E+11   2.0239E+11   2.0239E+11   2.0239E+11   2.0239E+11   2.0239E+11   2.0239E+11   2.0239E+11   2.0243E+11   0.0000E+00   0.0000E+00
   9.4420E+03   1.9008E+11   1.9008E+11   1.9008E+11   1.9008E+11   1.9008E+11   1.9008E+11   1.9008E+11   1.9008E+11   1.9012E+11   0.0000E+00   0.0000E+00
   1.0123E+04   1.6778E+11   1.6778E+11   1.6778E+11   1.6778E+11   1.6778E+11   1.6778E+11   1.6778E+11   1.6778E+11   1.6782E+11   0.0000E+00   0.0000E+00
   1.0854E+04   1.4453E+11   1.4453E+11   1.4453E+11   1.4453E+11   1.4453E+11   1.4453E+11   1.4453E+11   1.4453E+11   1.4456E+11   0.0000E+00   0.0000E+00
   1.1637E+04   1.2720E+11   1.2720E+11   1.2720E+11   1.2720E+11   1.2720E+11   1.2720E+11   1.2720E+11   1.2720E+11   1.2723E+11   0.0000E+00   0.0000E+00
   1.2477E+04   1.0815E+11   1.0815E+11   1.0815E+11   1.0815E+11   1.0815E+11   1.0815E+11   1.0815E+11   1.0815E+11   1.0817E+11   0.0000E+00   0.0000E+00
   1.3377E+04   9.6663E+10   9.6663E+10   9.6663E+10   9.6663E+10   9.6663E+10   9.6663E+10   9.6663E+10   9.6663E+10   9.6683E+10   0.0000E+00   0.0000E+00
   1.4343E+04   8.6884E+10   8.6884E+10   8.6884E+10   8.6884E+10   8.6884E+10   8.6884E+10   8.6884E+10   8.6884E+10   8.6902E+10   0.0000E+00   0.0000E+00
   1.5378E+04   7.8134E+10   7.8134E+10   7.8134E+10   7.8134E+10   7.8134E+10   7.8134E+10   7.8134E+10   7.8134E+10   7.8150E+10   0.0000E+00   0.0000E+00
   1.6488E+04   7.2642E+10   7.2642E+10   7.2642E+10   7.2642E+10   7.2642E+10   7.2642E+10   7.2642E+10   7.2642E+10   7.2657E+10   0.0000E+00   0.0000E+00
   1.7678E+04   6.5326E+10   6.5326E+10   6.5326E+10   6.5326E+10   6.5326E+10   6.5326E+10   6.5326E+10   6.5326E+10   6.5339E+10   0.0000E+00   0.0000E+00
   1.8953E+04   5.4783E+10   5.4783E+10   5.4783E+10   5.4783E+10   5.4783E+10   5.4783E+10   5.4783E+10   5.4783E+10   5.4794E+10   0.0000E+00   0.0000E+00
   2.0321E+04   4.9203E+10   4.9203E+10   4.9203E+10   4.9203E+10   4.9203E+10   4.9203E+10   4.9203E+10   4.9203E+10   4.9213E+10   0.0000E+00   0.0000E+00
   2.1788E+04   4.2417E+10   4.2417E+10   4.2417E+10   4.2417E+10   4.2417E+10   4.2417E+10   4.2417E+10   4.2417E+10   4.2426E+10   0.0000E+00   0.0000E+00
   2.3360E+04   3.8351E+10   3.8351E+10   3.8351E+10   3.8351E+10   3.8351E+10   3.8351E+10   3.8351E+10   3.8351E+10   3.8359E+10   0.0000E+00   0.0000E+00
   2.5046E+04   3.0644E+10   3.0644E+10   3.0644E+10   3.0644E+10   3.0644E+10   3.0644E+10   3.0644E+10   3.0644E+10   3.0650E+10   0.0000E+00   0.0000E+00
   2.6854E+04   2.8842E+10   2.8842E+10   2.8842E+10   2.8842E+10   2.8842E+10   2.8842E+10   2.8842E+10   2.8842E+10   2.8848E+10   0.0000E+00   0.0000E+00
   2.8792E+04   2.6805E+10   2.6805E+10   2.6805E+10   2.6805E+10   2.6805E+10   2.6805E+10   2.6805E+10   2.6805E+10   2.6811E+10   0.0000E+00   0.0000E+00
   3.0869E+04   2.2880E+10   2.2880E+10   2.2880E+10   2.2880E+10   2.2880E+10   2.2880E+10   2.2880E+10   2.2880E+10   2.2885E+10   0.0000E+00   0.0000E+00
   3.3097E+04   2.0844E+10   2.0844E+10   2.0844E+10   2.0844E+10   2.0844E+10   2.0844E+10   2.0844E+10   2.0844E+10   2.0848E+10   0.0000E+00   0.0000E+00
   3.5486E+04   1.9447E+10   1.9447E+10   1.9447E+10   1.9447E+10   1.9447E+10   1.9447E+10   1.9447E+10   1.9447E+10   1.9450E+10   0.0000E+00   0.0000E+00
   3.8047E+04   1.7119E+10   1.7119E+10   1.7119E+10   1.7119E+10   1.7119E+10   1.7119E+10   1.7119E+10   1.7119E+10   1.7122E+10   0.0000E+00   0.0000E+00
   4.0792E+04   1.5892E+10   1.5892E+10   1.5892E+10   1.5892E+10   1.5892E+10   1.5892E+10   1.5892E+10   1.5892E+10   1.5895E+10   0.0000E+00   0.0000E+00
   4.3736E+04   1.4432E+10   1.4432E+10   1.4432E+10   1.4432E+10   1.4432E+10   1.4432E+10   1.4432E+10   1.4432E+10   1.4435E+10   0.0000E+00   0.0000E+00
   4.6893E+04   1.3042E+10   1.3042E+10   1.3042E+10   1.3042E+10   1.3042E+10   1.3042E+10   1.3042E+10   1.3042E+10   1.3045E+10   0.0000E+00   0.0000E+00
   5.0277E+04   1.1959E+10   1.1959E+10   1.1959E+10   1.1959E+10   1.1959E+10   1.1959E+10   1.1959E+10   1.1959E+10   1.1961E+10   0.0000E+00   0.0000E+00
   5.3905E+04   1.1003E+10   1.1003E+10   1.1003E+10   1.1003E+10   1.1003E+10   1.1003E+10   1.1003E+10   1.1003E+10   1.1005E+10   0.0000E+00   0.0000E+00
   5.7795E+04   1.0154E+10   1.0154E+10   1.0154E+10   1.0154E+10   1.0154E+10   1.0154E+10   1.0154E+10   1.0154E+10   1.0156E+10   0.0000E+00   0.0000E+00
   6.1966E+04   9.3672E+09   9.3672E+09   9.3672E+09   9.3672E+09   9.3672E+09   9.3672E+09   9.3672E+09   9.3672E+09   9.3691E+09   0.0000E+00   0.0000E+00
   6.6438E+04   8.6391E+09   8.6391E+09   8.6391E+09   8.6391E+09   8.6391E+09   8.6391E+09   8.6391E+09   8.6391E+09   8.6409E+09   0.0000E+00   0.0000E+00
   7.1233E+04   7.9885E+09   7.9885E+09   7.9885E+09   7.9885E+09   7.9885E+09   7.9885E+09   7.9885E+09   7.9885E+09   7.9901E+09   0.0000E+00   0.0000E+00
   7.6374E+04   7.3542E+09   7.3542E+09   7.3542E+09   7.3542E+09   7.3542E+09   7.3542E+09   7.3542E+09   7.3542E+09   7.3557E+09   0.0000E+00   0.0000E+00
   8.1885E+04   6.7151E+09   6.7151E+09   6.7151E+09   6.7151E+09   6.7151E+09   6.7151E+09   6.7151E+09   6.7151E+09   6.7165E+09   0.0000E+00   0.0000E+00
   8.7795E+04   6.2361E+09   6.2361E+09   6.2361E+09   6.2361E+09   6.2361E+09   6.2361E+09   6.2361E+09   6.2361E+09   6.2374E+09   0.0000E+00   0.0000E+00
   9.4131E+04   5.6863E+09   5.6863E+09   5.6863E+09   5.6863E+09   5.6863E+09   5.6863E+09   5.6863E+09   5.6863E+09   5.6875E+09   0.0000E+00   0.0000E+00
   1.0092E+05   5.2247E+09   5.2247E+09   5.2247E+09   5.2247E+09   5.2247E+09   5.2247E+09   5.2247E+09   5.2247E+09   5.2257E+09   0.0000E+00   0.0000E+00
   1.0821E+05   4.7821E+09   4.7821E+09   4.7821E+09   4.7821E+09   4.7821E+09   4.7821E+09   4.7821E+09   4.7821E+09   4.7831E+09   0.0000E+00   0.0000E+00
   1.1602E+05   4.3462E+09   4.3462E+09   4.3462E+09   4.3462E+09   4.3462E+09   4.3462E+09   4.3462E+09   4.3462E+09   4.3470E+09   0.0000E+00   0.0000E+00
   1.2439E+05   3.9627E+09   3.9627E+09   3.9627E+09   3.9627E+09   3.9627E+09   3.9627E+09   3.9627E+09   3.9627E+09   3.9635E+09   0.0000E+00   0.0000E+00
   1.3337E+05   3.6456E+09   3.6456E+09   3.6456E+09   3.6456E+09   3.6456E+09   3.6456E+09   3.6456E+09   3.6456E+09   3.6464E+09   0.0000E+00   0.0000E+00
   1.4299E+05   3.3484E+09   3.3484E+09   3.3484E+09   3.3484E+09   3.3484E+09   3.3484E+09   3.3484E+09   3.3484E+09   3.3490E+09   0.0000E+00   0.0000E+00
   1.5331E+05   3.0190E+09   3.0190E+09   3.0190E+09   3.0190E+09   3.0190E+09   3.0190E+09   3.0190E+09   3.0190E+09   3.0196E+09   0.0000E+00   0.0000E+00
   1.6437E+05   2.7760E+09   2.7760E+09   2.7760E+09   2.7760E+09   2.7760E+09   2.7760E+09   2.7760E+09   2.7760E+09   2.7765E+09   0.0000E+00   0.0000E+00
   1.7624E+05   2.5023E+09   2.5023E+09   2.5023E+09   2.5023E+09   2.5023E+09   2.5023E+09   2.5023E+09   2.5023E+09   2.5029E+09   0.0000E+00   0.0000E+00
   1.8895E+05   2.2527E+09   2.2527E+09   2.2527E+09   2.2527E+09   2.2527E+09   2.2527E+09   2.2527E+09   2.2527E+09   2.2532E+09   0.0000E+00   0.0000E+00
   2.0259E+05   2.0506E+09   2.0506E+09   2.0506E+09   2.0506E+09   2.0506E+09   2.0506E+09   2.0506E+09   2.0506E+09   2.0510E+09   0.0000E+00   0.0000E+00
   2.1721E+05   1.8689E+09   1.8689E+09   1.8689E+09   1.8689E+09   1.8689E+09   1.8689E+09   1.8689E+09   1.8689E+09   1.8692E+09   0.0000E+00   0.0000E+00
   2.3289E+05   1.6829E+09   1.6829E+09   1.6829E+09   1.6829E+09   1.6829E+09   1.6829E+09   1.6829E+09   1.6829E+09   1.6833E+09   0.0000E+00   0.0000E+00
   2.4969E+05   1.4811E+09   1.4811E+09   1.4811E+09   1.4811E+09   1.4811E+09   1.4811E+09   1.4811E+09   1.4811E+09   1.4814E+09   0.0000E+00   0.0000E+00
   2.6771E+05   1.3339E+09   1.3339E+09   1.3339E+09   1.3339E+09   1.3339E+09   1.3339E+09   1.3339E+09   1.3339E+09   1.3341E+09   0.0000E+00   0.0000E+00
   2.8703E+05   1.2002E+09   1.2002E+09   1.2002E+09   1.2002E+09   1.2002E+09   1.2002E+09   1.2002E+09   1.2002E+09   1.2004E+09   0.0000E+00   0.0000E+00
   3.0775E+05   1.0573E+09   1.0573E+09   1.0573E+09   1.0573E+09   1.0573E+09   1.0573E+09   1.0573E+09   1.0573E+09   1.0575E+09   0.0000E+00   0.0000E+00
   3.2996E+05   9.2916E+08   9.2916E+08   9.2916E+08   9.2916E+08   9.2916E+08   9.2916E+08   9.2916E+08   9.2916E+08   9.2935E+08   0.0000E+00   0.0000E+00
   3.5377E+05   8.0822E+08   8.0822E+08   8.0822E+08   8.0822E+08   8.0822E+08   8.0822E+08   8.0822E+08   8.0822E+08   8.0839E+08   0.0000E+00   0.0000E+00
   3.7930E+05   7.1940E+08   7.1940E+08   7.1940E+08   7.1940E+08   7.1940E+08   7.1940E+08   7.1940E+08   7.1940E+08   7.1955E+08   0.0000E+00   0.0000E+00
   4.0667E+05   6.2578E+08   6.2578E+08   6.2578E+08   6.2578E+08   6.2578E+08   6.2578E+08   6.2578E+08   6.2578E+08   6.2590E+08   0.0000E+00   0.0000E+00
   4.3602E+05   5.4283E+08   5.4283E+08   5.4283E+08   5.4283E+08   5.4283E+08   5.4283E+08   5.4283E+08   5.4283E+08   5.4294E+08   0.0000E+00   0.0000E+00
   4.6749E+05   4.6273E+08   4.6273E+08   4.6273E+08   4.6273E+08   4.6273E+08   4.6273E+08   4.6273E+08   4.6273E+08   4.6282E+08   0.0000E+00   0.0000E+00
   5.0123E+05   4.0116E+08   4.0116E+08   4.0116E+08   4.0116E+08   4.0116E+08   4.0116E+08   4.0116E+08   4.0116E+08   4.0124E+08   0.0000E+00   0.0000E+00
   5.3740E+05   3.3702E+08   3.3702E+08   3.3702E+08   3.3702E+08   3.3702E+08   3.3702E+08   3.3702E+08   3.3702E+08   3.3708E+08   0.0000E+00   0.0000E+00
   5.7618E+05   2.8313E+08   2.8313E+08   2.8313E+08   2.8313E+08   2.8313E+08   2.8313E+08   2.8313E+08   2.8313E+08   2.8318E+08   0.0000E+00   0.0000E+00
   6.1776E+05   2.3786E+08   2.3786E+08   2.3786E+08   2.3786E+08   2.3786E+08   2.3786E+08   2.3786E+08   2.3786E+08   2.3791E+08   0.0000E+00   0.0000E+00
   6.6235E+05   1.9438E+08   1.9438E+08   1.9438E+08   1.9438E+08   1.9438E+08   1.9438E+08   1.9438E+08   1.9438E+08   1.9442E+08   0.0000E+00   0.0000E+00
   7.1015E+05   1.5515E+08   1.5515E+08   1.5515E+08   1.5515E+08   1.5515E+08   1.5515E+08   1.5515E+08   1.5515E+08   1.5518E+08   0.0000E+00   0.0000E+00
   7.6140E+05   1.2440E+08   1.2440E+08   1.2440E+08   1.2440E+08   1.2440E+08   1.2440E+08   1.2440E+08   1.2440E+08   1.2443E+08   0.0000E+00   0.0000E+00
   8.1635E+05   9.5832E+07   9.5832E+07   9.5832E+07   9.5832E+07   9.5832E+07   9.5832E+07   9.5832E+07   9.5832E+07   9.5851E+07   0.0000E+00   0.0000E+00
   8.7526E+05   7.4641E+07   7.4641E+07   7.4641E+07   7.4641E+07   7.4641E+07   7.4641E+07   7.4641E+07   7.4641E+07   7.4656E+07   0.0000E+00   0.0000E+00
   9.3842E+05   5.7466E+07   5.7466E+07   5.7466E+07   5.7466E+07   5.7466E+07   5.7466E+07   5.7466E+07   5.7466E+07   5.7478E+07   0.0000E+00   0.0000E+00
   1.0061E+06   4.1001E+07   4.1001E+07   4.1001E+07   4.1001E+07   4.1001E+07   4.1001E+07   4.1001E+07   4.1001E+07   4.1010E+07   0.0000E+00   0.0000E+00
   1.0788E+06   2.8940E+07   2.8940E+07   2.8940E+07   2.8940E+07   2.8940E+07   2.8940E+07   2.8940E+07   2.8940E+07   2.8945E+07   0.0000E+00   0.0000E+00
   1.1566E+06   2.0426E+07   2.0426E+07   2.0426E+07   2.0426E+07   2.0426E+07   2.0426E+07   2.0426E+07   2.0426E+07   2.0430E+07   0.0000E+00   0.0000E+00
   1.2401E+06   1.4417E+07   1.4417E+07   1.4417E+07   1.4417E+07   1.4417E+07   1.4417E+07   1.4417E+07   1.4417E+07   1.4420E+07   0.0000E+00   0.0000E+00
   1.3296E+06   1.0176E+07   1.0176E+07   1.0176E+07   1.0176E+07   1.0176E+07   1.0176E+07   1.0176E+07   1.0176E+07   1.0178E+07   0.0000E+00   0.0000E+00
   1.4255E+06   7.1823E+06   7.1823E+06   7.1823E+06   7.1823E+06   7.1823E+06   7.1823E+06   7.1823E+06   7.1823E+06   7.1837E+06   0.0000E+00   0.0000E+00
   1.5284E+06   5.0694E+06   5.0694E+06   5.0694E+06   5.0694E+06   5.0694E+06   5.0694E+06   5.0694E+06   5.0694E+06   5.0704E+06   0.0000E+00   0.0000E+00
   1.6387E+06   3.5781E+06   3.5781E+06   3.5781E+06   3.5781E+06   3.5781E+06   3.5781E+06   3.5781E+06   3.5781E+06   3.5788E+06   0.0000E+00   0.0000E+00
   1.7570E+06   2.5255E+06   2.5255E+06   2.5255E+06   2.5255E+06   2.5255E+06   2.5255E+06   2.5255E+06   2.5255E+06   2.5260E+06   0.0000E+00   0.0000E+00
   1.8838E+06   1.7825E+06   1.7825E+06   1.7825E+06   1.7825E+06   1.7825E+06   1.7825E+06   1.7825E+06   1.7825E+06   1.7829E+06   0.0000E+00   0.0000E+00
   2.0197E+06   1.2582E+06   1.2582E+06   1.2582E+06   1.2582E+06   1.2582E+06   1.2582E+06   1.2582E+06   1.2582E+06   1.2584E+06   0.0000E+00   0.0000E+00
   2.1655E+06   8.8803E+05   8.8803E+05   8.8803E+05   8.8803E+05   8.8803E+05   8.8803E+05   8.8803E+05   8.8803E+05   8.8822E+05   0.0000E+00   0.0000E+00
   2.3217E+06   6.2680E+05   6.2680E+05   6.2680E+05   6.2680E+05   6.2680E+05   6.2680E+05   6.2680E+05   6.2680E+05   6.2693E+05   0.0000E+00   0.0000E+00
   2.4893E+06   4.4241E+05   4.4241E+05   4.4241E+05   4.4241E+05   4.4241E+05   4.4241E+05   4.4241E+05   4.4241E+05   4.4250E+05   0.0000E+00   0.0000E+00
   2.6689E+06   3.1227E+05   3.1227E+05   3.1227E+05   3.1227E+05   3.1227E+05   3.1227E+05   3.1227E+05   3.1227E+05   3.1233E+05   0.0000E+00   0.0000E+00
   2.8616E+06   2.2041E+05   2.2041E+05   2.2041E+05   2.2041E+05   2.2041E+05   2.2041E+05   2.2041E+05   2.2041E+05   2.2045E+05   0.0000E+00   0.0000E+00
   3.0681E+06   1.5557E+05   1.5557E+05   1.5557E+05   1.5557E+05   1.5557E+05   1.5557E+05   1.5557E+05   1.5557E+05   1.5560E+05   0.0000E+00   0.0000E+00
   3.2895E+06   1.0981E+05   1.0981E+05   1.0981E+05   1.0981E+05   1.0981E+05   1.0981E+05   1.0981E+05   1.0981E+05   1.0983E+05   0.0000E+00   0.0000E+00
   3.5269E+06   7.7505E+04   7.7505E+04   7.7505E+04   7.7505E+04   7.7505E+04   7.7505E+04   7.7505E+04   7.7505E+04   7.7521E+04   0.0000E+00   0.0000E+00
   3.7814E+06   5.4706E+04   5.4706E+04   5.4706E+04   5.4706E+04   5.4706E+04   5.4706E+04   5.4706E+04   5.4706E+04   5.4717E+04   0.0000E+00   0.0000E+00
   4.0543E+06   3.8614E+04   3.8614E+04   3.8614E+04   3.8614E+04   3.8614E+04   3.8614E+04   3.8614E+04   3.8614E+04   3.8621E+04   0.0000E+00   0.0000E+00
   4.3469E+06   2.7255E+04   2.7255E+04   2.7255E+04   2.7255E+04   2.7255E+04   2.7255E+04   2.7255E+04   2.7255E+04   2.7260E+04   0.0000E+00   0.0000E+00
   4.6606E+06   1.9238E+04   1.9238E+04   1.9238E+04   1.9238E+04   1.9238E+04   1.9238E+04   1.9238E+04   1.9238E+04   1.9242E+04   0.0000E+00   0.0000E+00
   4.9969E+06   1.3579E+04   1.3579E+04   1.3579E+04   1.3579E+04   1.3579E+04   1.3579E+04   1.3579E+04   1.3579E+04   1.3582E+04   0.0000E+00   0.0000E+00
   5.3576E+06   9.5845E+03   9.5845E+03   9.5845E+03   9.5845E+03   9.5845E+03   9.5845E+03   9.5845E+03   9.5845E+03   9.5865E+03   0.0000E+00   0.0000E+00
   5.7442E+06   6.7653E+03   6.7653E+03   6.7653E+03   6.7653E+03   6.7653E+03   6.7653E+03   6.7653E+03   6.7653E+03   6.7667E+03   0.0000E+00   0.0000E+00
   6.1587E+06   4.7753E+03   4.7753E+03   4.7753E+03   4.7753E+03   4.7753E+03   4.7753E+03   4.7753E+03   4.7753E+03   4.7763E+03   0.0000E+00   0.0000E+00
   6.6032E+06   3.3707E+03   3.3707E+03   3.3707E+03   3.3707E+03   3.3707E+03   3.3707E+03   3.3707E+03   3.3707E+03   3.3714E+03   0.0000E+00   0.0000E+00
   7.0797E+06   2.3792E+03   2.3792E+03   2.3792E+03   2.3792E+03   2.3792E+03   2.3792E+03   2.3792E+03   2.3792E+03   2.3797E+03   0.0000E+00   0.0000E+00
   7.5907E+06   1.6794E+03   1.6794E+03   1.6794E+03   1.6794E+03   1.6794E+03   1.6794E+03   1.6794E+03   1.6794E+03   1.6798E+03   0.0000E+00   0.0000E+00
   8.1385E+06   1.1854E+03   1.1854E+03   1.1854E+03   1.1854E+03   1.1854E+03   1.1854E+03   1.1854E+03   1.1854E+03   1.1857E+03   0.0000E+00   0.0000E+00
   8.7258E+06   8.3678E+02   8.3678E+02   8.3678E+02   8.3678E+02   8.3678E+02   8.3678E+02   8.3678E+02   8.3678E+02   8.3695E+02   0.0000E+00   0.0000E+00
   9.3555E+06   5.9065E+02   5.9065E+02   5.9065E+02   5.9065E+02   5.9065E+02   5.9065E+02   5.9065E+02   5.9065E+02   5.9077E+02   0.0000E+00   0.0000E+00
   1.0031E+07   4.1694E+02   4.1694E+02   4.1694E+02   4.1694E+02   4.1694E+02   4.1694E+02   4.1694E+02   4.1694E+02   4.1702E+02   0.0000E+00   0.0000E+00
   1.0755E+07   2.9431E+02   2.9431E+02   2.9431E+02   2.9431E+02   2.9431E+02   2.9431E+02   2.9431E+02   2.9431E+02   2.9437E+02   0.0000E+00   0.0000E+00
   1.1531E+07   2.0775E+02   2.0775E+02   2.0775E+02   2.0775E+02   2.0775E+02   2.0775E+02   2.0775E+02   2.0775E+02   2.0779E+02   0.0000E+00   0.0000E+00
   1.2363E+07   1.4665E+02   1.4665E+02   1.4665E+02   1.4665E+02   1.4665E+02   1.4665E+02   1.4665E+02   1.4665E+02   1.4668E+02   0.0000E+00   0.0000E+00
   1.3255E+07   1.0352E+02   1.0352E+02   1.0352E+02   1.0352E+02   1.0352E+02   1.0352E+02   1.0352E+02   1.0352E+02   1.0354E+02   0.0000E+00   0.0000E+00
   1.4212E+07   7.3077E+01   7.3077E+01   7.3077E+01   7.3077E+01   7.3077E+01   7.3077E+01   7.3077E+01   7.3077E+01   7.3092E+01   0.0000E+00   0.0000E+00
   1.5237E+07   5.1587E+01   5.1587E+01   5.1587E+01   5.1587E+01   5.1587E+01   5.1587E+01   5.1587E+01   5.1587E+01   5.1597E+01   0.0000E+00   0.0000E+00
   1.6337E+07   3.6416E+01   3.6416E+01   3.6416E+01   3.6416E+01   3.6416E+01   3.6416E+01   3.6416E+01   3.6416E+01   3.6424E+01   0.0000E+00   0.0000E+00
   1.7516E+07   2.5708E+01   2.5708E+01   2.5708E+01   2.5708E+01   2.5708E+01   2.5708E+01   2.5708E+01   2.5708E+01   2.5713E+01   0.0000E+00   0.0000E+00
   1.8780E+07   1.8148E+01   1.8148E+01   1.8148E+01   1.8148E+01   1.8148E+01   1.8148E+01   1.8148E+01   1.8148E+01   1.8152E+01   0.0000E+00   0.0000E+00
   2.0135E+07   1.2812E+01   1.2812E+01   1.2812E+01   1.2812E+01   1.2812E+01   1.2812E+01   1.2812E+01   1.2812E+01   1.2814E+01   0.0000E+00   0.0000E+00
   2.1588E+07   9.0446E+00   9.0446E+00   9.0446E+00   9.0446E+00   9.0446E+00   9.0446E+00   9.0446E+00   9.0446E+00   9.0465E+00   0.0000E+00   0.0000E+00
   2.3146E+07   6.3853E+00   6.3853E+00   6.3853E+00   6.3853E+00   6.3853E+00   6.3853E+00   6.3853E+00   6.3853E+00   6.3866E+00   0.0000E+00   0.0000E+00
   2.4817E+07   4.5079E+00   4.5079E+00   4.5079E+00   4.5079E+00   4.5079E+00   4.5079E+00   4.5079E+00   4.5079E+00   4.5088E+00   0.0000E+00   0.0000E+00
   2.6608E+07   3.1826E+00   3.1826E+00   3.1826E+00   3.1826E+00   3.1826E+00   3.1826E+00   3.1826E+00   3.1826E+00   3.1833E+00   0.0000E+00   0.0000E+00
   2.8528E+07   2.2470E+00   2.2470E+00   2.2470E+00   2.2470E+00   2.2470E+00   2.2470E+00   2.2470E+00   2.2470E+00   2.2474E+00   0.0000E+00   0.0000E+00
   3.0587E+07   1.5864E+00   1.5864E+00   1.5864E+00   1.5864E+00   1.5864E+00   1.5864E+00   1.5864E+00   1.5864E+00   1.5867E+00   0.0000E+00   0.0000E+00
   3.2794E+07   1.1201E+00   1.1201E+00   1.1201E+00   1.1201E+00   1.1201E+00   1.1201E+00   1.1201E+00   1.1201E+00   1.1203E+00   0.0000E+00   0.0000E+00
   3.5161E+07   7.9084E-01   7.9084E-01   7.9084E-01   7.9084E-01   7.9084E-01   7.9084E-01   7.9084E-01   7.9084E-01   7.9100E-01   0.0000E+00   0.0000E+00
   3.7698E+07   5.5839E-01   5.5839E-01   5.5839E-01   5.5839E-01   5.5839E-01   5.5839E-01   5.5839E-01   5.5839E-01   5.5851E-01   0.0000E+00   0.0000E+00
   4.0419E+07   3.9428E-01   3.9428E-01   3.9428E-01   3.9428E-01   3.9428E-01   3.9428E-01   3.9428E-01   3.9428E-01   3.9436E-01   0.0000E+00   0.0000E+00
   4.3336E+07   2.7841E-01   2.7841E-01   2.7841E-01   2.7841E-01   2.7841E-01   2.7841E-01   2.7841E-01   2.7841E-01   2.7846E-01   0.0000E+00   0.0000E+00
   4.6463E+07   1.9659E-01   1.9659E-01   1.9659E-01   1.9659E-01   1.9659E-01   1.9659E-01   1.9659E-01   1.9659E-01   1.9663E-01   0.0000E+00   0.0000E+00
   4.9817E+07   1.3883E-01   1.3883E-01   1.3883E-01   1.3883E-01   1.3883E-01   1.3883E-01   1.3883E-01   1.3883E-01   1.3885E-01   0.0000E+00   0.0000E+00
   5.3412E+07   9.8038E-02   9.8038E-02   9.8038E-02   9.8038E-02   9.8038E-02   9.8038E-02   9.8038E-02   9.8038E-02   9.8058E-02   0.0000E+00   0.0000E+00
   5.7266E+07   6.9236E-02   6.9236E-02   6.9236E-02   6.9236E-02   6.9236E-02   6.9236E-02   6.9236E-02   6.9236E-02   6.9250E-02   0.0000E+00   0.0000E+00
   6.1399E+07   4.8898E-02   4.8898E-02   4.8898E-02   4.8898E-02   4.8898E-02   4.8898E-02   4.8898E-02   4.8898E-02   4.8908E-02   0.0000E+00   0.0000E+00
   6.5830E+07   3.4535E-02   3.4535E-02   3.4535E-02   3.4535E-02   3.4535E-02   3.4535E-02   3.4535E-02   3.4535E-02   3.4542E-02   0.0000E+00   0.0000E+00
   7.0581E+07   2.4392E-02   2.4392E-02   2.4392E-02   2.4392E-02   2.4392E-02   2.4392E-02   2.4392E-02   2.4392E-02   2.4397E-02   0.0000E+00   0.0000E+00
   7.5675E+07   1.7229E-02   1.7229E-02   1.7229E-02   1.7229E-02   1.7229E-02   1.7229E-02   1.7229E-02   1.7229E-02   1.7232E-02   0.0000E+00   0.0000E+00
   8.1136E+07   1.2170E-02   1.2170E-02   1.2170E-02   1.2170E-02   1.2170E-02   1.2170E-02   1.2170E-02   1.2170E-02   1.2173E-02   0.0000E+00   0.0000E+00
   8.6991E+07   8.5972E-03   8.5972E-03   8.5972E-03   8.5972E-03   8.5972E-03   8.5972E-03   8.5972E-03   8.5972E-03   8.5989E-03   0.0000E+00   0.0000E+00
   9.3269E+07   6.0736E-03   6.0736E-03   6.0736E-03   6.0736E-03   6.0736E-03   6.0736E-03   6.0736E-03   6.0736E-03   6.0749E-03   0.0000E+00   0.0000E+00
   1.0000E+08   4.2910E-03   4.2910E-03   4.2910E-03   4.2910E-03   4.2910E-03   4.2910E-03   4.2910E-03   4.2910E-03   4.2919E-03   0.0000E+00   0.0000E+00
