 (1): Wavelength (A) 
 (2): Intrinsic SED (1e30 erg/s/A)
 (3 - 9): SED at angles [   0.0000000      0.26183301      0.52366602      0.78549999       1.0473300       1.3091700       1.5710000     ] (1e30 erg/s/A)
 (10): Angle averaged SED (1e30 erg/s/A)
 (11): Molecular cloud emission (1e30 erg/s/A)
 (12): Cirrus emission (1e30 erg/s/A)
  
            1            2            3            4            5            6            7            8            9           10           11           12
   9.5000E+01   4.3857E+14   4.3857E+14   4.3857E+14   4.3857E+14   4.3857E+14   4.3857E+14   4.3857E+14   4.3857E+14   4.3866E+14   0.0000E+00   0.0000E+00
   1.0186E+02   4.4851E+14   4.4851E+14   4.4851E+14   4.4851E+14   4.4851E+14   4.4851E+14   4.4851E+14   4.4851E+14   4.4860E+14   0.0000E+00   0.0000E+00
   1.0921E+02   4.4852E+14   4.4852E+14   4.4852E+14   4.4852E+14   4.4852E+14   4.4852E+14   4.4852E+14   4.4852E+14   4.4861E+14   0.0000E+00   0.0000E+00
   1.1709E+02   4.4852E+14   4.4852E+14   4.4852E+14   4.4852E+14   4.4852E+14   4.4852E+14   4.4852E+14   4.4852E+14   4.4861E+14   0.0000E+00   0.0000E+00
   1.2554E+02   4.5898E+14   4.5898E+14   4.5898E+14   4.5898E+14   4.5898E+14   4.5898E+14   4.5898E+14   4.5898E+14   4.5908E+14   0.0000E+00   0.0000E+00
   1.3460E+02   4.5899E+14   4.5899E+14   4.5899E+14   4.5899E+14   4.5899E+14   4.5899E+14   4.5899E+14   4.5899E+14   4.5908E+14   0.0000E+00   0.0000E+00
   1.4431E+02   4.5902E+14   4.5902E+14   4.5902E+14   4.5902E+14   4.5902E+14   4.5902E+14   4.5902E+14   4.5902E+14   4.5911E+14   0.0000E+00   0.0000E+00
   1.5473E+02   4.6566E+14   4.6566E+14   4.6566E+14   4.6566E+14   4.6566E+14   4.6566E+14   4.6566E+14   4.6566E+14   4.6576E+14   0.0000E+00   0.0000E+00
   1.6589E+02   4.6973E+14   4.6973E+14   4.6973E+14   4.6973E+14   4.6973E+14   4.6973E+14   4.6973E+14   4.6973E+14   4.6982E+14   0.0000E+00   0.0000E+00
   1.7786E+02   4.6973E+14   4.6973E+14   4.6973E+14   4.6973E+14   4.6973E+14   4.6973E+14   4.6973E+14   4.6973E+14   4.6983E+14   0.0000E+00   0.0000E+00
   1.9070E+02   4.6973E+14   4.6973E+14   4.6973E+14   4.6973E+14   4.6973E+14   4.6973E+14   4.6973E+14   4.6973E+14   4.6983E+14   0.0000E+00   0.0000E+00
   2.0446E+02   4.7710E+14   4.7710E+14   4.7710E+14   4.7710E+14   4.7710E+14   4.7710E+14   4.7710E+14   4.7710E+14   4.7720E+14   0.0000E+00   0.0000E+00
   2.1922E+02   4.8068E+14   4.8068E+14   4.8068E+14   4.8068E+14   4.8068E+14   4.8068E+14   4.8068E+14   4.8068E+14   4.8078E+14   0.0000E+00   0.0000E+00
   2.3504E+02   4.8119E+14   4.8119E+14   4.8119E+14   4.8119E+14   4.8119E+14   4.8119E+14   4.8119E+14   4.8119E+14   4.8128E+14   0.0000E+00   0.0000E+00
   2.5200E+02   4.8456E+14   4.8456E+14   4.8456E+14   4.8456E+14   4.8456E+14   4.8456E+14   4.8456E+14   4.8456E+14   4.8466E+14   0.0000E+00   0.0000E+00
   2.7019E+02   4.9410E+14   4.9410E+14   4.9410E+14   4.9410E+14   4.9410E+14   4.9410E+14   4.9410E+14   4.9410E+14   4.9420E+14   0.0000E+00   0.0000E+00
   2.8969E+02   4.9413E+14   4.9413E+14   4.9413E+14   4.9413E+14   4.9413E+14   4.9413E+14   4.9413E+14   4.9413E+14   4.9424E+14   0.0000E+00   0.0000E+00
   3.1059E+02   4.9369E+14   4.9369E+14   4.9369E+14   4.9369E+14   4.9369E+14   4.9369E+14   4.9369E+14   4.9369E+14   4.9379E+14   0.0000E+00   0.0000E+00
   3.3301E+02   5.0561E+14   5.0561E+14   5.0561E+14   5.0561E+14   5.0561E+14   5.0561E+14   5.0561E+14   5.0561E+14   5.0572E+14   0.0000E+00   0.0000E+00
   3.5704E+02   5.0576E+14   5.0576E+14   5.0576E+14   5.0576E+14   5.0576E+14   5.0576E+14   5.0576E+14   5.0576E+14   5.0586E+14   0.0000E+00   0.0000E+00
   3.8280E+02   5.0589E+14   5.0589E+14   5.0589E+14   5.0589E+14   5.0589E+14   5.0589E+14   5.0589E+14   5.0589E+14   5.0599E+14   0.0000E+00   0.0000E+00
   4.1043E+02   5.1602E+14   5.1602E+14   5.1602E+14   5.1602E+14   5.1602E+14   5.1602E+14   5.1602E+14   5.1602E+14   5.1612E+14   0.0000E+00   0.0000E+00
   4.4005E+02   5.1815E+14   5.1815E+14   5.1815E+14   5.1815E+14   5.1815E+14   5.1815E+14   5.1815E+14   5.1815E+14   5.1825E+14   0.0000E+00   0.0000E+00
   4.7181E+02   5.2787E+14   5.2787E+14   5.2787E+14   5.2787E+14   5.2787E+14   5.2787E+14   5.2787E+14   5.2787E+14   5.2798E+14   0.0000E+00   0.0000E+00
   5.0586E+02   5.2987E+14   5.2987E+14   5.2987E+14   5.2987E+14   5.2987E+14   5.2987E+14   5.2987E+14   5.2987E+14   5.2998E+14   0.0000E+00   0.0000E+00
   5.4236E+02   5.3019E+14   5.3019E+14   5.3019E+14   5.3019E+14   5.3019E+14   5.3019E+14   5.3019E+14   5.3019E+14   5.3030E+14   0.0000E+00   0.0000E+00
   5.8151E+02   5.3071E+14   5.3071E+14   5.3071E+14   5.3071E+14   5.3071E+14   5.3071E+14   5.3071E+14   5.3071E+14   5.3082E+14   0.0000E+00   0.0000E+00
   6.2347E+02   5.1995E+14   5.1995E+14   5.1995E+14   5.1995E+14   5.1995E+14   5.1995E+14   5.1995E+14   5.1995E+14   5.2006E+14   0.0000E+00   0.0000E+00
   6.6847E+02   5.1848E+14   5.1848E+14   5.1848E+14   5.1848E+14   5.1848E+14   5.1848E+14   5.1848E+14   5.1848E+14   5.1859E+14   0.0000E+00   0.0000E+00
   7.1671E+02   5.0767E+14   5.0767E+14   5.0766E+14   5.0766E+14   5.0766E+14   5.0766E+14   5.0766E+14   5.0767E+14   5.0777E+14   0.0000E+00   0.0000E+00
   7.6843E+02   5.0127E+14   5.0127E+14   5.0127E+14   5.0127E+14   5.0127E+14   5.0127E+14   5.0127E+14   5.0127E+14   5.0137E+14   0.0000E+00   0.0000E+00
   8.2389E+02   5.0544E+14   5.0544E+14   5.0544E+14   5.0544E+14   5.0544E+14   5.0544E+14   5.0544E+14   5.0544E+14   5.0554E+14   0.0000E+00   0.0000E+00
   8.8334E+02   5.1119E+14   5.1119E+14   5.1119E+14   5.1119E+14   5.1119E+14   5.1119E+14   5.1119E+14   5.1119E+14   5.1129E+14   0.0000E+00   0.0000E+00
   9.4709E+02   5.3827E+14   5.3827E+14   5.3827E+14   5.3827E+14   5.3827E+14   5.3827E+14   5.3827E+14   5.3827E+14   5.3838E+14   0.0000E+00   0.0000E+00
   1.0154E+03   5.7144E+14   5.7144E+14   5.7144E+14   5.7144E+14   5.7144E+14   5.7144E+14   5.7144E+14   5.7144E+14   5.7156E+14   0.0000E+00   0.0000E+00
   1.0887E+03   5.9121E+14   5.9121E+14   5.9121E+14   5.9121E+14   5.9121E+14   5.9121E+14   5.9121E+14   5.9121E+14   5.9133E+14   0.0000E+00   0.0000E+00
   1.1673E+03   5.9662E+14   5.9662E+14   5.9662E+14   5.9662E+14   5.9662E+14   5.9662E+14   5.9662E+14   5.9662E+14   5.9674E+14   0.0000E+00   0.0000E+00
   1.2515E+03   5.8877E+14   5.8877E+14   5.8877E+14   5.8877E+14   5.8877E+14   5.8877E+14   5.8877E+14   5.8877E+14   5.8889E+14   0.0000E+00   0.0000E+00
   1.3419E+03   5.4949E+14   5.4949E+14   5.4949E+14   5.4949E+14   5.4949E+14   5.4949E+14   5.4949E+14   5.4949E+14   5.4960E+14   0.0000E+00   0.0000E+00
   1.4387E+03   5.1118E+14   5.1118E+14   5.1118E+14   5.1118E+14   5.1118E+14   5.1118E+14   5.1118E+14   5.1118E+14   5.1129E+14   0.0000E+00   0.0000E+00
   1.5425E+03   4.5896E+14   4.5896E+14   4.5896E+14   4.5896E+14   4.5896E+14   4.5896E+14   4.5896E+14   4.5896E+14   4.5905E+14   0.0000E+00   0.0000E+00
   1.6538E+03   4.1373E+14   4.1373E+14   4.1373E+14   4.1373E+14   4.1373E+14   4.1373E+14   4.1373E+14   4.1373E+14   4.1382E+14   0.0000E+00   0.0000E+00
   1.7732E+03   3.7268E+14   3.7268E+14   3.7268E+14   3.7268E+14   3.7268E+14   3.7268E+14   3.7268E+14   3.7268E+14   3.7275E+14   0.0000E+00   0.0000E+00
   1.9012E+03   3.3538E+14   3.3538E+14   3.3538E+14   3.3538E+14   3.3538E+14   3.3538E+14   3.3538E+14   3.3538E+14   3.3545E+14   0.0000E+00   0.0000E+00
   2.0384E+03   2.9794E+14   2.9794E+14   2.9794E+14   2.9794E+14   2.9794E+14   2.9794E+14   2.9794E+14   2.9794E+14   2.9800E+14   0.0000E+00   0.0000E+00
   2.1855E+03   2.6659E+14   2.6659E+14   2.6659E+14   2.6659E+14   2.6659E+14   2.6659E+14   2.6659E+14   2.6659E+14   2.6664E+14   0.0000E+00   0.0000E+00
   2.3432E+03   2.4452E+14   2.4452E+14   2.4452E+14   2.4452E+14   2.4452E+14   2.4452E+14   2.4452E+14   2.4452E+14   2.4457E+14   0.0000E+00   0.0000E+00
   2.5123E+03   2.2598E+14   2.2598E+14   2.2598E+14   2.2598E+14   2.2598E+14   2.2598E+14   2.2598E+14   2.2598E+14   2.2603E+14   0.0000E+00   0.0000E+00
   2.6936E+03   2.1081E+14   2.1081E+14   2.1081E+14   2.1081E+14   2.1081E+14   2.1081E+14   2.1081E+14   2.1081E+14   2.1085E+14   0.0000E+00   0.0000E+00
   2.8880E+03   1.9136E+14   1.9136E+14   1.9136E+14   1.9136E+14   1.9136E+14   1.9136E+14   1.9136E+14   1.9136E+14   1.9139E+14   0.0000E+00   0.0000E+00
   3.0964E+03   1.6977E+14   1.6977E+14   1.6977E+14   1.6977E+14   1.6977E+14   1.6977E+14   1.6977E+14   1.6977E+14   1.6980E+14   0.0000E+00   0.0000E+00
   3.3199E+03   1.4709E+14   1.4709E+14   1.4709E+14   1.4709E+14   1.4709E+14   1.4709E+14   1.4709E+14   1.4709E+14   1.4712E+14   0.0000E+00   0.0000E+00
   3.5595E+03   1.2579E+14   1.2579E+14   1.2579E+14   1.2579E+14   1.2579E+14   1.2579E+14   1.2579E+14   1.2579E+14   1.2581E+14   0.0000E+00   0.0000E+00
   3.8163E+03   1.0747E+14   1.0747E+14   1.0747E+14   1.0747E+14   1.0747E+14   1.0747E+14   1.0747E+14   1.0747E+14   1.0749E+14   0.0000E+00   0.0000E+00
   4.0918E+03   9.2143E+13   9.2143E+13   9.2143E+13   9.2143E+13   9.2143E+13   9.2143E+13   9.2143E+13   9.2143E+13   9.2161E+13   0.0000E+00   0.0000E+00
   4.3870E+03   8.0430E+13   8.0430E+13   8.0430E+13   8.0430E+13   8.0430E+13   8.0430E+13   8.0430E+13   8.0430E+13   8.0446E+13   0.0000E+00   0.0000E+00
   4.7036E+03   7.0114E+13   7.0114E+13   7.0114E+13   7.0114E+13   7.0114E+13   7.0114E+13   7.0114E+13   7.0114E+13   7.0128E+13   0.0000E+00   0.0000E+00
   5.0431E+03   6.1388E+13   6.1388E+13   6.1388E+13   6.1388E+13   6.1388E+13   6.1388E+13   6.1388E+13   6.1388E+13   6.1400E+13   0.0000E+00   0.0000E+00
   5.4070E+03   5.4296E+13   5.4296E+13   5.4296E+13   5.4296E+13   5.4296E+13   5.4296E+13   5.4296E+13   5.4296E+13   5.4307E+13   0.0000E+00   0.0000E+00
   5.7973E+03   4.7707E+13   4.7707E+13   4.7707E+13   4.7707E+13   4.7707E+13   4.7707E+13   4.7707E+13   4.7707E+13   4.7716E+13   0.0000E+00   0.0000E+00
   6.2156E+03   4.2923E+13   4.2923E+13   4.2923E+13   4.2923E+13   4.2923E+13   4.2923E+13   4.2923E+13   4.2923E+13   4.2932E+13   0.0000E+00   0.0000E+00
   6.6642E+03   3.8656E+13   3.8656E+13   3.8656E+13   3.8656E+13   3.8656E+13   3.8656E+13   3.8656E+13   3.8656E+13   3.8664E+13   0.0000E+00   0.0000E+00
   7.1451E+03   3.4155E+13   3.4155E+13   3.4155E+13   3.4155E+13   3.4155E+13   3.4155E+13   3.4155E+13   3.4155E+13   3.4162E+13   0.0000E+00   0.0000E+00
   7.6608E+03   3.0669E+13   3.0669E+13   3.0669E+13   3.0669E+13   3.0669E+13   3.0669E+13   3.0669E+13   3.0669E+13   3.0675E+13   0.0000E+00   0.0000E+00
   8.2136E+03   2.7099E+13   2.7099E+13   2.7099E+13   2.7099E+13   2.7099E+13   2.7099E+13   2.7099E+13   2.7099E+13   2.7105E+13   0.0000E+00   0.0000E+00
   8.8064E+03   2.4275E+13   2.4275E+13   2.4275E+13   2.4275E+13   2.4275E+13   2.4275E+13   2.4275E+13   2.4275E+13   2.4280E+13   0.0000E+00   0.0000E+00
   9.4420E+03   2.1914E+13   2.1914E+13   2.1914E+13   2.1914E+13   2.1914E+13   2.1914E+13   2.1914E+13   2.1914E+13   2.1919E+13   0.0000E+00   0.0000E+00
   1.0123E+04   1.9552E+13   1.9552E+13   1.9552E+13   1.9552E+13   1.9552E+13   1.9552E+13   1.9552E+13   1.9552E+13   1.9556E+13   0.0000E+00   0.0000E+00
   1.0854E+04   1.7713E+13   1.7713E+13   1.7713E+13   1.7713E+13   1.7713E+13   1.7713E+13   1.7713E+13   1.7713E+13   1.7716E+13   0.0000E+00   0.0000E+00
   1.1637E+04   1.6125E+13   1.6125E+13   1.6125E+13   1.6125E+13   1.6125E+13   1.6125E+13   1.6125E+13   1.6125E+13   1.6129E+13   0.0000E+00   0.0000E+00
   1.2477E+04   1.4674E+13   1.4674E+13   1.4674E+13   1.4674E+13   1.4674E+13   1.4674E+13   1.4674E+13   1.4674E+13   1.4677E+13   0.0000E+00   0.0000E+00
   1.3377E+04   1.3794E+13   1.3794E+13   1.3794E+13   1.3794E+13   1.3794E+13   1.3794E+13   1.3794E+13   1.3794E+13   1.3796E+13   0.0000E+00   0.0000E+00
   1.4343E+04   1.3290E+13   1.3290E+13   1.3290E+13   1.3290E+13   1.3290E+13   1.3290E+13   1.3290E+13   1.3290E+13   1.3292E+13   0.0000E+00   0.0000E+00
   1.5378E+04   1.2946E+13   1.2946E+13   1.2946E+13   1.2946E+13   1.2946E+13   1.2946E+13   1.2946E+13   1.2946E+13   1.2949E+13   0.0000E+00   0.0000E+00
   1.6488E+04   1.2635E+13   1.2635E+13   1.2635E+13   1.2635E+13   1.2635E+13   1.2635E+13   1.2635E+13   1.2635E+13   1.2638E+13   0.0000E+00   0.0000E+00
   1.7678E+04   1.2881E+13   1.2881E+13   1.2881E+13   1.2881E+13   1.2881E+13   1.2881E+13   1.2881E+13   1.2881E+13   1.2884E+13   0.0000E+00   0.0000E+00
   1.8953E+04   1.2824E+13   1.2824E+13   1.2824E+13   1.2824E+13   1.2824E+13   1.2824E+13   1.2824E+13   1.2824E+13   1.2827E+13   0.0000E+00   0.0000E+00
   2.0321E+04   1.2796E+13   1.2796E+13   1.2796E+13   1.2796E+13   1.2796E+13   1.2796E+13   1.2796E+13   1.2796E+13   1.2798E+13   0.0000E+00   0.0000E+00
   2.1788E+04   1.2760E+13   1.2760E+13   1.2760E+13   1.2760E+13   1.2760E+13   1.2760E+13   1.2760E+13   1.2760E+13   1.2762E+13   0.0000E+00   0.0000E+00
   2.3360E+04   1.2576E+13   1.2576E+13   1.2576E+13   1.2576E+13   1.2576E+13   1.2576E+13   1.2576E+13   1.2576E+13   1.2578E+13   0.0000E+00   0.0000E+00
   2.5046E+04   1.2387E+13   1.2387E+13   1.2387E+13   1.2387E+13   1.2387E+13   1.2387E+13   1.2387E+13   1.2387E+13   1.2390E+13   0.0000E+00   0.0000E+00
   2.6854E+04   1.1960E+13   1.1960E+13   1.1960E+13   1.1960E+13   1.1960E+13   1.1960E+13   1.1960E+13   1.1960E+13   1.1962E+13   0.0000E+00   0.0000E+00
   2.8792E+04   1.1517E+13   1.1517E+13   1.1517E+13   1.1517E+13   1.1517E+13   1.1517E+13   1.1517E+13   1.1517E+13   1.1519E+13   0.0000E+00   0.0000E+00
   3.0869E+04   1.0883E+13   1.0883E+13   1.0883E+13   1.0883E+13   1.0883E+13   1.0883E+13   1.0883E+13   1.0883E+13   1.0885E+13   0.0000E+00   0.0000E+00
   3.3097E+04   1.0267E+13   1.0267E+13   1.0267E+13   1.0267E+13   1.0267E+13   1.0267E+13   1.0267E+13   1.0267E+13   1.0269E+13   0.0000E+00   0.0000E+00
   3.5486E+04   9.7669E+12   9.7669E+12   9.7669E+12   9.7669E+12   9.7669E+12   9.7669E+12   9.7669E+12   9.7669E+12   9.7689E+12   0.0000E+00   0.0000E+00
   3.8047E+04   9.1038E+12   9.1038E+12   9.1038E+12   9.1038E+12   9.1038E+12   9.1038E+12   9.1038E+12   9.1038E+12   9.1057E+12   0.0000E+00   0.0000E+00
   4.0792E+04   8.6222E+12   8.6222E+12   8.6222E+12   8.6222E+12   8.6222E+12   8.6222E+12   8.6222E+12   8.6222E+12   8.6239E+12   0.0000E+00   0.0000E+00
   4.3736E+04   8.0997E+12   8.0997E+12   8.0997E+12   8.0997E+12   8.0997E+12   8.0997E+12   8.0997E+12   8.0997E+12   8.1013E+12   0.0000E+00   0.0000E+00
   4.6893E+04   7.5522E+12   7.5522E+12   7.5522E+12   7.5522E+12   7.5522E+12   7.5522E+12   7.5522E+12   7.5522E+12   7.5537E+12   0.0000E+00   0.0000E+00
   5.0277E+04   7.0428E+12   7.0428E+12   7.0428E+12   7.0428E+12   7.0428E+12   7.0428E+12   7.0428E+12   7.0428E+12   7.0442E+12   0.0000E+00   0.0000E+00
   5.3905E+04   6.5679E+12   6.5679E+12   6.5679E+12   6.5679E+12   6.5679E+12   6.5679E+12   6.5679E+12   6.5679E+12   6.5693E+12   0.0000E+00   0.0000E+00
   5.7795E+04   6.1253E+12   6.1253E+12   6.1253E+12   6.1253E+12   6.1253E+12   6.1253E+12   6.1253E+12   6.1253E+12   6.1265E+12   0.0000E+00   0.0000E+00
   6.1966E+04   5.7124E+12   5.7124E+12   5.7124E+12   5.7124E+12   5.7124E+12   5.7124E+12   5.7124E+12   5.7124E+12   5.7136E+12   0.0000E+00   0.0000E+00
   6.6438E+04   5.3274E+12   5.3274E+12   5.3274E+12   5.3274E+12   5.3274E+12   5.3274E+12   5.3274E+12   5.3274E+12   5.3285E+12   0.0000E+00   0.0000E+00
   7.1233E+04   4.9685E+12   4.9685E+12   4.9685E+12   4.9685E+12   4.9685E+12   4.9685E+12   4.9685E+12   4.9685E+12   4.9695E+12   0.0000E+00   0.0000E+00
   7.6374E+04   4.6027E+12   4.6027E+12   4.6027E+12   4.6027E+12   4.6027E+12   4.6027E+12   4.6027E+12   4.6027E+12   4.6037E+12   0.0000E+00   0.0000E+00
   8.1885E+04   4.2233E+12   4.2233E+12   4.2233E+12   4.2233E+12   4.2233E+12   4.2233E+12   4.2233E+12   4.2233E+12   4.2242E+12   0.0000E+00   0.0000E+00
   8.7795E+04   3.9389E+12   3.9389E+12   3.9389E+12   3.9389E+12   3.9389E+12   3.9389E+12   3.9389E+12   3.9389E+12   3.9397E+12   0.0000E+00   0.0000E+00
   9.4131E+04   3.6040E+12   3.6040E+12   3.6040E+12   3.6040E+12   3.6040E+12   3.6040E+12   3.6040E+12   3.6040E+12   3.6048E+12   0.0000E+00   0.0000E+00
   1.0092E+05   3.3219E+12   3.3219E+12   3.3219E+12   3.3219E+12   3.3219E+12   3.3219E+12   3.3219E+12   3.3219E+12   3.3225E+12   0.0000E+00   0.0000E+00
   1.0821E+05   3.0518E+12   3.0518E+12   3.0518E+12   3.0518E+12   3.0518E+12   3.0518E+12   3.0518E+12   3.0518E+12   3.0524E+12   0.0000E+00   0.0000E+00
   1.1602E+05   2.7815E+12   2.7815E+12   2.7815E+12   2.7815E+12   2.7815E+12   2.7815E+12   2.7815E+12   2.7815E+12   2.7821E+12   0.0000E+00   0.0000E+00
   1.2439E+05   2.5420E+12   2.5420E+12   2.5420E+12   2.5420E+12   2.5420E+12   2.5420E+12   2.5420E+12   2.5420E+12   2.5425E+12   0.0000E+00   0.0000E+00
   1.3337E+05   2.3430E+12   2.3430E+12   2.3430E+12   2.3430E+12   2.3430E+12   2.3430E+12   2.3430E+12   2.3430E+12   2.3435E+12   0.0000E+00   0.0000E+00
   1.4299E+05   2.1551E+12   2.1551E+12   2.1551E+12   2.1551E+12   2.1551E+12   2.1551E+12   2.1551E+12   2.1551E+12   2.1556E+12   0.0000E+00   0.0000E+00
   1.5331E+05   1.9452E+12   1.9452E+12   1.9452E+12   1.9452E+12   1.9452E+12   1.9452E+12   1.9452E+12   1.9452E+12   1.9456E+12   0.0000E+00   0.0000E+00
   1.6437E+05   1.7904E+12   1.7904E+12   1.7904E+12   1.7904E+12   1.7904E+12   1.7904E+12   1.7904E+12   1.7904E+12   1.7907E+12   0.0000E+00   0.0000E+00
   1.7624E+05   1.6150E+12   1.6150E+12   1.6150E+12   1.6150E+12   1.6150E+12   1.6150E+12   1.6150E+12   1.6150E+12   1.6153E+12   0.0000E+00   0.0000E+00
   1.8895E+05   1.4547E+12   1.4547E+12   1.4547E+12   1.4547E+12   1.4547E+12   1.4547E+12   1.4547E+12   1.4547E+12   1.4550E+12   0.0000E+00   0.0000E+00
   2.0259E+05   1.3248E+12   1.3248E+12   1.3248E+12   1.3248E+12   1.3248E+12   1.3248E+12   1.3248E+12   1.3248E+12   1.3251E+12   0.0000E+00   0.0000E+00
   2.1721E+05   1.2078E+12   1.2078E+12   1.2078E+12   1.2078E+12   1.2078E+12   1.2078E+12   1.2078E+12   1.2078E+12   1.2080E+12   0.0000E+00   0.0000E+00
   2.3289E+05   1.0879E+12   1.0879E+12   1.0879E+12   1.0879E+12   1.0879E+12   1.0879E+12   1.0879E+12   1.0879E+12   1.0881E+12   0.0000E+00   0.0000E+00
   2.4969E+05   9.5764E+11   9.5764E+11   9.5764E+11   9.5764E+11   9.5764E+11   9.5764E+11   9.5764E+11   9.5764E+11   9.5784E+11   0.0000E+00   0.0000E+00
   2.6771E+05   8.6260E+11   8.6260E+11   8.6260E+11   8.6260E+11   8.6260E+11   8.6260E+11   8.6260E+11   8.6260E+11   8.6277E+11   0.0000E+00   0.0000E+00
   2.8703E+05   7.7624E+11   7.7624E+11   7.7624E+11   7.7624E+11   7.7624E+11   7.7624E+11   7.7624E+11   7.7624E+11   7.7640E+11   0.0000E+00   0.0000E+00
   3.0775E+05   6.8394E+11   6.8394E+11   6.8394E+11   6.8394E+11   6.8394E+11   6.8394E+11   6.8394E+11   6.8394E+11   6.8408E+11   0.0000E+00   0.0000E+00
   3.2996E+05   6.0110E+11   6.0110E+11   6.0110E+11   6.0110E+11   6.0110E+11   6.0110E+11   6.0110E+11   6.0110E+11   6.0122E+11   0.0000E+00   0.0000E+00
   3.5377E+05   5.2290E+11   5.2290E+11   5.2290E+11   5.2290E+11   5.2290E+11   5.2290E+11   5.2290E+11   5.2290E+11   5.2301E+11   0.0000E+00   0.0000E+00
   3.7930E+05   4.6547E+11   4.6547E+11   4.6547E+11   4.6547E+11   4.6547E+11   4.6547E+11   4.6547E+11   4.6547E+11   4.6557E+11   0.0000E+00   0.0000E+00
   4.0667E+05   4.0492E+11   4.0492E+11   4.0492E+11   4.0492E+11   4.0492E+11   4.0492E+11   4.0492E+11   4.0492E+11   4.0500E+11   0.0000E+00   0.0000E+00
   4.3602E+05   3.5127E+11   3.5127E+11   3.5127E+11   3.5127E+11   3.5127E+11   3.5127E+11   3.5127E+11   3.5127E+11   3.5134E+11   0.0000E+00   0.0000E+00
   4.6749E+05   2.9944E+11   2.9944E+11   2.9944E+11   2.9944E+11   2.9944E+11   2.9944E+11   2.9944E+11   2.9944E+11   2.9951E+11   0.0000E+00   0.0000E+00
   5.0123E+05   2.5961E+11   2.5961E+11   2.5961E+11   2.5961E+11   2.5961E+11   2.5961E+11   2.5961E+11   2.5961E+11   2.5967E+11   0.0000E+00   0.0000E+00
   5.3740E+05   2.1811E+11   2.1811E+11   2.1811E+11   2.1811E+11   2.1811E+11   2.1811E+11   2.1811E+11   2.1811E+11   2.1815E+11   0.0000E+00   0.0000E+00
   5.7618E+05   1.8324E+11   1.8324E+11   1.8324E+11   1.8324E+11   1.8324E+11   1.8324E+11   1.8324E+11   1.8324E+11   1.8327E+11   0.0000E+00   0.0000E+00
   6.1776E+05   1.5394E+11   1.5394E+11   1.5394E+11   1.5394E+11   1.5394E+11   1.5394E+11   1.5394E+11   1.5394E+11   1.5397E+11   0.0000E+00   0.0000E+00
   6.6235E+05   1.2581E+11   1.2581E+11   1.2581E+11   1.2581E+11   1.2581E+11   1.2581E+11   1.2581E+11   1.2581E+11   1.2583E+11   0.0000E+00   0.0000E+00
   7.1015E+05   1.0041E+11   1.0041E+11   1.0041E+11   1.0041E+11   1.0041E+11   1.0041E+11   1.0041E+11   1.0041E+11   1.0043E+11   0.0000E+00   0.0000E+00
   7.6140E+05   8.0514E+10   8.0514E+10   8.0514E+10   8.0514E+10   8.0514E+10   8.0514E+10   8.0514E+10   8.0514E+10   8.0531E+10   0.0000E+00   0.0000E+00
   8.1635E+05   6.2024E+10   6.2024E+10   6.2024E+10   6.2024E+10   6.2024E+10   6.2024E+10   6.2024E+10   6.2024E+10   6.2037E+10   0.0000E+00   0.0000E+00
   8.7526E+05   4.8310E+10   4.8310E+10   4.8310E+10   4.8310E+10   4.8310E+10   4.8310E+10   4.8310E+10   4.8310E+10   4.8319E+10   0.0000E+00   0.0000E+00
   9.3842E+05   3.7194E+10   3.7194E+10   3.7194E+10   3.7194E+10   3.7194E+10   3.7194E+10   3.7194E+10   3.7194E+10   3.7201E+10   0.0000E+00   0.0000E+00
   1.0061E+06   2.6537E+10   2.6537E+10   2.6537E+10   2.6537E+10   2.6537E+10   2.6537E+10   2.6537E+10   2.6537E+10   2.6542E+10   0.0000E+00   0.0000E+00
   1.0788E+06   1.8730E+10   1.8730E+10   1.8730E+10   1.8730E+10   1.8730E+10   1.8730E+10   1.8730E+10   1.8730E+10   1.8734E+10   0.0000E+00   0.0000E+00
   1.1566E+06   1.3220E+10   1.3220E+10   1.3220E+10   1.3220E+10   1.3220E+10   1.3220E+10   1.3220E+10   1.3220E+10   1.3223E+10   0.0000E+00   0.0000E+00
   1.2401E+06   9.3306E+09   9.3306E+09   9.3306E+09   9.3306E+09   9.3306E+09   9.3306E+09   9.3306E+09   9.3306E+09   9.3325E+09   0.0000E+00   0.0000E+00
   1.3296E+06   6.5857E+09   6.5857E+09   6.5857E+09   6.5857E+09   6.5857E+09   6.5857E+09   6.5857E+09   6.5857E+09   6.5870E+09   0.0000E+00   0.0000E+00
   1.4255E+06   4.6482E+09   4.6482E+09   4.6482E+09   4.6482E+09   4.6482E+09   4.6482E+09   4.6482E+09   4.6482E+09   4.6492E+09   0.0000E+00   0.0000E+00
   1.5284E+06   3.2807E+09   3.2807E+09   3.2807E+09   3.2807E+09   3.2807E+09   3.2807E+09   3.2807E+09   3.2807E+09   3.2814E+09   0.0000E+00   0.0000E+00
   1.6387E+06   2.3156E+09   2.3156E+09   2.3156E+09   2.3156E+09   2.3156E+09   2.3156E+09   2.3156E+09   2.3156E+09   2.3160E+09   0.0000E+00   0.0000E+00
   1.7570E+06   1.6343E+09   1.6343E+09   1.6343E+09   1.6343E+09   1.6343E+09   1.6343E+09   1.6343E+09   1.6343E+09   1.6347E+09   0.0000E+00   0.0000E+00
   1.8838E+06   1.1535E+09   1.1535E+09   1.1535E+09   1.1535E+09   1.1535E+09   1.1535E+09   1.1535E+09   1.1535E+09   1.1538E+09   0.0000E+00   0.0000E+00
   2.0197E+06   8.1417E+08   8.1417E+08   8.1418E+08   8.1418E+08   8.1418E+08   8.1418E+08   8.1418E+08   8.1418E+08   8.1434E+08   0.0000E+00   0.0000E+00
   2.1655E+06   5.7465E+08   5.7465E+08   5.7465E+08   5.7465E+08   5.7465E+08   5.7465E+08   5.7465E+08   5.7465E+08   5.7477E+08   0.0000E+00   0.0000E+00
   2.3217E+06   4.0559E+08   4.0559E+08   4.0559E+08   4.0559E+08   4.0559E+08   4.0559E+08   4.0559E+08   4.0559E+08   4.0568E+08   0.0000E+00   0.0000E+00
   2.4893E+06   2.8627E+08   2.8627E+08   2.8627E+08   2.8627E+08   2.8627E+08   2.8627E+08   2.8627E+08   2.8627E+08   2.8633E+08   0.0000E+00   0.0000E+00
   2.6689E+06   2.0205E+08   2.0205E+08   2.0205E+08   2.0205E+08   2.0205E+08   2.0205E+08   2.0205E+08   2.0205E+08   2.0209E+08   0.0000E+00   0.0000E+00
   2.8616E+06   1.4261E+08   1.4261E+08   1.4261E+08   1.4261E+08   1.4261E+08   1.4261E+08   1.4261E+08   1.4261E+08   1.4264E+08   0.0000E+00   0.0000E+00
   3.0681E+06   1.0065E+08   1.0065E+08   1.0065E+08   1.0065E+08   1.0065E+08   1.0065E+08   1.0065E+08   1.0065E+08   1.0068E+08   0.0000E+00   0.0000E+00
   3.2895E+06   7.1043E+07   7.1043E+07   7.1043E+07   7.1043E+07   7.1043E+07   7.1043E+07   7.1043E+07   7.1043E+07   7.1058E+07   0.0000E+00   0.0000E+00
   3.5269E+06   5.0143E+07   5.0143E+07   5.0143E+07   5.0143E+07   5.0143E+07   5.0143E+07   5.0143E+07   5.0143E+07   5.0153E+07   0.0000E+00   0.0000E+00
   3.7814E+06   3.5391E+07   3.5391E+07   3.5391E+07   3.5391E+07   3.5391E+07   3.5391E+07   3.5391E+07   3.5391E+07   3.5398E+07   0.0000E+00   0.0000E+00
   4.0543E+06   2.4980E+07   2.4980E+07   2.4980E+07   2.4980E+07   2.4980E+07   2.4980E+07   2.4980E+07   2.4980E+07   2.4985E+07   0.0000E+00   0.0000E+00
   4.3469E+06   1.7631E+07   1.7631E+07   1.7631E+07   1.7631E+07   1.7631E+07   1.7631E+07   1.7631E+07   1.7631E+07   1.7634E+07   0.0000E+00   0.0000E+00
   4.6606E+06   1.2444E+07   1.2444E+07   1.2444E+07   1.2444E+07   1.2444E+07   1.2444E+07   1.2444E+07   1.2444E+07   1.2446E+07   0.0000E+00   0.0000E+00
   4.9969E+06   8.7831E+06   8.7831E+06   8.7831E+06   8.7831E+06   8.7831E+06   8.7831E+06   8.7831E+06   8.7831E+06   8.7848E+06   0.0000E+00   0.0000E+00
   5.3576E+06   6.1991E+06   6.1991E+06   6.1991E+06   6.1991E+06   6.1991E+06   6.1991E+06   6.1991E+06   6.1991E+06   6.2003E+06   0.0000E+00   0.0000E+00
   5.7442E+06   4.3754E+06   4.3754E+06   4.3754E+06   4.3754E+06   4.3754E+06   4.3754E+06   4.3754E+06   4.3754E+06   4.3763E+06   0.0000E+00   0.0000E+00
   6.1587E+06   3.0882E+06   3.0882E+06   3.0882E+06   3.0882E+06   3.0882E+06   3.0882E+06   3.0882E+06   3.0882E+06   3.0888E+06   0.0000E+00   0.0000E+00
   6.6032E+06   2.1797E+06   2.1797E+06   2.1797E+06   2.1797E+06   2.1797E+06   2.1797E+06   2.1797E+06   2.1797E+06   2.1801E+06   0.0000E+00   0.0000E+00
   7.0797E+06   1.5384E+06   1.5384E+06   1.5384E+06   1.5384E+06   1.5384E+06   1.5384E+06   1.5384E+06   1.5384E+06   1.5387E+06   0.0000E+00   0.0000E+00
   7.5907E+06   1.0858E+06   1.0858E+06   1.0858E+06   1.0858E+06   1.0858E+06   1.0858E+06   1.0858E+06   1.0858E+06   1.0861E+06   0.0000E+00   0.0000E+00
   8.1385E+06   7.6639E+05   7.6639E+05   7.6639E+05   7.6639E+05   7.6639E+05   7.6639E+05   7.6639E+05   7.6639E+05   7.6655E+05   0.0000E+00   0.0000E+00
   8.7258E+06   5.4093E+05   5.4093E+05   5.4093E+05   5.4093E+05   5.4093E+05   5.4093E+05   5.4093E+05   5.4093E+05   5.4104E+05   0.0000E+00   0.0000E+00
   9.3555E+06   3.8179E+05   3.8179E+05   3.8179E+05   3.8179E+05   3.8179E+05   3.8179E+05   3.8179E+05   3.8179E+05   3.8186E+05   0.0000E+00   0.0000E+00
   1.0031E+07   2.6947E+05   2.6947E+05   2.6947E+05   2.6947E+05   2.6947E+05   2.6947E+05   2.6947E+05   2.6947E+05   2.6953E+05   0.0000E+00   0.0000E+00
   1.0755E+07   1.9020E+05   1.9020E+05   1.9020E+05   1.9020E+05   1.9020E+05   1.9020E+05   1.9020E+05   1.9020E+05   1.9023E+05   0.0000E+00   0.0000E+00
   1.1531E+07   1.3424E+05   1.3424E+05   1.3424E+05   1.3424E+05   1.3424E+05   1.3424E+05   1.3424E+05   1.3424E+05   1.3427E+05   0.0000E+00   0.0000E+00
   1.2363E+07   9.4749E+04   9.4749E+04   9.4749E+04   9.4749E+04   9.4749E+04   9.4749E+04   9.4749E+04   9.4749E+04   9.4768E+04   0.0000E+00   0.0000E+00
   1.3255E+07   6.6874E+04   6.6874E+04   6.6874E+04   6.6874E+04   6.6874E+04   6.6874E+04   6.6874E+04   6.6874E+04   6.6888E+04   0.0000E+00   0.0000E+00
   1.4212E+07   4.7200E+04   4.7200E+04   4.7200E+04   4.7200E+04   4.7200E+04   4.7200E+04   4.7200E+04   4.7200E+04   4.7210E+04   0.0000E+00   0.0000E+00
   1.5237E+07   3.3315E+04   3.3315E+04   3.3315E+04   3.3315E+04   3.3315E+04   3.3315E+04   3.3315E+04   3.3315E+04   3.3321E+04   0.0000E+00   0.0000E+00
   1.6337E+07   2.3514E+04   2.3514E+04   2.3514E+04   2.3514E+04   2.3514E+04   2.3514E+04   2.3514E+04   2.3514E+04   2.3518E+04   0.0000E+00   0.0000E+00
   1.7516E+07   1.6596E+04   1.6596E+04   1.6596E+04   1.6596E+04   1.6596E+04   1.6596E+04   1.6596E+04   1.6596E+04   1.6600E+04   0.0000E+00   0.0000E+00
   1.8780E+07   1.1714E+04   1.1714E+04   1.1714E+04   1.1714E+04   1.1714E+04   1.1714E+04   1.1714E+04   1.1714E+04   1.1716E+04   0.0000E+00   0.0000E+00
   2.0135E+07   8.2676E+03   8.2676E+03   8.2676E+03   8.2676E+03   8.2676E+03   8.2676E+03   8.2676E+03   8.2676E+03   8.2693E+03   0.0000E+00   0.0000E+00
   2.1588E+07   5.8354E+03   5.8354E+03   5.8354E+03   5.8354E+03   5.8354E+03   5.8354E+03   5.8354E+03   5.8354E+03   5.8366E+03   0.0000E+00   0.0000E+00
   2.3146E+07   4.1187E+03   4.1187E+03   4.1187E+03   4.1187E+03   4.1187E+03   4.1187E+03   4.1187E+03   4.1187E+03   4.1195E+03   0.0000E+00   0.0000E+00
   2.4817E+07   2.9070E+03   2.9070E+03   2.9070E+03   2.9070E+03   2.9070E+03   2.9070E+03   2.9070E+03   2.9070E+03   2.9076E+03   0.0000E+00   0.0000E+00
   2.6608E+07   2.0518E+03   2.0518E+03   2.0518E+03   2.0518E+03   2.0518E+03   2.0518E+03   2.0518E+03   2.0518E+03   2.0522E+03   0.0000E+00   0.0000E+00
   2.8528E+07   1.4482E+03   1.4482E+03   1.4482E+03   1.4482E+03   1.4482E+03   1.4482E+03   1.4482E+03   1.4482E+03   1.4485E+03   0.0000E+00   0.0000E+00
   3.0587E+07   1.0221E+03   1.0221E+03   1.0221E+03   1.0221E+03   1.0221E+03   1.0221E+03   1.0221E+03   1.0221E+03   1.0223E+03   0.0000E+00   0.0000E+00
   3.2794E+07   7.2142E+02   7.2142E+02   7.2142E+02   7.2142E+02   7.2142E+02   7.2142E+02   7.2142E+02   7.2142E+02   7.2157E+02   0.0000E+00   0.0000E+00
   3.5161E+07   5.0919E+02   5.0919E+02   5.0919E+02   5.0919E+02   5.0919E+02   5.0919E+02   5.0919E+02   5.0919E+02   5.0930E+02   0.0000E+00   0.0000E+00
   3.7698E+07   3.5939E+02   3.5939E+02   3.5939E+02   3.5939E+02   3.5939E+02   3.5939E+02   3.5939E+02   3.5939E+02   3.5947E+02   0.0000E+00   0.0000E+00
   4.0419E+07   2.5366E+02   2.5366E+02   2.5366E+02   2.5366E+02   2.5366E+02   2.5366E+02   2.5366E+02   2.5366E+02   2.5372E+02   0.0000E+00   0.0000E+00
   4.3336E+07   1.7904E+02   1.7904E+02   1.7904E+02   1.7904E+02   1.7904E+02   1.7904E+02   1.7904E+02   1.7904E+02   1.7907E+02   0.0000E+00   0.0000E+00
   4.6463E+07   1.2637E+02   1.2637E+02   1.2637E+02   1.2637E+02   1.2637E+02   1.2637E+02   1.2637E+02   1.2637E+02   1.2639E+02   0.0000E+00   0.0000E+00
   4.9817E+07   8.9190E+01   8.9190E+01   8.9190E+01   8.9190E+01   8.9190E+01   8.9190E+01   8.9190E+01   8.9190E+01   8.9208E+01   0.0000E+00   0.0000E+00
   5.3412E+07   6.2952E+01   6.2952E+01   6.2952E+01   6.2952E+01   6.2952E+01   6.2952E+01   6.2952E+01   6.2952E+01   6.2965E+01   0.0000E+00   0.0000E+00
   5.7266E+07   4.4432E+01   4.4432E+01   4.4432E+01   4.4432E+01   4.4432E+01   4.4432E+01   4.4432E+01   4.4432E+01   4.4441E+01   0.0000E+00   0.0000E+00
   6.1399E+07   3.1361E+01   3.1361E+01   3.1361E+01   3.1361E+01   3.1361E+01   3.1361E+01   3.1361E+01   3.1361E+01   3.1367E+01   0.0000E+00   0.0000E+00
   6.5830E+07   2.2135E+01   2.2135E+01   2.2135E+01   2.2135E+01   2.2135E+01   2.2135E+01   2.2135E+01   2.2135E+01   2.2139E+01   0.0000E+00   0.0000E+00
   7.0581E+07   1.5623E+01   1.5623E+01   1.5623E+01   1.5623E+01   1.5623E+01   1.5623E+01   1.5623E+01   1.5623E+01   1.5626E+01   0.0000E+00   0.0000E+00
   7.5675E+07   1.1027E+01   1.1027E+01   1.1027E+01   1.1027E+01   1.1027E+01   1.1027E+01   1.1027E+01   1.1027E+01   1.1029E+01   0.0000E+00   0.0000E+00
   8.1136E+07   7.7829E+00   7.7829E+00   7.7829E+00   7.7829E+00   7.7829E+00   7.7829E+00   7.7829E+00   7.7829E+00   7.7845E+00   0.0000E+00   0.0000E+00
   8.6991E+07   5.4933E+00   5.4933E+00   5.4933E+00   5.4933E+00   5.4933E+00   5.4933E+00   5.4933E+00   5.4933E+00   5.4944E+00   0.0000E+00   0.0000E+00
   9.3269E+07   3.8772E+00   3.8772E+00   3.8772E+00   3.8772E+00   3.8772E+00   3.8772E+00   3.8772E+00   3.8772E+00   3.8780E+00   0.0000E+00   0.0000E+00
   1.0000E+08   2.7366E+00   2.7366E+00   2.7366E+00   2.7366E+00   2.7366E+00   2.7366E+00   2.7366E+00   2.7366E+00   2.7372E+00   0.0000E+00   0.0000E+00
