 (1): Wavelength (A) 
 (2): Intrinsic SED (1e30 erg/s/A)
 (3 - 9): SED at angles [   0.0000000      0.26183301      0.52366602      0.78549999       1.0473300       1.3091700       1.5710000     ] (1e30 erg/s/A)
 (10): Angle averaged SED (1e30 erg/s/A)
 (11): Molecular cloud emission (1e30 erg/s/A)
 (12): Cirrus emission (1e30 erg/s/A)
  
            1            2            3            4            5            6            7            8            9           10           11           12
   9.5000E+01   1.8264E+11   1.8264E+11   1.8264E+11   1.8264E+11   1.8264E+11   1.8264E+11   1.8264E+11   1.8264E+11   1.8268E+11   0.0000E+00   0.0000E+00
   1.0186E+02   2.2284E+11   2.2284E+11   2.2284E+11   2.2284E+11   2.2284E+11   2.2284E+11   2.2284E+11   2.2284E+11   2.2289E+11   0.0000E+00   0.0000E+00
   1.0921E+02   2.2564E+11   2.2564E+11   2.2564E+11   2.2564E+11   2.2564E+11   2.2564E+11   2.2564E+11   2.2564E+11   2.2569E+11   0.0000E+00   0.0000E+00
   1.1709E+02   2.2774E+11   2.2774E+11   2.2774E+11   2.2774E+11   2.2774E+11   2.2774E+11   2.2774E+11   2.2774E+11   2.2778E+11   0.0000E+00   0.0000E+00
   1.2554E+02   2.3723E+11   2.3723E+11   2.3723E+11   2.3723E+11   2.3723E+11   2.3723E+11   2.3723E+11   2.3723E+11   2.3728E+11   0.0000E+00   0.0000E+00
   1.3460E+02   2.3814E+11   2.3814E+11   2.3814E+11   2.3814E+11   2.3814E+11   2.3814E+11   2.3814E+11   2.3814E+11   2.3819E+11   0.0000E+00   0.0000E+00
   1.4431E+02   2.4655E+11   2.4655E+11   2.4655E+11   2.4655E+11   2.4655E+11   2.4655E+11   2.4655E+11   2.4655E+11   2.4660E+11   0.0000E+00   0.0000E+00
   1.5473E+02   2.5286E+11   2.5286E+11   2.5286E+11   2.5286E+11   2.5286E+11   2.5286E+11   2.5286E+11   2.5286E+11   2.5291E+11   0.0000E+00   0.0000E+00
   1.6589E+02   2.5556E+11   2.5556E+11   2.5556E+11   2.5556E+11   2.5556E+11   2.5556E+11   2.5556E+11   2.5556E+11   2.5561E+11   0.0000E+00   0.0000E+00
   1.7786E+02   2.5644E+11   2.5644E+11   2.5644E+11   2.5644E+11   2.5644E+11   2.5644E+11   2.5644E+11   2.5644E+11   2.5649E+11   0.0000E+00   0.0000E+00
   1.9070E+02   2.5714E+11   2.5714E+11   2.5714E+11   2.5714E+11   2.5714E+11   2.5714E+11   2.5714E+11   2.5714E+11   2.5719E+11   0.0000E+00   0.0000E+00
   2.0446E+02   2.6072E+11   2.6072E+11   2.6072E+11   2.6072E+11   2.6072E+11   2.6072E+11   2.6072E+11   2.6072E+11   2.6077E+11   0.0000E+00   0.0000E+00
   2.1922E+02   2.6310E+11   2.6310E+11   2.6310E+11   2.6310E+11   2.6310E+11   2.6310E+11   2.6310E+11   2.6310E+11   2.6316E+11   0.0000E+00   0.0000E+00
   2.3504E+02   4.6498E+11   4.6498E+11   4.6498E+11   4.6498E+11   4.6498E+11   4.6498E+11   4.6498E+11   4.6498E+11   4.6507E+11   0.0000E+00   0.0000E+00
   2.5200E+02   8.1964E+11   8.1964E+11   8.1964E+11   8.1964E+11   8.1964E+11   8.1964E+11   8.1964E+11   8.1964E+11   8.1981E+11   0.0000E+00   0.0000E+00
   2.7019E+02   1.1095E+12   1.1095E+12   1.1095E+12   1.1095E+12   1.1095E+12   1.1095E+12   1.1095E+12   1.1095E+12   1.1097E+12   0.0000E+00   0.0000E+00
   2.8969E+02   1.1363E+12   1.1363E+12   1.1363E+12   1.1363E+12   1.1363E+12   1.1363E+12   1.1363E+12   1.1363E+12   1.1365E+12   0.0000E+00   0.0000E+00
   3.1059E+02   9.3083E+11   9.3083E+11   9.3083E+11   9.3083E+11   9.3083E+11   9.3083E+11   9.3083E+11   9.3083E+11   9.3102E+11   0.0000E+00   0.0000E+00
   3.3301E+02   1.1124E+12   1.1124E+12   1.1124E+12   1.1124E+12   1.1124E+12   1.1124E+12   1.1124E+12   1.1124E+12   1.1126E+12   0.0000E+00   0.0000E+00
   3.5704E+02   1.1779E+12   1.1779E+12   1.1779E+12   1.1779E+12   1.1779E+12   1.1779E+12   1.1779E+12   1.1779E+12   1.1781E+12   0.0000E+00   0.0000E+00
   3.8280E+02   1.2459E+12   1.2459E+12   1.2459E+12   1.2459E+12   1.2459E+12   1.2459E+12   1.2459E+12   1.2459E+12   1.2462E+12   0.0000E+00   0.0000E+00
   4.1043E+02   1.5934E+12   1.5934E+12   1.5934E+12   1.5934E+12   1.5934E+12   1.5934E+12   1.5934E+12   1.5934E+12   1.5938E+12   0.0000E+00   0.0000E+00
   4.4005E+02   1.5291E+12   1.5291E+12   1.5291E+12   1.5291E+12   1.5291E+12   1.5291E+12   1.5291E+12   1.5291E+12   1.5294E+12   0.0000E+00   0.0000E+00
   4.7181E+02   1.4217E+12   1.4217E+12   1.4217E+12   1.4217E+12   1.4217E+12   1.4217E+12   1.4217E+12   1.4217E+12   1.4220E+12   0.0000E+00   0.0000E+00
   5.0586E+02   1.3809E+12   1.3809E+12   1.3809E+12   1.3809E+12   1.3809E+12   1.3809E+12   1.3809E+12   1.3809E+12   1.3811E+12   0.0000E+00   0.0000E+00
   5.4236E+02   1.4337E+12   1.4337E+12   1.4337E+12   1.4337E+12   1.4337E+12   1.4337E+12   1.4337E+12   1.4337E+12   1.4340E+12   0.0000E+00   0.0000E+00
   5.8151E+02   1.6401E+12   1.6401E+12   1.6401E+12   1.6401E+12   1.6401E+12   1.6401E+12   1.6401E+12   1.6401E+12   1.6404E+12   0.0000E+00   0.0000E+00
   6.2347E+02   1.5534E+12   1.5534E+12   1.5534E+12   1.5534E+12   1.5534E+12   1.5534E+12   1.5534E+12   1.5534E+12   1.5538E+12   0.0000E+00   0.0000E+00
   6.6847E+02   1.5115E+12   1.5115E+12   1.5115E+12   1.5115E+12   1.5115E+12   1.5115E+12   1.5115E+12   1.5115E+12   1.5118E+12   0.0000E+00   0.0000E+00
   7.1671E+02   1.4434E+12   1.4434E+12   1.4434E+12   1.4434E+12   1.4434E+12   1.4434E+12   1.4434E+12   1.4434E+12   1.4437E+12   0.0000E+00   0.0000E+00
   7.6843E+02   1.2499E+12   1.2499E+12   1.2499E+12   1.2499E+12   1.2499E+12   1.2499E+12   1.2499E+12   1.2499E+12   1.2502E+12   0.0000E+00   0.0000E+00
   8.2389E+02   1.2425E+12   1.2425E+12   1.2425E+12   1.2425E+12   1.2425E+12   1.2425E+12   1.2425E+12   1.2425E+12   1.2428E+12   0.0000E+00   0.0000E+00
   8.8334E+02   1.1535E+12   1.1535E+12   1.1535E+12   1.1535E+12   1.1535E+12   1.1535E+12   1.1535E+12   1.1535E+12   1.1538E+12   0.0000E+00   0.0000E+00
   9.4709E+02   3.8175E+12   3.8175E+12   3.8175E+12   3.8175E+12   3.8175E+12   3.8175E+12   3.8175E+12   3.8175E+12   3.8183E+12   0.0000E+00   0.0000E+00
   1.0154E+03   4.2565E+12   4.2565E+12   4.2565E+12   4.2565E+12   4.2565E+12   4.2565E+12   4.2565E+12   4.2565E+12   4.2574E+12   0.0000E+00   0.0000E+00
   1.0887E+03   4.1501E+12   4.1501E+12   4.1501E+12   4.1501E+12   4.1501E+12   4.1501E+12   4.1501E+12   4.1501E+12   4.1510E+12   0.0000E+00   0.0000E+00
   1.1673E+03   3.6682E+12   3.6682E+12   3.6682E+12   3.6682E+12   3.6682E+12   3.6682E+12   3.6682E+12   3.6682E+12   3.6690E+12   0.0000E+00   0.0000E+00
   1.2515E+03   3.3892E+12   3.3892E+12   3.3892E+12   3.3892E+12   3.3892E+12   3.3892E+12   3.3892E+12   3.3892E+12   3.3899E+12   0.0000E+00   0.0000E+00
   1.3419E+03   3.1846E+12   3.1846E+12   3.1846E+12   3.1846E+12   3.1846E+12   3.1846E+12   3.1846E+12   3.1846E+12   3.1852E+12   0.0000E+00   0.0000E+00
   1.4387E+03   2.7135E+12   2.7135E+12   2.7135E+12   2.7135E+12   2.7135E+12   2.7135E+12   2.7135E+12   2.7135E+12   2.7141E+12   0.0000E+00   0.0000E+00
   1.5425E+03   2.0179E+12   2.0179E+12   2.0179E+12   2.0179E+12   2.0179E+12   2.0179E+12   2.0179E+12   2.0179E+12   2.0183E+12   0.0000E+00   0.0000E+00
   1.6538E+03   1.9124E+12   1.9124E+12   1.9124E+12   1.9124E+12   1.9124E+12   1.9124E+12   1.9124E+12   1.9124E+12   1.9127E+12   0.0000E+00   0.0000E+00
   1.7732E+03   1.7021E+12   1.7021E+12   1.7021E+12   1.7021E+12   1.7021E+12   1.7021E+12   1.7021E+12   1.7021E+12   1.7025E+12   0.0000E+00   0.0000E+00
   1.9012E+03   1.4414E+12   1.4414E+12   1.4414E+12   1.4414E+12   1.4414E+12   1.4414E+12   1.4414E+12   1.4414E+12   1.4417E+12   0.0000E+00   0.0000E+00
   2.0384E+03   1.2800E+12   1.2800E+12   1.2800E+12   1.2800E+12   1.2800E+12   1.2800E+12   1.2800E+12   1.2800E+12   1.2803E+12   0.0000E+00   0.0000E+00
   2.1855E+03   1.1145E+12   1.1145E+12   1.1145E+12   1.1145E+12   1.1145E+12   1.1145E+12   1.1145E+12   1.1145E+12   1.1147E+12   0.0000E+00   0.0000E+00
   2.3432E+03   8.9979E+11   8.9979E+11   8.9979E+11   8.9979E+11   8.9979E+11   8.9979E+11   8.9979E+11   8.9979E+11   8.9997E+11   0.0000E+00   0.0000E+00
   2.5123E+03   7.7787E+11   7.7787E+11   7.7787E+11   7.7787E+11   7.7787E+11   7.7787E+11   7.7787E+11   7.7787E+11   7.7803E+11   0.0000E+00   0.0000E+00
   2.6936E+03   7.3254E+11   7.3254E+11   7.3254E+11   7.3254E+11   7.3254E+11   7.3254E+11   7.3254E+11   7.3254E+11   7.3269E+11   0.0000E+00   0.0000E+00
   2.8880E+03   6.5990E+11   6.5990E+11   6.5990E+11   6.5990E+11   6.5990E+11   6.5990E+11   6.5990E+11   6.5990E+11   6.6003E+11   0.0000E+00   0.0000E+00
   3.0964E+03   6.1313E+11   6.1313E+11   6.1313E+11   6.1313E+11   6.1313E+11   6.1313E+11   6.1313E+11   6.1313E+11   6.1326E+11   0.0000E+00   0.0000E+00
   3.3199E+03   5.5499E+11   5.5499E+11   5.5499E+11   5.5499E+11   5.5499E+11   5.5499E+11   5.5499E+11   5.5499E+11   5.5511E+11   0.0000E+00   0.0000E+00
   3.5595E+03   5.1590E+11   5.1590E+11   5.1590E+11   5.1590E+11   5.1590E+11   5.1590E+11   5.1590E+11   5.1590E+11   5.1600E+11   0.0000E+00   0.0000E+00
   3.8163E+03   6.9278E+11   6.9278E+11   6.9278E+11   6.9278E+11   6.9278E+11   6.9278E+11   6.9278E+11   6.9278E+11   6.9292E+11   0.0000E+00   0.0000E+00
   4.0918E+03   6.8322E+11   6.8322E+11   6.8322E+11   6.8322E+11   6.8322E+11   6.8322E+11   6.8322E+11   6.8322E+11   6.8336E+11   0.0000E+00   0.0000E+00
   4.3870E+03   6.6501E+11   6.6501E+11   6.6501E+11   6.6501E+11   6.6501E+11   6.6501E+11   6.6501E+11   6.6501E+11   6.6514E+11   0.0000E+00   0.0000E+00
   4.7036E+03   6.2237E+11   6.2237E+11   6.2237E+11   6.2237E+11   6.2237E+11   6.2237E+11   6.2237E+11   6.2237E+11   6.2250E+11   0.0000E+00   0.0000E+00
   5.0431E+03   5.5088E+11   5.5088E+11   5.5088E+11   5.5088E+11   5.5088E+11   5.5088E+11   5.5088E+11   5.5088E+11   5.5099E+11   0.0000E+00   0.0000E+00
   5.4070E+03   4.9220E+11   4.9220E+11   4.9220E+11   4.9220E+11   4.9220E+11   4.9220E+11   4.9220E+11   4.9220E+11   4.9230E+11   0.0000E+00   0.0000E+00
   5.7973E+03   4.7337E+11   4.7337E+11   4.7337E+11   4.7337E+11   4.7337E+11   4.7337E+11   4.7337E+11   4.7337E+11   4.7347E+11   0.0000E+00   0.0000E+00
   6.2156E+03   4.1673E+11   4.1673E+11   4.1673E+11   4.1673E+11   4.1673E+11   4.1673E+11   4.1673E+11   4.1673E+11   4.1682E+11   0.0000E+00   0.0000E+00
   6.6642E+03   3.7525E+11   3.7525E+11   3.7525E+11   3.7525E+11   3.7525E+11   3.7525E+11   3.7525E+11   3.7525E+11   3.7532E+11   0.0000E+00   0.0000E+00
   7.1451E+03   3.3483E+11   3.3483E+11   3.3483E+11   3.3483E+11   3.3483E+11   3.3483E+11   3.3483E+11   3.3483E+11   3.3490E+11   0.0000E+00   0.0000E+00
   7.6608E+03   3.0561E+11   3.0561E+11   3.0561E+11   3.0561E+11   3.0561E+11   3.0561E+11   3.0561E+11   3.0561E+11   3.0568E+11   0.0000E+00   0.0000E+00
   8.2136E+03   2.7639E+11   2.7639E+11   2.7639E+11   2.7639E+11   2.7639E+11   2.7639E+11   2.7639E+11   2.7639E+11   2.7645E+11   0.0000E+00   0.0000E+00
   8.8064E+03   2.3027E+11   2.3027E+11   2.3027E+11   2.3027E+11   2.3027E+11   2.3027E+11   2.3027E+11   2.3027E+11   2.3032E+11   0.0000E+00   0.0000E+00
   9.4420E+03   2.2130E+11   2.2130E+11   2.2130E+11   2.2130E+11   2.2130E+11   2.2130E+11   2.2130E+11   2.2130E+11   2.2135E+11   0.0000E+00   0.0000E+00
   1.0123E+04   1.9797E+11   1.9797E+11   1.9797E+11   1.9797E+11   1.9797E+11   1.9797E+11   1.9797E+11   1.9797E+11   1.9801E+11   0.0000E+00   0.0000E+00
   1.0854E+04   1.7066E+11   1.7066E+11   1.7066E+11   1.7066E+11   1.7066E+11   1.7066E+11   1.7066E+11   1.7066E+11   1.7069E+11   0.0000E+00   0.0000E+00
   1.1637E+04   1.5121E+11   1.5121E+11   1.5121E+11   1.5121E+11   1.5121E+11   1.5121E+11   1.5121E+11   1.5121E+11   1.5124E+11   0.0000E+00   0.0000E+00
   1.2477E+04   1.2663E+11   1.2663E+11   1.2663E+11   1.2663E+11   1.2663E+11   1.2663E+11   1.2663E+11   1.2663E+11   1.2666E+11   0.0000E+00   0.0000E+00
   1.3377E+04   1.1313E+11   1.1313E+11   1.1313E+11   1.1313E+11   1.1313E+11   1.1313E+11   1.1313E+11   1.1313E+11   1.1316E+11   0.0000E+00   0.0000E+00
   1.4343E+04   1.0104E+11   1.0104E+11   1.0104E+11   1.0104E+11   1.0104E+11   1.0104E+11   1.0104E+11   1.0104E+11   1.0106E+11   0.0000E+00   0.0000E+00
   1.5378E+04   8.9025E+10   8.9025E+10   8.9025E+10   8.9025E+10   8.9025E+10   8.9025E+10   8.9025E+10   8.9025E+10   8.9043E+10   0.0000E+00   0.0000E+00
   1.6488E+04   8.2949E+10   8.2949E+10   8.2949E+10   8.2949E+10   8.2949E+10   8.2949E+10   8.2949E+10   8.2949E+10   8.2966E+10   0.0000E+00   0.0000E+00
   1.7678E+04   7.1686E+10   7.1686E+10   7.1686E+10   7.1686E+10   7.1686E+10   7.1686E+10   7.1686E+10   7.1686E+10   7.1701E+10   0.0000E+00   0.0000E+00
   1.8953E+04   5.5823E+10   5.5823E+10   5.5823E+10   5.5823E+10   5.5823E+10   5.5823E+10   5.5823E+10   5.5823E+10   5.5834E+10   0.0000E+00   0.0000E+00
   2.0321E+04   4.8118E+10   4.8118E+10   4.8118E+10   4.8118E+10   4.8118E+10   4.8118E+10   4.8118E+10   4.8118E+10   4.8127E+10   0.0000E+00   0.0000E+00
   2.1788E+04   3.7987E+10   3.7987E+10   3.7987E+10   3.7987E+10   3.7987E+10   3.7987E+10   3.7987E+10   3.7987E+10   3.7995E+10   0.0000E+00   0.0000E+00
   2.3360E+04   3.2945E+10   3.2945E+10   3.2945E+10   3.2945E+10   3.2945E+10   3.2945E+10   3.2945E+10   3.2945E+10   3.2952E+10   0.0000E+00   0.0000E+00
   2.5046E+04   2.1018E+10   2.1018E+10   2.1018E+10   2.1018E+10   2.1018E+10   2.1018E+10   2.1018E+10   2.1018E+10   2.1022E+10   0.0000E+00   0.0000E+00
   2.6854E+04   1.9369E+10   1.9369E+10   1.9369E+10   1.9369E+10   1.9369E+10   1.9369E+10   1.9369E+10   1.9369E+10   1.9373E+10   0.0000E+00   0.0000E+00
   2.8792E+04   1.7412E+10   1.7412E+10   1.7412E+10   1.7412E+10   1.7412E+10   1.7412E+10   1.7412E+10   1.7412E+10   1.7416E+10   0.0000E+00   0.0000E+00
   3.0869E+04   1.2520E+10   1.2520E+10   1.2520E+10   1.2520E+10   1.2520E+10   1.2520E+10   1.2520E+10   1.2520E+10   1.2523E+10   0.0000E+00   0.0000E+00
   3.3097E+04   1.0827E+10   1.0827E+10   1.0827E+10   1.0827E+10   1.0827E+10   1.0827E+10   1.0827E+10   1.0827E+10   1.0829E+10   0.0000E+00   0.0000E+00
   3.5486E+04   9.8710E+09   9.8710E+09   9.8710E+09   9.8710E+09   9.8710E+09   9.8710E+09   9.8710E+09   9.8710E+09   9.8730E+09   0.0000E+00   0.0000E+00
   3.8047E+04   7.6059E+09   7.6059E+09   7.6059E+09   7.6059E+09   7.6059E+09   7.6059E+09   7.6059E+09   7.6059E+09   7.6074E+09   0.0000E+00   0.0000E+00
   4.0792E+04   6.7763E+09   6.7763E+09   6.7763E+09   6.7763E+09   6.7763E+09   6.7763E+09   6.7763E+09   6.7763E+09   6.7777E+09   0.0000E+00   0.0000E+00
   4.3736E+04   5.6257E+09   5.6257E+09   5.6257E+09   5.6257E+09   5.6257E+09   5.6257E+09   5.6257E+09   5.6257E+09   5.6269E+09   0.0000E+00   0.0000E+00
   4.6893E+04   4.5973E+09   4.5973E+09   4.5973E+09   4.5973E+09   4.5973E+09   4.5973E+09   4.5973E+09   4.5973E+09   4.5982E+09   0.0000E+00   0.0000E+00
   5.0277E+04   3.9826E+09   3.9826E+09   3.9826E+09   3.9826E+09   3.9826E+09   3.9826E+09   3.9826E+09   3.9826E+09   3.9834E+09   0.0000E+00   0.0000E+00
   5.3905E+04   3.4919E+09   3.4919E+09   3.4919E+09   3.4919E+09   3.4919E+09   3.4919E+09   3.4919E+09   3.4919E+09   3.4926E+09   0.0000E+00   0.0000E+00
   5.7795E+04   3.0993E+09   3.0993E+09   3.0993E+09   3.0993E+09   3.0993E+09   3.0993E+09   3.0993E+09   3.0993E+09   3.0999E+09   0.0000E+00   0.0000E+00
   6.1966E+04   2.7349E+09   2.7349E+09   2.7349E+09   2.7349E+09   2.7349E+09   2.7349E+09   2.7349E+09   2.7349E+09   2.7354E+09   0.0000E+00   0.0000E+00
   6.6438E+04   2.4012E+09   2.4012E+09   2.4012E+09   2.4012E+09   2.4012E+09   2.4012E+09   2.4012E+09   2.4012E+09   2.4017E+09   0.0000E+00   0.0000E+00
   7.1233E+04   2.1353E+09   2.1353E+09   2.1353E+09   2.1353E+09   2.1353E+09   2.1353E+09   2.1353E+09   2.1353E+09   2.1358E+09   0.0000E+00   0.0000E+00
   7.6374E+04   1.9088E+09   1.9088E+09   1.9088E+09   1.9088E+09   1.9088E+09   1.9088E+09   1.9088E+09   1.9088E+09   1.9092E+09   0.0000E+00   0.0000E+00
   8.1885E+04   1.7024E+09   1.7024E+09   1.7024E+09   1.7024E+09   1.7024E+09   1.7024E+09   1.7024E+09   1.7024E+09   1.7028E+09   0.0000E+00   0.0000E+00
   8.7795E+04   1.5483E+09   1.5483E+09   1.5483E+09   1.5483E+09   1.5483E+09   1.5483E+09   1.5483E+09   1.5483E+09   1.5486E+09   0.0000E+00   0.0000E+00
   9.4131E+04   1.3875E+09   1.3875E+09   1.3875E+09   1.3875E+09   1.3875E+09   1.3875E+09   1.3875E+09   1.3875E+09   1.3877E+09   0.0000E+00   0.0000E+00
   1.0092E+05   1.2540E+09   1.2540E+09   1.2540E+09   1.2540E+09   1.2540E+09   1.2540E+09   1.2540E+09   1.2540E+09   1.2542E+09   0.0000E+00   0.0000E+00
   1.0821E+05   1.1239E+09   1.1239E+09   1.1239E+09   1.1239E+09   1.1239E+09   1.1239E+09   1.1239E+09   1.1239E+09   1.1241E+09   0.0000E+00   0.0000E+00
   1.1602E+05   1.0048E+09   1.0048E+09   1.0048E+09   1.0048E+09   1.0048E+09   1.0048E+09   1.0048E+09   1.0048E+09   1.0050E+09   0.0000E+00   0.0000E+00
   1.2439E+05   9.0394E+08   9.0394E+08   9.0394E+08   9.0394E+08   9.0394E+08   9.0394E+08   9.0394E+08   9.0394E+08   9.0412E+08   0.0000E+00   0.0000E+00
   1.3337E+05   8.2243E+08   8.2243E+08   8.2243E+08   8.2243E+08   8.2243E+08   8.2243E+08   8.2243E+08   8.2243E+08   8.2260E+08   0.0000E+00   0.0000E+00
   1.4299E+05   7.4881E+08   7.4881E+08   7.4881E+08   7.4881E+08   7.4881E+08   7.4881E+08   7.4881E+08   7.4881E+08   7.4896E+08   0.0000E+00   0.0000E+00
   1.5331E+05   6.7081E+08   6.7081E+08   6.7081E+08   6.7081E+08   6.7081E+08   6.7081E+08   6.7081E+08   6.7081E+08   6.7095E+08   0.0000E+00   0.0000E+00
   1.6437E+05   6.1338E+08   6.1338E+08   6.1338E+08   6.1338E+08   6.1338E+08   6.1338E+08   6.1338E+08   6.1338E+08   6.1350E+08   0.0000E+00   0.0000E+00
   1.7624E+05   5.5067E+08   5.5067E+08   5.5066E+08   5.5066E+08   5.5066E+08   5.5066E+08   5.5066E+08   5.5067E+08   5.5078E+08   0.0000E+00   0.0000E+00
   1.8895E+05   4.9412E+08   4.9412E+08   4.9412E+08   4.9412E+08   4.9412E+08   4.9412E+08   4.9412E+08   4.9412E+08   4.9422E+08   0.0000E+00   0.0000E+00
   2.0259E+05   4.4857E+08   4.4857E+08   4.4857E+08   4.4857E+08   4.4857E+08   4.4857E+08   4.4857E+08   4.4857E+08   4.4866E+08   0.0000E+00   0.0000E+00
   2.1721E+05   4.0807E+08   4.0807E+08   4.0807E+08   4.0807E+08   4.0807E+08   4.0807E+08   4.0807E+08   4.0807E+08   4.0815E+08   0.0000E+00   0.0000E+00
   2.3289E+05   3.6694E+08   3.6694E+08   3.6694E+08   3.6694E+08   3.6694E+08   3.6694E+08   3.6694E+08   3.6694E+08   3.6702E+08   0.0000E+00   0.0000E+00
   2.4969E+05   3.2260E+08   3.2260E+08   3.2260E+08   3.2260E+08   3.2260E+08   3.2260E+08   3.2260E+08   3.2260E+08   3.2266E+08   0.0000E+00   0.0000E+00
   2.6771E+05   2.9022E+08   2.9022E+08   2.9022E+08   2.9022E+08   2.9022E+08   2.9022E+08   2.9022E+08   2.9022E+08   2.9028E+08   0.0000E+00   0.0000E+00
   2.8703E+05   2.6089E+08   2.6089E+08   2.6089E+08   2.6089E+08   2.6089E+08   2.6089E+08   2.6089E+08   2.6089E+08   2.6095E+08   0.0000E+00   0.0000E+00
   3.0775E+05   2.2969E+08   2.2969E+08   2.2969E+08   2.2969E+08   2.2969E+08   2.2969E+08   2.2969E+08   2.2969E+08   2.2974E+08   0.0000E+00   0.0000E+00
   3.2996E+05   2.0174E+08   2.0174E+08   2.0174E+08   2.0174E+08   2.0174E+08   2.0174E+08   2.0174E+08   2.0174E+08   2.0178E+08   0.0000E+00   0.0000E+00
   3.5377E+05   1.7540E+08   1.7540E+08   1.7540E+08   1.7540E+08   1.7540E+08   1.7540E+08   1.7540E+08   1.7540E+08   1.7544E+08   0.0000E+00   0.0000E+00
   3.7930E+05   1.5605E+08   1.5605E+08   1.5605E+08   1.5605E+08   1.5605E+08   1.5605E+08   1.5605E+08   1.5605E+08   1.5609E+08   0.0000E+00   0.0000E+00
   4.0667E+05   1.3570E+08   1.3570E+08   1.3570E+08   1.3570E+08   1.3570E+08   1.3570E+08   1.3570E+08   1.3570E+08   1.3573E+08   0.0000E+00   0.0000E+00
   4.3602E+05   1.1768E+08   1.1768E+08   1.1768E+08   1.1768E+08   1.1768E+08   1.1768E+08   1.1768E+08   1.1768E+08   1.1770E+08   0.0000E+00   0.0000E+00
   4.6749E+05   1.0029E+08   1.0029E+08   1.0029E+08   1.0029E+08   1.0029E+08   1.0029E+08   1.0029E+08   1.0029E+08   1.0031E+08   0.0000E+00   0.0000E+00
   5.0123E+05   8.6927E+07   8.6927E+07   8.6927E+07   8.6927E+07   8.6927E+07   8.6927E+07   8.6927E+07   8.6927E+07   8.6945E+07   0.0000E+00   0.0000E+00
   5.3740E+05   7.3016E+07   7.3016E+07   7.3016E+07   7.3016E+07   7.3016E+07   7.3016E+07   7.3016E+07   7.3016E+07   7.3031E+07   0.0000E+00   0.0000E+00
   5.7618E+05   6.1333E+07   6.1333E+07   6.1333E+07   6.1333E+07   6.1333E+07   6.1333E+07   6.1333E+07   6.1333E+07   6.1345E+07   0.0000E+00   0.0000E+00
   6.1776E+05   5.1520E+07   5.1520E+07   5.1520E+07   5.1520E+07   5.1520E+07   5.1520E+07   5.1520E+07   5.1520E+07   5.1530E+07   0.0000E+00   0.0000E+00
   6.6235E+05   4.2100E+07   4.2100E+07   4.2100E+07   4.2100E+07   4.2100E+07   4.2100E+07   4.2100E+07   4.2100E+07   4.2108E+07   0.0000E+00   0.0000E+00
   7.1015E+05   3.3600E+07   3.3600E+07   3.3600E+07   3.3600E+07   3.3600E+07   3.3600E+07   3.3600E+07   3.3600E+07   3.3607E+07   0.0000E+00   0.0000E+00
   7.6140E+05   2.6940E+07   2.6940E+07   2.6940E+07   2.6940E+07   2.6940E+07   2.6940E+07   2.6940E+07   2.6940E+07   2.6945E+07   0.0000E+00   0.0000E+00
   8.1635E+05   2.0753E+07   2.0753E+07   2.0753E+07   2.0753E+07   2.0753E+07   2.0753E+07   2.0753E+07   2.0753E+07   2.0757E+07   0.0000E+00   0.0000E+00
   8.7526E+05   1.6163E+07   1.6163E+07   1.6163E+07   1.6163E+07   1.6163E+07   1.6163E+07   1.6163E+07   1.6163E+07   1.6167E+07   0.0000E+00   0.0000E+00
   9.3842E+05   1.2444E+07   1.2444E+07   1.2444E+07   1.2444E+07   1.2444E+07   1.2444E+07   1.2444E+07   1.2444E+07   1.2446E+07   0.0000E+00   0.0000E+00
   1.0061E+06   8.8790E+06   8.8790E+06   8.8790E+06   8.8790E+06   8.8790E+06   8.8790E+06   8.8790E+06   8.8790E+06   8.8809E+06   0.0000E+00   0.0000E+00
   1.0788E+06   6.2674E+06   6.2674E+06   6.2674E+06   6.2674E+06   6.2674E+06   6.2674E+06   6.2674E+06   6.2674E+06   6.2687E+06   0.0000E+00   0.0000E+00
   1.1566E+06   4.4240E+06   4.4240E+06   4.4240E+06   4.4240E+06   4.4240E+06   4.4240E+06   4.4240E+06   4.4240E+06   4.4249E+06   0.0000E+00   0.0000E+00
   1.2401E+06   3.1227E+06   3.1227E+06   3.1227E+06   3.1227E+06   3.1227E+06   3.1227E+06   3.1227E+06   3.1227E+06   3.1234E+06   0.0000E+00   0.0000E+00
   1.3296E+06   2.2043E+06   2.2043E+06   2.2043E+06   2.2043E+06   2.2043E+06   2.2043E+06   2.2043E+06   2.2043E+06   2.2047E+06   0.0000E+00   0.0000E+00
   1.4255E+06   1.5560E+06   1.5560E+06   1.5560E+06   1.5560E+06   1.5560E+06   1.5560E+06   1.5560E+06   1.5560E+06   1.5563E+06   0.0000E+00   0.0000E+00
   1.5284E+06   1.0983E+06   1.0983E+06   1.0983E+06   1.0983E+06   1.0983E+06   1.0983E+06   1.0983E+06   1.0983E+06   1.0985E+06   0.0000E+00   0.0000E+00
   1.6387E+06   7.7529E+05   7.7529E+05   7.7529E+05   7.7529E+05   7.7529E+05   7.7529E+05   7.7529E+05   7.7529E+05   7.7545E+05   0.0000E+00   0.0000E+00
   1.7570E+06   5.4727E+05   5.4727E+05   5.4727E+05   5.4727E+05   5.4727E+05   5.4727E+05   5.4727E+05   5.4727E+05   5.4739E+05   0.0000E+00   0.0000E+00
   1.8838E+06   3.8632E+05   3.8632E+05   3.8632E+05   3.8632E+05   3.8632E+05   3.8632E+05   3.8632E+05   3.8632E+05   3.8640E+05   0.0000E+00   0.0000E+00
   2.0197E+06   2.7271E+05   2.7271E+05   2.7271E+05   2.7271E+05   2.7271E+05   2.7271E+05   2.7271E+05   2.7271E+05   2.7277E+05   0.0000E+00   0.0000E+00
   2.1655E+06   1.9251E+05   1.9251E+05   1.9251E+05   1.9251E+05   1.9251E+05   1.9251E+05   1.9251E+05   1.9251E+05   1.9255E+05   0.0000E+00   0.0000E+00
   2.3217E+06   1.3590E+05   1.3590E+05   1.3590E+05   1.3590E+05   1.3590E+05   1.3590E+05   1.3590E+05   1.3590E+05   1.3593E+05   0.0000E+00   0.0000E+00
   2.4893E+06   9.5934E+04   9.5934E+04   9.5934E+04   9.5934E+04   9.5934E+04   9.5934E+04   9.5934E+04   9.5934E+04   9.5954E+04   0.0000E+00   0.0000E+00
   2.6689E+06   6.7724E+04   6.7724E+04   6.7724E+04   6.7724E+04   6.7724E+04   6.7724E+04   6.7724E+04   6.7724E+04   6.7738E+04   0.0000E+00   0.0000E+00
   2.8616E+06   4.7809E+04   4.7809E+04   4.7809E+04   4.7809E+04   4.7809E+04   4.7809E+04   4.7809E+04   4.7809E+04   4.7819E+04   0.0000E+00   0.0000E+00
   3.0681E+06   3.3752E+04   3.3752E+04   3.3752E+04   3.3752E+04   3.3752E+04   3.3752E+04   3.3752E+04   3.3752E+04   3.3758E+04   0.0000E+00   0.0000E+00
   3.2895E+06   2.3828E+04   2.3828E+04   2.3828E+04   2.3828E+04   2.3828E+04   2.3828E+04   2.3828E+04   2.3828E+04   2.3833E+04   0.0000E+00   0.0000E+00
   3.5269E+06   1.6822E+04   1.6822E+04   1.6822E+04   1.6822E+04   1.6822E+04   1.6822E+04   1.6822E+04   1.6822E+04   1.6825E+04   0.0000E+00   0.0000E+00
   3.7814E+06   1.1876E+04   1.1876E+04   1.1876E+04   1.1876E+04   1.1876E+04   1.1876E+04   1.1876E+04   1.1876E+04   1.1879E+04   0.0000E+00   0.0000E+00
   4.0543E+06   8.3848E+03   8.3848E+03   8.3848E+03   8.3848E+03   8.3848E+03   8.3848E+03   8.3848E+03   8.3848E+03   8.3865E+03   0.0000E+00   0.0000E+00
   4.3469E+06   5.9197E+03   5.9197E+03   5.9197E+03   5.9197E+03   5.9197E+03   5.9197E+03   5.9197E+03   5.9197E+03   5.9209E+03   0.0000E+00   0.0000E+00
   4.6606E+06   4.1796E+03   4.1796E+03   4.1796E+03   4.1796E+03   4.1796E+03   4.1796E+03   4.1796E+03   4.1796E+03   4.1804E+03   0.0000E+00   0.0000E+00
   4.9969E+06   2.9510E+03   2.9510E+03   2.9510E+03   2.9510E+03   2.9510E+03   2.9510E+03   2.9510E+03   2.9510E+03   2.9516E+03   0.0000E+00   0.0000E+00
   5.3576E+06   2.0836E+03   2.0836E+03   2.0836E+03   2.0836E+03   2.0836E+03   2.0836E+03   2.0836E+03   2.0836E+03   2.0840E+03   0.0000E+00   0.0000E+00
   5.7442E+06   1.4712E+03   1.4712E+03   1.4712E+03   1.4712E+03   1.4712E+03   1.4712E+03   1.4712E+03   1.4712E+03   1.4715E+03   0.0000E+00   0.0000E+00
   6.1587E+06   1.0389E+03   1.0389E+03   1.0389E+03   1.0389E+03   1.0389E+03   1.0389E+03   1.0389E+03   1.0389E+03   1.0391E+03   0.0000E+00   0.0000E+00
   6.6032E+06   7.3356E+02   7.3356E+02   7.3356E+02   7.3356E+02   7.3356E+02   7.3356E+02   7.3356E+02   7.3356E+02   7.3371E+02   0.0000E+00   0.0000E+00
   7.0797E+06   5.1801E+02   5.1801E+02   5.1801E+02   5.1801E+02   5.1801E+02   5.1801E+02   5.1801E+02   5.1801E+02   5.1811E+02   0.0000E+00   0.0000E+00
   7.5907E+06   3.6580E+02   3.6580E+02   3.6580E+02   3.6580E+02   3.6580E+02   3.6580E+02   3.6580E+02   3.6580E+02   3.6588E+02   0.0000E+00   0.0000E+00
   8.1385E+06   2.5833E+02   2.5833E+02   2.5833E+02   2.5833E+02   2.5833E+02   2.5833E+02   2.5833E+02   2.5833E+02   2.5838E+02   0.0000E+00   0.0000E+00
   8.7258E+06   1.8244E+02   1.8244E+02   1.8244E+02   1.8244E+02   1.8244E+02   1.8244E+02   1.8244E+02   1.8244E+02   1.8248E+02   0.0000E+00   0.0000E+00
   9.3555E+06   1.2885E+02   1.2885E+02   1.2885E+02   1.2885E+02   1.2885E+02   1.2885E+02   1.2885E+02   1.2885E+02   1.2888E+02   0.0000E+00   0.0000E+00
   1.0031E+07   9.1006E+01   9.1006E+01   9.1006E+01   9.1006E+01   9.1006E+01   9.1006E+01   9.1006E+01   9.1006E+01   9.1025E+01   0.0000E+00   0.0000E+00
   1.0755E+07   6.4281E+01   6.4281E+01   6.4281E+01   6.4281E+01   6.4281E+01   6.4281E+01   6.4281E+01   6.4281E+01   6.4294E+01   0.0000E+00   0.0000E+00
   1.1531E+07   4.5405E+01   4.5405E+01   4.5405E+01   4.5405E+01   4.5405E+01   4.5405E+01   4.5405E+01   4.5405E+01   4.5414E+01   0.0000E+00   0.0000E+00
   1.2363E+07   3.2074E+01   3.2074E+01   3.2074E+01   3.2074E+01   3.2074E+01   3.2074E+01   3.2074E+01   3.2074E+01   3.2081E+01   0.0000E+00   0.0000E+00
   1.3255E+07   2.2659E+01   2.2659E+01   2.2659E+01   2.2659E+01   2.2659E+01   2.2659E+01   2.2659E+01   2.2659E+01   2.2663E+01   0.0000E+00   0.0000E+00
   1.4212E+07   1.6008E+01   1.6008E+01   1.6008E+01   1.6008E+01   1.6008E+01   1.6008E+01   1.6008E+01   1.6008E+01   1.6011E+01   0.0000E+00   0.0000E+00
   1.5237E+07   1.1310E+01   1.1310E+01   1.1310E+01   1.1310E+01   1.1310E+01   1.1310E+01   1.1310E+01   1.1310E+01   1.1312E+01   0.0000E+00   0.0000E+00
   1.6337E+07   7.9916E+00   7.9916E+00   7.9916E+00   7.9916E+00   7.9916E+00   7.9916E+00   7.9916E+00   7.9916E+00   7.9932E+00   0.0000E+00   0.0000E+00
   1.7516E+07   5.6471E+00   5.6471E+00   5.6471E+00   5.6471E+00   5.6471E+00   5.6471E+00   5.6471E+00   5.6471E+00   5.6483E+00   0.0000E+00   0.0000E+00
   1.8780E+07   3.9908E+00   3.9908E+00   3.9908E+00   3.9908E+00   3.9908E+00   3.9908E+00   3.9908E+00   3.9908E+00   3.9916E+00   0.0000E+00   0.0000E+00
   2.0135E+07   2.8205E+00   2.8205E+00   2.8205E+00   2.8205E+00   2.8205E+00   2.8205E+00   2.8205E+00   2.8205E+00   2.8211E+00   0.0000E+00   0.0000E+00
   2.1588E+07   1.9936E+00   1.9936E+00   1.9936E+00   1.9936E+00   1.9936E+00   1.9936E+00   1.9936E+00   1.9936E+00   1.9940E+00   0.0000E+00   0.0000E+00
   2.3146E+07   1.4093E+00   1.4093E+00   1.4093E+00   1.4093E+00   1.4093E+00   1.4093E+00   1.4093E+00   1.4093E+00   1.4096E+00   0.0000E+00   0.0000E+00
   2.4817E+07   9.9631E-01   9.9631E-01   9.9631E-01   9.9631E-01   9.9631E-01   9.9631E-01   9.9631E-01   9.9631E-01   9.9651E-01   0.0000E+00   0.0000E+00
   2.6608E+07   7.0444E-01   7.0444E-01   7.0444E-01   7.0444E-01   7.0444E-01   7.0444E-01   7.0444E-01   7.0444E-01   7.0459E-01   0.0000E+00   0.0000E+00
   2.8528E+07   4.9813E-01   4.9813E-01   4.9813E-01   4.9813E-01   4.9813E-01   4.9813E-01   4.9813E-01   4.9813E-01   4.9824E-01   0.0000E+00   0.0000E+00
   3.0587E+07   3.5229E-01   3.5229E-01   3.5229E-01   3.5229E-01   3.5229E-01   3.5229E-01   3.5229E-01   3.5229E-01   3.5236E-01   0.0000E+00   0.0000E+00
   3.2794E+07   2.4918E-01   2.4918E-01   2.4918E-01   2.4918E-01   2.4918E-01   2.4918E-01   2.4918E-01   2.4918E-01   2.4923E-01   0.0000E+00   0.0000E+00
   3.5161E+07   1.7628E-01   1.7628E-01   1.7628E-01   1.7628E-01   1.7628E-01   1.7628E-01   1.7628E-01   1.7628E-01   1.7632E-01   0.0000E+00   0.0000E+00
   3.7698E+07   1.2472E-01   1.2472E-01   1.2472E-01   1.2472E-01   1.2472E-01   1.2472E-01   1.2472E-01   1.2472E-01   1.2475E-01   0.0000E+00   0.0000E+00
   4.0419E+07   8.8262E-02   8.8262E-02   8.8262E-02   8.8262E-02   8.8262E-02   8.8262E-02   8.8262E-02   8.8262E-02   8.8280E-02   0.0000E+00   0.0000E+00
   4.3336E+07   6.2469E-02   6.2469E-02   6.2469E-02   6.2469E-02   6.2469E-02   6.2469E-02   6.2469E-02   6.2469E-02   6.2482E-02   0.0000E+00   0.0000E+00
   4.6463E+07   4.4223E-02   4.4223E-02   4.4223E-02   4.4223E-02   4.4223E-02   4.4223E-02   4.4223E-02   4.4223E-02   4.4232E-02   0.0000E+00   0.0000E+00
   4.9817E+07   3.1312E-02   3.1312E-02   3.1312E-02   3.1312E-02   3.1312E-02   3.1312E-02   3.1312E-02   3.1312E-02   3.1319E-02   0.0000E+00   0.0000E+00
   5.3412E+07   2.2176E-02   2.2176E-02   2.2176E-02   2.2176E-02   2.2176E-02   2.2176E-02   2.2176E-02   2.2176E-02   2.2180E-02   0.0000E+00   0.0000E+00
   5.7266E+07   1.5709E-02   1.5709E-02   1.5709E-02   1.5709E-02   1.5709E-02   1.5709E-02   1.5709E-02   1.5709E-02   1.5712E-02   0.0000E+00   0.0000E+00
   6.1399E+07   1.1130E-02   1.1130E-02   1.1130E-02   1.1130E-02   1.1130E-02   1.1130E-02   1.1130E-02   1.1130E-02   1.1133E-02   0.0000E+00   0.0000E+00
   6.5830E+07   7.8882E-03   7.8882E-03   7.8882E-03   7.8882E-03   7.8882E-03   7.8882E-03   7.8882E-03   7.8882E-03   7.8898E-03   0.0000E+00   0.0000E+00
   7.0581E+07   5.5920E-03   5.5920E-03   5.5920E-03   5.5920E-03   5.5920E-03   5.5920E-03   5.5920E-03   5.5920E-03   5.5932E-03   0.0000E+00   0.0000E+00
   7.5675E+07   3.9654E-03   3.9654E-03   3.9654E-03   3.9654E-03   3.9654E-03   3.9654E-03   3.9654E-03   3.9654E-03   3.9662E-03   0.0000E+00   0.0000E+00
   8.1136E+07   2.8128E-03   2.8128E-03   2.8128E-03   2.8128E-03   2.8128E-03   2.8128E-03   2.8128E-03   2.8128E-03   2.8134E-03   0.0000E+00   0.0000E+00
   8.6991E+07   1.9959E-03   1.9959E-03   1.9959E-03   1.9959E-03   1.9959E-03   1.9959E-03   1.9959E-03   1.9959E-03   1.9963E-03   0.0000E+00   0.0000E+00
   9.3269E+07   1.4167E-03   1.4167E-03   1.4167E-03   1.4167E-03   1.4167E-03   1.4167E-03   1.4167E-03   1.4167E-03   1.4170E-03   0.0000E+00   0.0000E+00
   1.0000E+08   1.0060E-03   1.0060E-03   1.0060E-03   1.0060E-03   1.0060E-03   1.0060E-03   1.0060E-03   1.0060E-03   1.0062E-03   0.0000E+00   0.0000E+00
