 (1): Wavelength (A) 
 (2): Intrinsic SED (1e30 erg/s/A)
 (3 - 9): SED at angles [   0.0000000      0.26183301      0.52366602      0.78549999       1.0473300       1.3091700       1.5710000     ] (1e30 erg/s/A)
 (10): Angle averaged SED (1e30 erg/s/A)
 (11): Molecular cloud emission (1e30 erg/s/A)
 (12): Cirrus emission (1e30 erg/s/A)
  
            1            2            3            4            5            6            7            8            9           10           11           12
   9.5000E+01   1.9572E+10   1.9572E+10   1.9572E+10   1.9572E+10   1.9572E+10   1.9572E+10   1.9572E+10   1.9572E+10   1.9576E+10   0.0000E+00   0.0000E+00
   1.0186E+02   2.0382E+10   2.0382E+10   2.0382E+10   2.0382E+10   2.0382E+10   2.0382E+10   2.0382E+10   2.0382E+10   2.0386E+10   0.0000E+00   0.0000E+00
   1.0921E+02   2.0405E+10   2.0405E+10   2.0405E+10   2.0405E+10   2.0405E+10   2.0405E+10   2.0405E+10   2.0405E+10   2.0409E+10   0.0000E+00   0.0000E+00
   1.1709E+02   2.0422E+10   2.0422E+10   2.0422E+10   2.0422E+10   2.0422E+10   2.0422E+10   2.0422E+10   2.0422E+10   2.0426E+10   0.0000E+00   0.0000E+00
   1.2554E+02   2.1022E+10   2.1022E+10   2.1022E+10   2.1022E+10   2.1022E+10   2.1022E+10   2.1022E+10   2.1022E+10   2.1026E+10   0.0000E+00   0.0000E+00
   1.3460E+02   2.1050E+10   2.1050E+10   2.1050E+10   2.1050E+10   2.1050E+10   2.1050E+10   2.1050E+10   2.1050E+10   2.1054E+10   0.0000E+00   0.0000E+00
   1.4431E+02   2.1360E+10   2.1360E+10   2.1360E+10   2.1360E+10   2.1360E+10   2.1360E+10   2.1360E+10   2.1360E+10   2.1365E+10   0.0000E+00   0.0000E+00
   1.5473E+02   2.1865E+10   2.1865E+10   2.1865E+10   2.1865E+10   2.1865E+10   2.1865E+10   2.1865E+10   2.1865E+10   2.1869E+10   0.0000E+00   0.0000E+00
   1.6589E+02   2.2130E+10   2.2130E+10   2.2130E+10   2.2130E+10   2.2130E+10   2.2130E+10   2.2130E+10   2.2130E+10   2.2135E+10   0.0000E+00   0.0000E+00
   1.7786E+02   2.2215E+10   2.2215E+10   2.2215E+10   2.2215E+10   2.2215E+10   2.2215E+10   2.2215E+10   2.2215E+10   2.2219E+10   0.0000E+00   0.0000E+00
   1.9070E+02   2.2306E+10   2.2306E+10   2.2306E+10   2.2306E+10   2.2306E+10   2.2306E+10   2.2306E+10   2.2306E+10   2.2310E+10   0.0000E+00   0.0000E+00
   2.0446E+02   2.2724E+10   2.2724E+10   2.2724E+10   2.2724E+10   2.2724E+10   2.2724E+10   2.2724E+10   2.2724E+10   2.2729E+10   0.0000E+00   0.0000E+00
   2.1922E+02   2.2980E+10   2.2980E+10   2.2980E+10   2.2980E+10   2.2980E+10   2.2980E+10   2.2980E+10   2.2980E+10   2.2985E+10   0.0000E+00   0.0000E+00
   2.3504E+02   2.7673E+10   2.7673E+10   2.7673E+10   2.7673E+10   2.7673E+10   2.7673E+10   2.7673E+10   2.7673E+10   2.7679E+10   0.0000E+00   0.0000E+00
   2.5200E+02   3.1173E+10   3.1173E+10   3.1173E+10   3.1173E+10   3.1173E+10   3.1173E+10   3.1173E+10   3.1173E+10   3.1179E+10   0.0000E+00   0.0000E+00
   2.7019E+02   4.4978E+10   4.4978E+10   4.4978E+10   4.4978E+10   4.4978E+10   4.4978E+10   4.4978E+10   4.4978E+10   4.4988E+10   0.0000E+00   0.0000E+00
   2.8969E+02   5.2667E+10   5.2667E+10   5.2667E+10   5.2667E+10   5.2667E+10   5.2667E+10   5.2667E+10   5.2667E+10   5.2677E+10   0.0000E+00   0.0000E+00
   3.1059E+02   4.6990E+10   4.6990E+10   4.6990E+10   4.6990E+10   4.6990E+10   4.6990E+10   4.6990E+10   4.6990E+10   4.7000E+10   0.0000E+00   0.0000E+00
   3.3301E+02   6.2319E+10   6.2319E+10   6.2319E+10   6.2319E+10   6.2319E+10   6.2319E+10   6.2319E+10   6.2319E+10   6.2332E+10   0.0000E+00   0.0000E+00
   3.5704E+02   7.4842E+10   7.4842E+10   7.4842E+10   7.4842E+10   7.4842E+10   7.4842E+10   7.4842E+10   7.4842E+10   7.4858E+10   0.0000E+00   0.0000E+00
   3.8280E+02   8.5901E+10   8.5901E+10   8.5901E+10   8.5901E+10   8.5901E+10   8.5901E+10   8.5901E+10   8.5901E+10   8.5919E+10   0.0000E+00   0.0000E+00
   4.1043E+02   1.1320E+11   1.1320E+11   1.1320E+11   1.1320E+11   1.1320E+11   1.1320E+11   1.1320E+11   1.1320E+11   1.1322E+11   0.0000E+00   0.0000E+00
   4.4005E+02   1.1125E+11   1.1125E+11   1.1125E+11   1.1125E+11   1.1125E+11   1.1125E+11   1.1125E+11   1.1125E+11   1.1128E+11   0.0000E+00   0.0000E+00
   4.7181E+02   1.0701E+11   1.0701E+11   1.0701E+11   1.0701E+11   1.0701E+11   1.0701E+11   1.0701E+11   1.0701E+11   1.0704E+11   0.0000E+00   0.0000E+00
   5.0586E+02   1.1784E+11   1.1784E+11   1.1784E+11   1.1784E+11   1.1784E+11   1.1784E+11   1.1784E+11   1.1784E+11   1.1787E+11   0.0000E+00   0.0000E+00
   5.4236E+02   1.4996E+11   1.4996E+11   1.4996E+11   1.4996E+11   1.4996E+11   1.4996E+11   1.4996E+11   1.4996E+11   1.4999E+11   0.0000E+00   0.0000E+00
   5.8151E+02   1.7481E+11   1.7481E+11   1.7481E+11   1.7481E+11   1.7481E+11   1.7481E+11   1.7481E+11   1.7481E+11   1.7484E+11   0.0000E+00   0.0000E+00
   6.2347E+02   1.7649E+11   1.7649E+11   1.7649E+11   1.7649E+11   1.7649E+11   1.7649E+11   1.7649E+11   1.7649E+11   1.7652E+11   0.0000E+00   0.0000E+00
   6.6847E+02   1.7268E+11   1.7268E+11   1.7268E+11   1.7268E+11   1.7268E+11   1.7268E+11   1.7268E+11   1.7268E+11   1.7271E+11   0.0000E+00   0.0000E+00
   7.1671E+02   1.6916E+11   1.6916E+11   1.6916E+11   1.6916E+11   1.6916E+11   1.6916E+11   1.6916E+11   1.6916E+11   1.6919E+11   0.0000E+00   0.0000E+00
   7.6843E+02   1.5267E+11   1.5267E+11   1.5267E+11   1.5267E+11   1.5267E+11   1.5267E+11   1.5267E+11   1.5267E+11   1.5271E+11   0.0000E+00   0.0000E+00
   8.2389E+02   1.5097E+11   1.5097E+11   1.5097E+11   1.5097E+11   1.5097E+11   1.5097E+11   1.5097E+11   1.5097E+11   1.5100E+11   0.0000E+00   0.0000E+00
   8.8334E+02   1.4238E+11   1.4238E+11   1.4238E+11   1.4238E+11   1.4238E+11   1.4238E+11   1.4238E+11   1.4238E+11   1.4241E+11   0.0000E+00   0.0000E+00
   9.4709E+02   4.9595E+11   4.9595E+11   4.9595E+11   4.9595E+11   4.9595E+11   4.9595E+11   4.9595E+11   4.9595E+11   4.9605E+11   0.0000E+00   0.0000E+00
   1.0154E+03   6.3167E+11   6.3167E+11   6.3167E+11   6.3167E+11   6.3167E+11   6.3167E+11   6.3167E+11   6.3167E+11   6.3180E+11   0.0000E+00   0.0000E+00
   1.0887E+03   7.2228E+11   7.2228E+11   7.2228E+11   7.2228E+11   7.2228E+11   7.2228E+11   7.2228E+11   7.2228E+11   7.2243E+11   0.0000E+00   0.0000E+00
   1.1673E+03   6.6720E+11   6.6720E+11   6.6720E+11   6.6720E+11   6.6720E+11   6.6720E+11   6.6720E+11   6.6720E+11   6.6734E+11   0.0000E+00   0.0000E+00
   1.2515E+03   6.1306E+11   6.1306E+11   6.1306E+11   6.1306E+11   6.1306E+11   6.1306E+11   6.1306E+11   6.1306E+11   6.1319E+11   0.0000E+00   0.0000E+00
   1.3419E+03   6.3244E+11   6.3244E+11   6.3244E+11   6.3244E+11   6.3244E+11   6.3244E+11   6.3244E+11   6.3244E+11   6.3257E+11   0.0000E+00   0.0000E+00
   1.4387E+03   5.6321E+11   5.6321E+11   5.6321E+11   5.6321E+11   5.6321E+11   5.6321E+11   5.6321E+11   5.6321E+11   5.6332E+11   0.0000E+00   0.0000E+00
   1.5425E+03   4.5947E+11   4.5947E+11   4.5947E+11   4.5947E+11   4.5947E+11   4.5947E+11   4.5947E+11   4.5947E+11   4.5957E+11   0.0000E+00   0.0000E+00
   1.6538E+03   4.1673E+11   4.1673E+11   4.1673E+11   4.1673E+11   4.1673E+11   4.1673E+11   4.1673E+11   4.1673E+11   4.1681E+11   0.0000E+00   0.0000E+00
   1.7732E+03   3.9704E+11   3.9704E+11   3.9704E+11   3.9704E+11   3.9704E+11   3.9704E+11   3.9704E+11   3.9704E+11   3.9712E+11   0.0000E+00   0.0000E+00
   1.9012E+03   3.4918E+11   3.4918E+11   3.4918E+11   3.4918E+11   3.4918E+11   3.4918E+11   3.4918E+11   3.4918E+11   3.4925E+11   0.0000E+00   0.0000E+00
   2.0384E+03   3.1924E+11   3.1924E+11   3.1924E+11   3.1924E+11   3.1924E+11   3.1924E+11   3.1924E+11   3.1924E+11   3.1930E+11   0.0000E+00   0.0000E+00
   2.1855E+03   2.8231E+11   2.8231E+11   2.8231E+11   2.8231E+11   2.8231E+11   2.8231E+11   2.8231E+11   2.8231E+11   2.8236E+11   0.0000E+00   0.0000E+00
   2.3432E+03   2.2504E+11   2.2504E+11   2.2504E+11   2.2504E+11   2.2504E+11   2.2504E+11   2.2504E+11   2.2504E+11   2.2508E+11   0.0000E+00   0.0000E+00
   2.5123E+03   2.0637E+11   2.0637E+11   2.0637E+11   2.0637E+11   2.0637E+11   2.0637E+11   2.0637E+11   2.0637E+11   2.0642E+11   0.0000E+00   0.0000E+00
   2.6936E+03   2.0732E+11   2.0732E+11   2.0732E+11   2.0732E+11   2.0732E+11   2.0732E+11   2.0732E+11   2.0732E+11   2.0736E+11   0.0000E+00   0.0000E+00
   2.8880E+03   1.9641E+11   1.9641E+11   1.9641E+11   1.9641E+11   1.9641E+11   1.9641E+11   1.9641E+11   1.9641E+11   1.9645E+11   0.0000E+00   0.0000E+00
   3.0964E+03   1.9509E+11   1.9509E+11   1.9509E+11   1.9509E+11   1.9509E+11   1.9509E+11   1.9509E+11   1.9509E+11   1.9513E+11   0.0000E+00   0.0000E+00
   3.3199E+03   1.8312E+11   1.8312E+11   1.8312E+11   1.8312E+11   1.8312E+11   1.8312E+11   1.8312E+11   1.8312E+11   1.8315E+11   0.0000E+00   0.0000E+00
   3.5595E+03   1.7781E+11   1.7781E+11   1.7781E+11   1.7781E+11   1.7781E+11   1.7781E+11   1.7781E+11   1.7781E+11   1.7785E+11   0.0000E+00   0.0000E+00
   3.8163E+03   2.7935E+11   2.7935E+11   2.7935E+11   2.7935E+11   2.7935E+11   2.7935E+11   2.7935E+11   2.7935E+11   2.7941E+11   0.0000E+00   0.0000E+00
   4.0918E+03   2.7821E+11   2.7821E+11   2.7821E+11   2.7821E+11   2.7821E+11   2.7821E+11   2.7821E+11   2.7821E+11   2.7826E+11   0.0000E+00   0.0000E+00
   4.3870E+03   2.8358E+11   2.8358E+11   2.8358E+11   2.8358E+11   2.8358E+11   2.8358E+11   2.8358E+11   2.8358E+11   2.8364E+11   0.0000E+00   0.0000E+00
   4.7036E+03   2.6496E+11   2.6496E+11   2.6496E+11   2.6496E+11   2.6496E+11   2.6496E+11   2.6496E+11   2.6496E+11   2.6502E+11   0.0000E+00   0.0000E+00
   5.0431E+03   2.3473E+11   2.3473E+11   2.3473E+11   2.3473E+11   2.3473E+11   2.3473E+11   2.3473E+11   2.3473E+11   2.3477E+11   0.0000E+00   0.0000E+00
   5.4070E+03   2.0858E+11   2.0858E+11   2.0858E+11   2.0858E+11   2.0858E+11   2.0858E+11   2.0858E+11   2.0858E+11   2.0863E+11   0.0000E+00   0.0000E+00
   5.7973E+03   1.9893E+11   1.9893E+11   1.9893E+11   1.9893E+11   1.9893E+11   1.9893E+11   1.9893E+11   1.9893E+11   1.9897E+11   0.0000E+00   0.0000E+00
   6.2156E+03   1.7488E+11   1.7488E+11   1.7488E+11   1.7488E+11   1.7488E+11   1.7488E+11   1.7488E+11   1.7488E+11   1.7491E+11   0.0000E+00   0.0000E+00
   6.6642E+03   1.5577E+11   1.5577E+11   1.5577E+11   1.5577E+11   1.5577E+11   1.5577E+11   1.5577E+11   1.5577E+11   1.5580E+11   0.0000E+00   0.0000E+00
   7.1451E+03   1.3844E+11   1.3844E+11   1.3844E+11   1.3844E+11   1.3844E+11   1.3844E+11   1.3844E+11   1.3844E+11   1.3847E+11   0.0000E+00   0.0000E+00
   7.6608E+03   1.2531E+11   1.2531E+11   1.2531E+11   1.2531E+11   1.2531E+11   1.2531E+11   1.2531E+11   1.2531E+11   1.2534E+11   0.0000E+00   0.0000E+00
   8.2136E+03   1.1286E+11   1.1286E+11   1.1286E+11   1.1286E+11   1.1286E+11   1.1286E+11   1.1286E+11   1.1286E+11   1.1288E+11   0.0000E+00   0.0000E+00
   8.8064E+03   9.4665E+10   9.4665E+10   9.4665E+10   9.4665E+10   9.4665E+10   9.4665E+10   9.4665E+10   9.4665E+10   9.4684E+10   0.0000E+00   0.0000E+00
   9.4420E+03   8.9488E+10   8.9488E+10   8.9488E+10   8.9488E+10   8.9488E+10   8.9488E+10   8.9488E+10   8.9488E+10   8.9506E+10   0.0000E+00   0.0000E+00
   1.0123E+04   7.9263E+10   7.9263E+10   7.9263E+10   7.9263E+10   7.9263E+10   7.9263E+10   7.9263E+10   7.9263E+10   7.9279E+10   0.0000E+00   0.0000E+00
   1.0854E+04   6.7775E+10   6.7775E+10   6.7775E+10   6.7775E+10   6.7775E+10   6.7775E+10   6.7775E+10   6.7775E+10   6.7789E+10   0.0000E+00   0.0000E+00
   1.1637E+04   5.9697E+10   5.9697E+10   5.9697E+10   5.9697E+10   5.9697E+10   5.9697E+10   5.9697E+10   5.9697E+10   5.9709E+10   0.0000E+00   0.0000E+00
   1.2477E+04   4.9246E+10   4.9246E+10   4.9246E+10   4.9246E+10   4.9246E+10   4.9246E+10   4.9246E+10   4.9246E+10   4.9256E+10   0.0000E+00   0.0000E+00
   1.3377E+04   4.3799E+10   4.3799E+10   4.3799E+10   4.3799E+10   4.3799E+10   4.3799E+10   4.3799E+10   4.3799E+10   4.3808E+10   0.0000E+00   0.0000E+00
   1.4343E+04   3.8883E+10   3.8883E+10   3.8883E+10   3.8883E+10   3.8883E+10   3.8883E+10   3.8883E+10   3.8883E+10   3.8891E+10   0.0000E+00   0.0000E+00
   1.5378E+04   3.3729E+10   3.3729E+10   3.3729E+10   3.3729E+10   3.3729E+10   3.3729E+10   3.3729E+10   3.3729E+10   3.3736E+10   0.0000E+00   0.0000E+00
   1.6488E+04   3.1509E+10   3.1509E+10   3.1509E+10   3.1509E+10   3.1509E+10   3.1509E+10   3.1509E+10   3.1509E+10   3.1516E+10   0.0000E+00   0.0000E+00
   1.7678E+04   2.7175E+10   2.7175E+10   2.7175E+10   2.7175E+10   2.7175E+10   2.7175E+10   2.7175E+10   2.7175E+10   2.7180E+10   0.0000E+00   0.0000E+00
   1.8953E+04   2.0836E+10   2.0836E+10   2.0836E+10   2.0836E+10   2.0836E+10   2.0836E+10   2.0836E+10   2.0836E+10   2.0840E+10   0.0000E+00   0.0000E+00
   2.0321E+04   1.7912E+10   1.7912E+10   1.7912E+10   1.7912E+10   1.7912E+10   1.7912E+10   1.7912E+10   1.7912E+10   1.7915E+10   0.0000E+00   0.0000E+00
   2.1788E+04   1.3827E+10   1.3827E+10   1.3827E+10   1.3827E+10   1.3827E+10   1.3827E+10   1.3827E+10   1.3827E+10   1.3830E+10   0.0000E+00   0.0000E+00
   2.3360E+04   1.2073E+10   1.2073E+10   1.2073E+10   1.2073E+10   1.2073E+10   1.2073E+10   1.2073E+10   1.2073E+10   1.2076E+10   0.0000E+00   0.0000E+00
   2.5046E+04   7.1856E+09   7.1856E+09   7.1856E+09   7.1856E+09   7.1856E+09   7.1856E+09   7.1856E+09   7.1856E+09   7.1871E+09   0.0000E+00   0.0000E+00
   2.6854E+04   6.5722E+09   6.5722E+09   6.5722E+09   6.5722E+09   6.5722E+09   6.5722E+09   6.5722E+09   6.5722E+09   6.5735E+09   0.0000E+00   0.0000E+00
   2.8792E+04   5.8652E+09   5.8652E+09   5.8652E+09   5.8652E+09   5.8652E+09   5.8652E+09   5.8652E+09   5.8652E+09   5.8664E+09   0.0000E+00   0.0000E+00
   3.0869E+04   3.9107E+09   3.9107E+09   3.9107E+09   3.9107E+09   3.9107E+09   3.9107E+09   3.9107E+09   3.9107E+09   3.9115E+09   0.0000E+00   0.0000E+00
   3.3097E+04   3.3249E+09   3.3249E+09   3.3249E+09   3.3249E+09   3.3249E+09   3.3249E+09   3.3249E+09   3.3249E+09   3.3256E+09   0.0000E+00   0.0000E+00
   3.5486E+04   3.0292E+09   3.0292E+09   3.0292E+09   3.0292E+09   3.0292E+09   3.0292E+09   3.0292E+09   3.0292E+09   3.0299E+09   0.0000E+00   0.0000E+00
   3.8047E+04   2.1774E+09   2.1774E+09   2.1774E+09   2.1774E+09   2.1774E+09   2.1774E+09   2.1774E+09   2.1774E+09   2.1778E+09   0.0000E+00   0.0000E+00
   4.0792E+04   1.9093E+09   1.9093E+09   1.9093E+09   1.9093E+09   1.9093E+09   1.9093E+09   1.9093E+09   1.9093E+09   1.9097E+09   0.0000E+00   0.0000E+00
   4.3736E+04   1.5076E+09   1.5076E+09   1.5076E+09   1.5076E+09   1.5076E+09   1.5076E+09   1.5076E+09   1.5076E+09   1.5079E+09   0.0000E+00   0.0000E+00
   4.6893E+04   1.1481E+09   1.1481E+09   1.1481E+09   1.1481E+09   1.1481E+09   1.1481E+09   1.1481E+09   1.1481E+09   1.1483E+09   0.0000E+00   0.0000E+00
   5.0277E+04   9.4710E+08   9.4710E+08   9.4710E+08   9.4710E+08   9.4710E+08   9.4710E+08   9.4710E+08   9.4710E+08   9.4730E+08   0.0000E+00   0.0000E+00
   5.3905E+04   7.9464E+08   7.9464E+08   7.9464E+08   7.9464E+08   7.9464E+08   7.9464E+08   7.9464E+08   7.9464E+08   7.9480E+08   0.0000E+00   0.0000E+00
   5.7795E+04   6.7924E+08   6.7924E+08   6.7924E+08   6.7924E+08   6.7924E+08   6.7924E+08   6.7924E+08   6.7924E+08   6.7937E+08   0.0000E+00   0.0000E+00
   6.1966E+04   5.7187E+08   5.7187E+08   5.7187E+08   5.7187E+08   5.7187E+08   5.7187E+08   5.7187E+08   5.7187E+08   5.7199E+08   0.0000E+00   0.0000E+00
   6.6438E+04   4.7350E+08   4.7350E+08   4.7350E+08   4.7350E+08   4.7350E+08   4.7350E+08   4.7350E+08   4.7350E+08   4.7360E+08   0.0000E+00   0.0000E+00
   7.1233E+04   4.0026E+08   4.0026E+08   4.0026E+08   4.0026E+08   4.0026E+08   4.0026E+08   4.0026E+08   4.0026E+08   4.0034E+08   0.0000E+00   0.0000E+00
   7.6374E+04   3.4369E+08   3.4369E+08   3.4369E+08   3.4369E+08   3.4369E+08   3.4369E+08   3.4369E+08   3.4369E+08   3.4376E+08   0.0000E+00   0.0000E+00
   8.1885E+04   2.9627E+08   2.9627E+08   2.9627E+08   2.9627E+08   2.9627E+08   2.9627E+08   2.9627E+08   2.9627E+08   2.9633E+08   0.0000E+00   0.0000E+00
   8.7795E+04   2.6093E+08   2.6093E+08   2.6093E+08   2.6093E+08   2.6093E+08   2.6093E+08   2.6093E+08   2.6093E+08   2.6099E+08   0.0000E+00   0.0000E+00
   9.4131E+04   2.2727E+08   2.2727E+08   2.2727E+08   2.2727E+08   2.2727E+08   2.2727E+08   2.2727E+08   2.2727E+08   2.2731E+08   0.0000E+00   0.0000E+00
   1.0092E+05   1.9971E+08   1.9971E+08   1.9971E+08   1.9971E+08   1.9971E+08   1.9971E+08   1.9971E+08   1.9971E+08   1.9975E+08   0.0000E+00   0.0000E+00
   1.0821E+05   1.7210E+08   1.7210E+08   1.7210E+08   1.7210E+08   1.7210E+08   1.7210E+08   1.7210E+08   1.7210E+08   1.7213E+08   0.0000E+00   0.0000E+00
   1.1602E+05   1.4898E+08   1.4898E+08   1.4898E+08   1.4898E+08   1.4898E+08   1.4898E+08   1.4898E+08   1.4898E+08   1.4901E+08   0.0000E+00   0.0000E+00
   1.2439E+05   1.3041E+08   1.3041E+08   1.3041E+08   1.3041E+08   1.3041E+08   1.3041E+08   1.3041E+08   1.3041E+08   1.3044E+08   0.0000E+00   0.0000E+00
   1.3337E+05   1.1591E+08   1.1591E+08   1.1591E+08   1.1591E+08   1.1591E+08   1.1591E+08   1.1591E+08   1.1591E+08   1.1593E+08   0.0000E+00   0.0000E+00
   1.4299E+05   1.0356E+08   1.0356E+08   1.0356E+08   1.0356E+08   1.0356E+08   1.0356E+08   1.0356E+08   1.0356E+08   1.0358E+08   0.0000E+00   0.0000E+00
   1.5331E+05   9.1457E+07   9.1457E+07   9.1457E+07   9.1457E+07   9.1457E+07   9.1457E+07   9.1457E+07   9.1457E+07   9.1476E+07   0.0000E+00   0.0000E+00
   1.6437E+05   8.2583E+07   8.2583E+07   8.2583E+07   8.2583E+07   8.2583E+07   8.2583E+07   8.2583E+07   8.2583E+07   8.2600E+07   0.0000E+00   0.0000E+00
   1.7624E+05   7.3454E+07   7.3454E+07   7.3454E+07   7.3454E+07   7.3454E+07   7.3454E+07   7.3454E+07   7.3454E+07   7.3469E+07   0.0000E+00   0.0000E+00
   1.8895E+05   6.5419E+07   6.5419E+07   6.5419E+07   6.5419E+07   6.5419E+07   6.5419E+07   6.5419E+07   6.5419E+07   6.5432E+07   0.0000E+00   0.0000E+00
   2.0259E+05   5.9027E+07   5.9027E+07   5.9027E+07   5.9027E+07   5.9027E+07   5.9027E+07   5.9027E+07   5.9027E+07   5.9039E+07   0.0000E+00   0.0000E+00
   2.1721E+05   5.3476E+07   5.3476E+07   5.3476E+07   5.3476E+07   5.3476E+07   5.3476E+07   5.3476E+07   5.3476E+07   5.3487E+07   0.0000E+00   0.0000E+00
   2.3289E+05   4.7930E+07   4.7930E+07   4.7930E+07   4.7930E+07   4.7930E+07   4.7930E+07   4.7930E+07   4.7930E+07   4.7940E+07   0.0000E+00   0.0000E+00
   2.4969E+05   4.2036E+07   4.2036E+07   4.2036E+07   4.2036E+07   4.2036E+07   4.2036E+07   4.2036E+07   4.2036E+07   4.2044E+07   0.0000E+00   0.0000E+00
   2.6771E+05   3.7727E+07   3.7727E+07   3.7727E+07   3.7727E+07   3.7727E+07   3.7727E+07   3.7727E+07   3.7727E+07   3.7734E+07   0.0000E+00   0.0000E+00
   2.8703E+05   3.3847E+07   3.3847E+07   3.3847E+07   3.3847E+07   3.3847E+07   3.3847E+07   3.3847E+07   3.3847E+07   3.3854E+07   0.0000E+00   0.0000E+00
   3.0775E+05   2.9754E+07   2.9754E+07   2.9754E+07   2.9754E+07   2.9754E+07   2.9754E+07   2.9754E+07   2.9754E+07   2.9760E+07   0.0000E+00   0.0000E+00
   3.2996E+05   2.6100E+07   2.6100E+07   2.6100E+07   2.6100E+07   2.6100E+07   2.6100E+07   2.6100E+07   2.6100E+07   2.6105E+07   0.0000E+00   0.0000E+00
   3.5377E+05   2.2669E+07   2.2669E+07   2.2669E+07   2.2669E+07   2.2669E+07   2.2669E+07   2.2669E+07   2.2669E+07   2.2673E+07   0.0000E+00   0.0000E+00
   3.7930E+05   2.0147E+07   2.0147E+07   2.0147E+07   2.0147E+07   2.0147E+07   2.0147E+07   2.0147E+07   2.0147E+07   2.0151E+07   0.0000E+00   0.0000E+00
   4.0667E+05   1.7506E+07   1.7506E+07   1.7506E+07   1.7506E+07   1.7506E+07   1.7506E+07   1.7506E+07   1.7506E+07   1.7509E+07   0.0000E+00   0.0000E+00
   4.3602E+05   1.5171E+07   1.5171E+07   1.5171E+07   1.5171E+07   1.5171E+07   1.5171E+07   1.5171E+07   1.5171E+07   1.5174E+07   0.0000E+00   0.0000E+00
   4.6749E+05   1.2923E+07   1.2923E+07   1.2923E+07   1.2923E+07   1.2923E+07   1.2923E+07   1.2923E+07   1.2923E+07   1.2925E+07   0.0000E+00   0.0000E+00
   5.0123E+05   1.1195E+07   1.1195E+07   1.1195E+07   1.1195E+07   1.1195E+07   1.1195E+07   1.1195E+07   1.1195E+07   1.1197E+07   0.0000E+00   0.0000E+00
   5.3740E+05   9.4002E+06   9.4002E+06   9.4002E+06   9.4002E+06   9.4002E+06   9.4002E+06   9.4002E+06   9.4002E+06   9.4021E+06   0.0000E+00   0.0000E+00
   5.7618E+05   7.8936E+06   7.8936E+06   7.8936E+06   7.8936E+06   7.8936E+06   7.8936E+06   7.8936E+06   7.8936E+06   7.8952E+06   0.0000E+00   0.0000E+00
   6.1776E+05   6.6287E+06   6.6287E+06   6.6287E+06   6.6287E+06   6.6287E+06   6.6287E+06   6.6287E+06   6.6287E+06   6.6301E+06   0.0000E+00   0.0000E+00
   6.6235E+05   5.4157E+06   5.4157E+06   5.4157E+06   5.4157E+06   5.4157E+06   5.4157E+06   5.4157E+06   5.4157E+06   5.4168E+06   0.0000E+00   0.0000E+00
   7.1015E+05   4.3217E+06   4.3217E+06   4.3217E+06   4.3217E+06   4.3217E+06   4.3217E+06   4.3217E+06   4.3217E+06   4.3226E+06   0.0000E+00   0.0000E+00
   7.6140E+05   3.4646E+06   3.4646E+06   3.4646E+06   3.4646E+06   3.4646E+06   3.4646E+06   3.4646E+06   3.4646E+06   3.4653E+06   0.0000E+00   0.0000E+00
   8.1635E+05   2.6688E+06   2.6688E+06   2.6688E+06   2.6688E+06   2.6688E+06   2.6688E+06   2.6688E+06   2.6688E+06   2.6694E+06   0.0000E+00   0.0000E+00
   8.7526E+05   2.0785E+06   2.0785E+06   2.0785E+06   2.0785E+06   2.0785E+06   2.0785E+06   2.0785E+06   2.0785E+06   2.0789E+06   0.0000E+00   0.0000E+00
   9.3842E+05   1.6001E+06   1.6001E+06   1.6001E+06   1.6001E+06   1.6001E+06   1.6001E+06   1.6001E+06   1.6001E+06   1.6005E+06   0.0000E+00   0.0000E+00
   1.0061E+06   1.1419E+06   1.1419E+06   1.1419E+06   1.1419E+06   1.1419E+06   1.1419E+06   1.1419E+06   1.1419E+06   1.1421E+06   0.0000E+00   0.0000E+00
   1.0788E+06   8.0614E+05   8.0614E+05   8.0614E+05   8.0614E+05   8.0614E+05   8.0614E+05   8.0614E+05   8.0614E+05   8.0630E+05   0.0000E+00   0.0000E+00
   1.1566E+06   5.6912E+05   5.6912E+05   5.6912E+05   5.6912E+05   5.6912E+05   5.6912E+05   5.6912E+05   5.6912E+05   5.6924E+05   0.0000E+00   0.0000E+00
   1.2401E+06   4.0179E+05   4.0179E+05   4.0179E+05   4.0179E+05   4.0179E+05   4.0179E+05   4.0179E+05   4.0179E+05   4.0188E+05   0.0000E+00   0.0000E+00
   1.3296E+06   2.8367E+05   2.8367E+05   2.8367E+05   2.8367E+05   2.8367E+05   2.8367E+05   2.8367E+05   2.8367E+05   2.8373E+05   0.0000E+00   0.0000E+00
   1.4255E+06   2.0028E+05   2.0028E+05   2.0028E+05   2.0028E+05   2.0028E+05   2.0028E+05   2.0028E+05   2.0028E+05   2.0032E+05   0.0000E+00   0.0000E+00
   1.5284E+06   1.4140E+05   1.4140E+05   1.4140E+05   1.4140E+05   1.4140E+05   1.4140E+05   1.4140E+05   1.4140E+05   1.4143E+05   0.0000E+00   0.0000E+00
   1.6387E+06   9.9837E+04   9.9837E+04   9.9837E+04   9.9837E+04   9.9837E+04   9.9837E+04   9.9837E+04   9.9837E+04   9.9858E+04   0.0000E+00   0.0000E+00
   1.7570E+06   7.0492E+04   7.0492E+04   7.0492E+04   7.0492E+04   7.0492E+04   7.0492E+04   7.0492E+04   7.0492E+04   7.0506E+04   0.0000E+00   0.0000E+00
   1.8838E+06   4.9774E+04   4.9774E+04   4.9774E+04   4.9774E+04   4.9774E+04   4.9774E+04   4.9774E+04   4.9774E+04   4.9784E+04   0.0000E+00   0.0000E+00
   2.0197E+06   3.5145E+04   3.5145E+04   3.5145E+04   3.5145E+04   3.5145E+04   3.5145E+04   3.5145E+04   3.5145E+04   3.5153E+04   0.0000E+00   0.0000E+00
   2.1655E+06   2.4817E+04   2.4817E+04   2.4817E+04   2.4817E+04   2.4817E+04   2.4817E+04   2.4817E+04   2.4817E+04   2.4822E+04   0.0000E+00   0.0000E+00
   2.3217E+06   1.7525E+04   1.7525E+04   1.7525E+04   1.7525E+04   1.7525E+04   1.7525E+04   1.7525E+04   1.7525E+04   1.7528E+04   0.0000E+00   0.0000E+00
   2.4893E+06   1.2375E+04   1.2375E+04   1.2375E+04   1.2375E+04   1.2375E+04   1.2375E+04   1.2375E+04   1.2375E+04   1.2378E+04   0.0000E+00   0.0000E+00
   2.6689E+06   8.7395E+03   8.7395E+03   8.7395E+03   8.7395E+03   8.7395E+03   8.7395E+03   8.7395E+03   8.7395E+03   8.7413E+03   0.0000E+00   0.0000E+00
   2.8616E+06   6.1721E+03   6.1721E+03   6.1721E+03   6.1721E+03   6.1721E+03   6.1721E+03   6.1721E+03   6.1721E+03   6.1733E+03   0.0000E+00   0.0000E+00
   3.0681E+06   4.3591E+03   4.3591E+03   4.3591E+03   4.3591E+03   4.3591E+03   4.3591E+03   4.3591E+03   4.3591E+03   4.3600E+03   0.0000E+00   0.0000E+00
   3.2895E+06   3.0788E+03   3.0788E+03   3.0788E+03   3.0788E+03   3.0788E+03   3.0788E+03   3.0788E+03   3.0788E+03   3.0794E+03   0.0000E+00   0.0000E+00
   3.5269E+06   2.1746E+03   2.1746E+03   2.1746E+03   2.1746E+03   2.1746E+03   2.1746E+03   2.1746E+03   2.1746E+03   2.1750E+03   0.0000E+00   0.0000E+00
   3.7814E+06   1.5360E+03   1.5360E+03   1.5360E+03   1.5360E+03   1.5360E+03   1.5360E+03   1.5360E+03   1.5360E+03   1.5364E+03   0.0000E+00   0.0000E+00
   4.0543E+06   1.0851E+03   1.0851E+03   1.0851E+03   1.0851E+03   1.0851E+03   1.0851E+03   1.0851E+03   1.0851E+03   1.0853E+03   0.0000E+00   0.0000E+00
   4.3469E+06   7.6652E+02   7.6652E+02   7.6652E+02   7.6652E+02   7.6652E+02   7.6652E+02   7.6652E+02   7.6652E+02   7.6668E+02   0.0000E+00   0.0000E+00
   4.6606E+06   5.4154E+02   5.4154E+02   5.4154E+02   5.4154E+02   5.4154E+02   5.4154E+02   5.4154E+02   5.4154E+02   5.4165E+02   0.0000E+00   0.0000E+00
   4.9969E+06   3.8261E+02   3.8261E+02   3.8261E+02   3.8261E+02   3.8261E+02   3.8261E+02   3.8261E+02   3.8261E+02   3.8269E+02   0.0000E+00   0.0000E+00
   5.3576E+06   2.7034E+02   2.7034E+02   2.7034E+02   2.7034E+02   2.7034E+02   2.7034E+02   2.7034E+02   2.7034E+02   2.7040E+02   0.0000E+00   0.0000E+00
   5.7442E+06   1.9103E+02   1.9103E+02   1.9103E+02   1.9103E+02   1.9103E+02   1.9103E+02   1.9103E+02   1.9103E+02   1.9107E+02   0.0000E+00   0.0000E+00
   6.1587E+06   1.3500E+02   1.3500E+02   1.3500E+02   1.3500E+02   1.3500E+02   1.3500E+02   1.3500E+02   1.3500E+02   1.3503E+02   0.0000E+00   0.0000E+00
   6.6032E+06   9.5413E+01   9.5413E+01   9.5413E+01   9.5413E+01   9.5413E+01   9.5413E+01   9.5413E+01   9.5413E+01   9.5433E+01   0.0000E+00   0.0000E+00
   7.0797E+06   6.7439E+01   6.7439E+01   6.7439E+01   6.7439E+01   6.7439E+01   6.7439E+01   6.7439E+01   6.7439E+01   6.7453E+01   0.0000E+00   0.0000E+00
   7.5907E+06   4.7672E+01   4.7672E+01   4.7672E+01   4.7672E+01   4.7672E+01   4.7672E+01   4.7672E+01   4.7672E+01   4.7682E+01   0.0000E+00   0.0000E+00
   8.1385E+06   3.3702E+01   3.3702E+01   3.3702E+01   3.3702E+01   3.3702E+01   3.3702E+01   3.3702E+01   3.3702E+01   3.3709E+01   0.0000E+00   0.0000E+00
   8.7258E+06   2.3829E+01   2.3829E+01   2.3829E+01   2.3829E+01   2.3829E+01   2.3829E+01   2.3829E+01   2.3829E+01   2.3834E+01   0.0000E+00   0.0000E+00
   9.3555E+06   1.6850E+01   1.6850E+01   1.6850E+01   1.6850E+01   1.6850E+01   1.6850E+01   1.6850E+01   1.6850E+01   1.6853E+01   0.0000E+00   0.0000E+00
   1.0031E+07   1.1916E+01   1.1916E+01   1.1916E+01   1.1916E+01   1.1916E+01   1.1916E+01   1.1916E+01   1.1916E+01   1.1919E+01   0.0000E+00   0.0000E+00
   1.0755E+07   8.4287E+00   8.4287E+00   8.4287E+00   8.4287E+00   8.4287E+00   8.4287E+00   8.4287E+00   8.4287E+00   8.4304E+00   0.0000E+00   0.0000E+00
   1.1531E+07   5.9626E+00   5.9626E+00   5.9626E+00   5.9626E+00   5.9626E+00   5.9626E+00   5.9626E+00   5.9626E+00   5.9638E+00   0.0000E+00   0.0000E+00
   1.2363E+07   4.2187E+00   4.2187E+00   4.2187E+00   4.2187E+00   4.2187E+00   4.2187E+00   4.2187E+00   4.2187E+00   4.2195E+00   0.0000E+00   0.0000E+00
   1.3255E+07   2.9853E+00   2.9853E+00   2.9853E+00   2.9853E+00   2.9853E+00   2.9853E+00   2.9853E+00   2.9853E+00   2.9859E+00   0.0000E+00   0.0000E+00
   1.4212E+07   2.1129E+00   2.1129E+00   2.1129E+00   2.1129E+00   2.1129E+00   2.1129E+00   2.1129E+00   2.1129E+00   2.1133E+00   0.0000E+00   0.0000E+00
   1.5237E+07   1.4957E+00   1.4957E+00   1.4957E+00   1.4957E+00   1.4957E+00   1.4957E+00   1.4957E+00   1.4957E+00   1.4960E+00   0.0000E+00   0.0000E+00
   1.6337E+07   1.0590E+00   1.0590E+00   1.0590E+00   1.0590E+00   1.0590E+00   1.0590E+00   1.0590E+00   1.0590E+00   1.0592E+00   0.0000E+00   0.0000E+00
   1.7516E+07   7.4999E-01   7.4999E-01   7.4999E-01   7.4999E-01   7.4999E-01   7.4999E-01   7.4999E-01   7.4999E-01   7.5014E-01   0.0000E+00   0.0000E+00
   1.8780E+07   5.3126E-01   5.3126E-01   5.3126E-01   5.3126E-01   5.3126E-01   5.3126E-01   5.3126E-01   5.3126E-01   5.3137E-01   0.0000E+00   0.0000E+00
   2.0135E+07   3.7640E-01   3.7640E-01   3.7640E-01   3.7640E-01   3.7640E-01   3.7640E-01   3.7640E-01   3.7640E-01   3.7648E-01   0.0000E+00   0.0000E+00
   2.1588E+07   2.6676E-01   2.6676E-01   2.6676E-01   2.6676E-01   2.6676E-01   2.6676E-01   2.6676E-01   2.6676E-01   2.6681E-01   0.0000E+00   0.0000E+00
   2.3146E+07   1.8910E-01   1.8910E-01   1.8910E-01   1.8910E-01   1.8910E-01   1.8910E-01   1.8910E-01   1.8910E-01   1.8914E-01   0.0000E+00   0.0000E+00
   2.4817E+07   1.3409E-01   1.3409E-01   1.3409E-01   1.3409E-01   1.3409E-01   1.3409E-01   1.3409E-01   1.3409E-01   1.3412E-01   0.0000E+00   0.0000E+00
   2.6608E+07   9.5114E-02   9.5114E-02   9.5114E-02   9.5114E-02   9.5114E-02   9.5114E-02   9.5114E-02   9.5114E-02   9.5133E-02   0.0000E+00   0.0000E+00
   2.8528E+07   6.7487E-02   6.7487E-02   6.7487E-02   6.7487E-02   6.7487E-02   6.7487E-02   6.7487E-02   6.7487E-02   6.7501E-02   0.0000E+00   0.0000E+00
   3.0587E+07   4.7901E-02   4.7901E-02   4.7901E-02   4.7901E-02   4.7901E-02   4.7901E-02   4.7901E-02   4.7901E-02   4.7911E-02   0.0000E+00   0.0000E+00
   3.2794E+07   3.4012E-02   3.4012E-02   3.4012E-02   3.4012E-02   3.4012E-02   3.4012E-02   3.4012E-02   3.4012E-02   3.4019E-02   0.0000E+00   0.0000E+00
   3.5161E+07   2.4159E-02   2.4159E-02   2.4159E-02   2.4159E-02   2.4159E-02   2.4159E-02   2.4159E-02   2.4159E-02   2.4164E-02   0.0000E+00   0.0000E+00
   3.7698E+07   1.7168E-02   1.7168E-02   1.7168E-02   1.7168E-02   1.7168E-02   1.7168E-02   1.7168E-02   1.7168E-02   1.7171E-02   0.0000E+00   0.0000E+00
   4.0419E+07   1.2205E-02   1.2205E-02   1.2205E-02   1.2205E-02   1.2205E-02   1.2205E-02   1.2205E-02   1.2205E-02   1.2207E-02   0.0000E+00   0.0000E+00
   4.3336E+07   8.6804E-03   8.6804E-03   8.6804E-03   8.6804E-03   8.6804E-03   8.6804E-03   8.6804E-03   8.6804E-03   8.6821E-03   0.0000E+00   0.0000E+00
   4.6463E+07   6.1767E-03   6.1767E-03   6.1767E-03   6.1767E-03   6.1767E-03   6.1767E-03   6.1767E-03   6.1767E-03   6.1780E-03   0.0000E+00   0.0000E+00
   4.9817E+07   4.3973E-03   4.3973E-03   4.3973E-03   4.3973E-03   4.3973E-03   4.3973E-03   4.3973E-03   4.3973E-03   4.3982E-03   0.0000E+00   0.0000E+00
   5.3412E+07   3.1323E-03   3.1323E-03   3.1323E-03   3.1323E-03   3.1323E-03   3.1323E-03   3.1323E-03   3.1323E-03   3.1329E-03   0.0000E+00   0.0000E+00
   5.7266E+07   2.2324E-03   2.2324E-03   2.2324E-03   2.2324E-03   2.2324E-03   2.2324E-03   2.2324E-03   2.2324E-03   2.2328E-03   0.0000E+00   0.0000E+00
   6.1399E+07   1.5920E-03   1.5920E-03   1.5920E-03   1.5920E-03   1.5920E-03   1.5920E-03   1.5920E-03   1.5920E-03   1.5923E-03   0.0000E+00   0.0000E+00
   6.5830E+07   1.1359E-03   1.1359E-03   1.1359E-03   1.1359E-03   1.1359E-03   1.1359E-03   1.1359E-03   1.1359E-03   1.1362E-03   0.0000E+00   0.0000E+00
   7.0581E+07   8.1108E-04   8.1108E-04   8.1108E-04   8.1108E-04   8.1108E-04   8.1108E-04   8.1108E-04   8.1108E-04   8.1125E-04   0.0000E+00   0.0000E+00
   7.5675E+07   5.7951E-04   5.7951E-04   5.7951E-04   5.7951E-04   5.7951E-04   5.7951E-04   5.7951E-04   5.7951E-04   5.7962E-04   0.0000E+00   0.0000E+00
   8.1136E+07   4.1435E-04   4.1435E-04   4.1435E-04   4.1435E-04   4.1435E-04   4.1435E-04   4.1435E-04   4.1435E-04   4.1443E-04   0.0000E+00   0.0000E+00
   8.6991E+07   2.9647E-04   2.9647E-04   2.9647E-04   2.9647E-04   2.9647E-04   2.9647E-04   2.9647E-04   2.9647E-04   2.9653E-04   0.0000E+00   0.0000E+00
   9.3269E+07   2.1229E-04   2.1229E-04   2.1229E-04   2.1229E-04   2.1229E-04   2.1229E-04   2.1229E-04   2.1229E-04   2.1234E-04   0.0000E+00   0.0000E+00
   1.0000E+08   1.5214E-04   1.5214E-04   1.5214E-04   1.5214E-04   1.5214E-04   1.5214E-04   1.5214E-04   1.5214E-04   1.5217E-04   0.0000E+00   0.0000E+00
