 (1): Wavelength (A) 
 (2): Intrinsic SED (1e30 erg/s/A)
 (3 - 9): SED at angles [   0.0000000      0.26183301      0.52366602      0.78549999       1.0473300       1.3091700       1.5710000     ] (1e30 erg/s/A)
 (10): Angle averaged SED (1e30 erg/s/A)
 (11): Molecular cloud emission (1e30 erg/s/A)
 (12): Cirrus emission (1e30 erg/s/A)
  
            1            2            3            4            5            6            7            8            9           10           11           12
   9.5000E+01   1.6111E+11   1.6111E+11   1.6111E+11   1.6111E+11   1.6111E+11   1.6111E+11   1.6111E+11   1.6111E+11   1.6114E+11   0.0000E+00   0.0000E+00
   1.0186E+02   1.9403E+11   1.9403E+11   1.9403E+11   1.9403E+11   1.9403E+11   1.9403E+11   1.9403E+11   1.9403E+11   1.9407E+11   0.0000E+00   0.0000E+00
   1.0921E+02   1.9668E+11   1.9668E+11   1.9668E+11   1.9668E+11   1.9668E+11   1.9668E+11   1.9668E+11   1.9668E+11   1.9672E+11   0.0000E+00   0.0000E+00
   1.1709E+02   1.9885E+11   1.9885E+11   1.9885E+11   1.9885E+11   1.9885E+11   1.9885E+11   1.9885E+11   1.9885E+11   1.9889E+11   0.0000E+00   0.0000E+00
   1.2554E+02   2.1002E+11   2.1002E+11   2.1002E+11   2.1002E+11   2.1002E+11   2.1002E+11   2.1002E+11   2.1002E+11   2.1006E+11   0.0000E+00   0.0000E+00
   1.3460E+02   2.1138E+11   2.1138E+11   2.1138E+11   2.1138E+11   2.1138E+11   2.1138E+11   2.1138E+11   2.1138E+11   2.1143E+11   0.0000E+00   0.0000E+00
   1.4431E+02   2.2293E+11   2.2293E+11   2.2293E+11   2.2293E+11   2.2293E+11   2.2293E+11   2.2293E+11   2.2293E+11   2.2297E+11   0.0000E+00   0.0000E+00
   1.5473E+02   2.3089E+11   2.3089E+11   2.3089E+11   2.3089E+11   2.3089E+11   2.3089E+11   2.3089E+11   2.3089E+11   2.3093E+11   0.0000E+00   0.0000E+00
   1.6589E+02   2.3425E+11   2.3425E+11   2.3425E+11   2.3425E+11   2.3425E+11   2.3425E+11   2.3425E+11   2.3425E+11   2.3429E+11   0.0000E+00   0.0000E+00
   1.7786E+02   2.3593E+11   2.3593E+11   2.3593E+11   2.3593E+11   2.3593E+11   2.3593E+11   2.3593E+11   2.3593E+11   2.3598E+11   0.0000E+00   0.0000E+00
   1.9070E+02   2.3759E+11   2.3759E+11   2.3759E+11   2.3759E+11   2.3759E+11   2.3759E+11   2.3759E+11   2.3759E+11   2.3763E+11   0.0000E+00   0.0000E+00
   2.0446E+02   2.4196E+11   2.4196E+11   2.4196E+11   2.4196E+11   2.4196E+11   2.4196E+11   2.4196E+11   2.4196E+11   2.4200E+11   0.0000E+00   0.0000E+00
   2.1922E+02   2.4530E+11   2.4530E+11   2.4530E+11   2.4530E+11   2.4530E+11   2.4530E+11   2.4530E+11   2.4530E+11   2.4535E+11   0.0000E+00   0.0000E+00
   2.3504E+02   5.2934E+11   5.2934E+11   5.2934E+11   5.2934E+11   5.2934E+11   5.2934E+11   5.2934E+11   5.2934E+11   5.2945E+11   0.0000E+00   0.0000E+00
   2.5200E+02   1.0009E+12   1.0009E+12   1.0009E+12   1.0009E+12   1.0009E+12   1.0009E+12   1.0009E+12   1.0009E+12   1.0011E+12   0.0000E+00   0.0000E+00
   2.7019E+02   1.2658E+12   1.2658E+12   1.2658E+12   1.2658E+12   1.2658E+12   1.2658E+12   1.2658E+12   1.2658E+12   1.2661E+12   0.0000E+00   0.0000E+00
   2.8969E+02   1.2463E+12   1.2463E+12   1.2463E+12   1.2463E+12   1.2463E+12   1.2463E+12   1.2463E+12   1.2463E+12   1.2465E+12   0.0000E+00   0.0000E+00
   3.1059E+02   1.0639E+12   1.0639E+12   1.0639E+12   1.0639E+12   1.0639E+12   1.0639E+12   1.0639E+12   1.0639E+12   1.0642E+12   0.0000E+00   0.0000E+00
   3.3301E+02   1.2629E+12   1.2629E+12   1.2629E+12   1.2629E+12   1.2629E+12   1.2629E+12   1.2629E+12   1.2629E+12   1.2632E+12   0.0000E+00   0.0000E+00
   3.5704E+02   1.2912E+12   1.2912E+12   1.2912E+12   1.2912E+12   1.2912E+12   1.2912E+12   1.2912E+12   1.2912E+12   1.2915E+12   0.0000E+00   0.0000E+00
   3.8280E+02   1.2992E+12   1.2992E+12   1.2992E+12   1.2992E+12   1.2992E+12   1.2992E+12   1.2992E+12   1.2992E+12   1.2995E+12   0.0000E+00   0.0000E+00
   4.1043E+02   1.4882E+12   1.4882E+12   1.4882E+12   1.4882E+12   1.4882E+12   1.4882E+12   1.4882E+12   1.4882E+12   1.4885E+12   0.0000E+00   0.0000E+00
   4.4005E+02   1.4196E+12   1.4196E+12   1.4196E+12   1.4196E+12   1.4196E+12   1.4196E+12   1.4196E+12   1.4196E+12   1.4198E+12   0.0000E+00   0.0000E+00
   4.7181E+02   1.3257E+12   1.3257E+12   1.3257E+12   1.3257E+12   1.3257E+12   1.3257E+12   1.3257E+12   1.3257E+12   1.3260E+12   0.0000E+00   0.0000E+00
   5.0586E+02   1.3037E+12   1.3037E+12   1.3037E+12   1.3037E+12   1.3037E+12   1.3037E+12   1.3037E+12   1.3037E+12   1.3040E+12   0.0000E+00   0.0000E+00
   5.4236E+02   1.4176E+12   1.4176E+12   1.4176E+12   1.4176E+12   1.4176E+12   1.4176E+12   1.4176E+12   1.4176E+12   1.4179E+12   0.0000E+00   0.0000E+00
   5.8151E+02   1.5570E+12   1.5570E+12   1.5570E+12   1.5570E+12   1.5570E+12   1.5570E+12   1.5570E+12   1.5570E+12   1.5573E+12   0.0000E+00   0.0000E+00
   6.2347E+02   1.5060E+12   1.5060E+12   1.5060E+12   1.5060E+12   1.5060E+12   1.5060E+12   1.5060E+12   1.5060E+12   1.5063E+12   0.0000E+00   0.0000E+00
   6.6847E+02   1.4504E+12   1.4504E+12   1.4504E+12   1.4504E+12   1.4504E+12   1.4504E+12   1.4504E+12   1.4504E+12   1.4507E+12   0.0000E+00   0.0000E+00
   7.1671E+02   1.3953E+12   1.3953E+12   1.3953E+12   1.3953E+12   1.3953E+12   1.3953E+12   1.3953E+12   1.3953E+12   1.3956E+12   0.0000E+00   0.0000E+00
   7.6843E+02   1.2286E+12   1.2286E+12   1.2286E+12   1.2286E+12   1.2286E+12   1.2286E+12   1.2286E+12   1.2286E+12   1.2288E+12   0.0000E+00   0.0000E+00
   8.2389E+02   1.2100E+12   1.2100E+12   1.2100E+12   1.2100E+12   1.2100E+12   1.2100E+12   1.2100E+12   1.2100E+12   1.2103E+12   0.0000E+00   0.0000E+00
   8.8334E+02   1.1279E+12   1.1279E+12   1.1279E+12   1.1279E+12   1.1279E+12   1.1279E+12   1.1279E+12   1.1279E+12   1.1281E+12   0.0000E+00   0.0000E+00
   9.4709E+02   3.7473E+12   3.7473E+12   3.7473E+12   3.7473E+12   3.7473E+12   3.7473E+12   3.7473E+12   3.7473E+12   3.7480E+12   0.0000E+00   0.0000E+00
   1.0154E+03   4.1748E+12   4.1748E+12   4.1748E+12   4.1748E+12   4.1748E+12   4.1748E+12   4.1748E+12   4.1748E+12   4.1756E+12   0.0000E+00   0.0000E+00
   1.0887E+03   4.0321E+12   4.0321E+12   4.0321E+12   4.0321E+12   4.0321E+12   4.0321E+12   4.0321E+12   4.0321E+12   4.0330E+12   0.0000E+00   0.0000E+00
   1.1673E+03   3.5591E+12   3.5591E+12   3.5591E+12   3.5591E+12   3.5591E+12   3.5591E+12   3.5591E+12   3.5591E+12   3.5598E+12   0.0000E+00   0.0000E+00
   1.2515E+03   3.3071E+12   3.3071E+12   3.3071E+12   3.3071E+12   3.3071E+12   3.3071E+12   3.3071E+12   3.3071E+12   3.3078E+12   0.0000E+00   0.0000E+00
   1.3419E+03   3.0767E+12   3.0767E+12   3.0767E+12   3.0767E+12   3.0767E+12   3.0767E+12   3.0767E+12   3.0767E+12   3.0773E+12   0.0000E+00   0.0000E+00
   1.4387E+03   2.6064E+12   2.6064E+12   2.6064E+12   2.6064E+12   2.6064E+12   2.6064E+12   2.6064E+12   2.6064E+12   2.6070E+12   0.0000E+00   0.0000E+00
   1.5425E+03   1.9174E+12   1.9174E+12   1.9174E+12   1.9174E+12   1.9174E+12   1.9174E+12   1.9174E+12   1.9174E+12   1.9178E+12   0.0000E+00   0.0000E+00
   1.6538E+03   1.8248E+12   1.8248E+12   1.8248E+12   1.8248E+12   1.8248E+12   1.8248E+12   1.8248E+12   1.8248E+12   1.8251E+12   0.0000E+00   0.0000E+00
   1.7732E+03   1.6086E+12   1.6086E+12   1.6086E+12   1.6086E+12   1.6086E+12   1.6086E+12   1.6086E+12   1.6086E+12   1.6090E+12   0.0000E+00   0.0000E+00
   1.9012E+03   1.3566E+12   1.3566E+12   1.3566E+12   1.3566E+12   1.3566E+12   1.3566E+12   1.3566E+12   1.3566E+12   1.3569E+12   0.0000E+00   0.0000E+00
   2.0384E+03   1.1991E+12   1.1991E+12   1.1991E+12   1.1991E+12   1.1991E+12   1.1991E+12   1.1991E+12   1.1991E+12   1.1994E+12   0.0000E+00   0.0000E+00
   2.1855E+03   1.0393E+12   1.0393E+12   1.0393E+12   1.0393E+12   1.0393E+12   1.0393E+12   1.0393E+12   1.0393E+12   1.0395E+12   0.0000E+00   0.0000E+00
   2.3432E+03   8.3902E+11   8.3902E+11   8.3902E+11   8.3902E+11   8.3902E+11   8.3902E+11   8.3902E+11   8.3902E+11   8.3919E+11   0.0000E+00   0.0000E+00
   2.5123E+03   7.1833E+11   7.1833E+11   7.1833E+11   7.1833E+11   7.1833E+11   7.1833E+11   7.1833E+11   7.1833E+11   7.1848E+11   0.0000E+00   0.0000E+00
   2.6936E+03   6.6548E+11   6.6548E+11   6.6548E+11   6.6548E+11   6.6548E+11   6.6548E+11   6.6548E+11   6.6548E+11   6.6562E+11   0.0000E+00   0.0000E+00
   2.8880E+03   5.9088E+11   5.9088E+11   5.9088E+11   5.9088E+11   5.9088E+11   5.9088E+11   5.9088E+11   5.9088E+11   5.9100E+11   0.0000E+00   0.0000E+00
   3.0964E+03   5.3754E+11   5.3754E+11   5.3754E+11   5.3754E+11   5.3754E+11   5.3754E+11   5.3754E+11   5.3754E+11   5.3765E+11   0.0000E+00   0.0000E+00
   3.3199E+03   4.8076E+11   4.8076E+11   4.8076E+11   4.8076E+11   4.8076E+11   4.8076E+11   4.8076E+11   4.8076E+11   4.8086E+11   0.0000E+00   0.0000E+00
   3.5595E+03   4.3981E+11   4.3981E+11   4.3981E+11   4.3981E+11   4.3981E+11   4.3981E+11   4.3981E+11   4.3981E+11   4.3990E+11   0.0000E+00   0.0000E+00
   3.8163E+03   5.6572E+11   5.6572E+11   5.6572E+11   5.6572E+11   5.6572E+11   5.6572E+11   5.6572E+11   5.6572E+11   5.6584E+11   0.0000E+00   0.0000E+00
   4.0918E+03   5.4870E+11   5.4870E+11   5.4870E+11   5.4870E+11   5.4870E+11   5.4870E+11   5.4870E+11   5.4870E+11   5.4881E+11   0.0000E+00   0.0000E+00
   4.3870E+03   5.2379E+11   5.2379E+11   5.2379E+11   5.2379E+11   5.2379E+11   5.2379E+11   5.2379E+11   5.2379E+11   5.2389E+11   0.0000E+00   0.0000E+00
   4.7036E+03   4.8715E+11   4.8715E+11   4.8715E+11   4.8715E+11   4.8715E+11   4.8715E+11   4.8715E+11   4.8715E+11   4.8725E+11   0.0000E+00   0.0000E+00
   5.0431E+03   4.2831E+11   4.2831E+11   4.2831E+11   4.2831E+11   4.2831E+11   4.2831E+11   4.2831E+11   4.2831E+11   4.2840E+11   0.0000E+00   0.0000E+00
   5.4070E+03   3.8102E+11   3.8102E+11   3.8102E+11   3.8102E+11   3.8102E+11   3.8102E+11   3.8102E+11   3.8102E+11   3.8110E+11   0.0000E+00   0.0000E+00
   5.7973E+03   3.6510E+11   3.6510E+11   3.6510E+11   3.6510E+11   3.6510E+11   3.6510E+11   3.6510E+11   3.6510E+11   3.6517E+11   0.0000E+00   0.0000E+00
   6.2156E+03   3.1935E+11   3.1935E+11   3.1935E+11   3.1935E+11   3.1935E+11   3.1935E+11   3.1935E+11   3.1935E+11   3.1942E+11   0.0000E+00   0.0000E+00
   6.6642E+03   2.8846E+11   2.8846E+11   2.8846E+11   2.8846E+11   2.8846E+11   2.8846E+11   2.8846E+11   2.8846E+11   2.8852E+11   0.0000E+00   0.0000E+00
   7.1451E+03   2.5717E+11   2.5717E+11   2.5717E+11   2.5717E+11   2.5717E+11   2.5717E+11   2.5717E+11   2.5717E+11   2.5723E+11   0.0000E+00   0.0000E+00
   7.6608E+03   2.3545E+11   2.3545E+11   2.3545E+11   2.3545E+11   2.3545E+11   2.3545E+11   2.3545E+11   2.3545E+11   2.3550E+11   0.0000E+00   0.0000E+00
   8.2136E+03   2.1390E+11   2.1390E+11   2.1390E+11   2.1390E+11   2.1390E+11   2.1390E+11   2.1390E+11   2.1390E+11   2.1394E+11   0.0000E+00   0.0000E+00
   8.8064E+03   1.7849E+11   1.7849E+11   1.7849E+11   1.7849E+11   1.7849E+11   1.7849E+11   1.7849E+11   1.7849E+11   1.7853E+11   0.0000E+00   0.0000E+00
   9.4420E+03   1.7288E+11   1.7288E+11   1.7288E+11   1.7288E+11   1.7288E+11   1.7288E+11   1.7288E+11   1.7288E+11   1.7291E+11   0.0000E+00   0.0000E+00
   1.0123E+04   1.5536E+11   1.5536E+11   1.5536E+11   1.5536E+11   1.5536E+11   1.5536E+11   1.5536E+11   1.5536E+11   1.5539E+11   0.0000E+00   0.0000E+00
   1.0854E+04   1.3423E+11   1.3423E+11   1.3423E+11   1.3423E+11   1.3423E+11   1.3423E+11   1.3423E+11   1.3423E+11   1.3426E+11   0.0000E+00   0.0000E+00
   1.1637E+04   1.1869E+11   1.1869E+11   1.1869E+11   1.1869E+11   1.1869E+11   1.1869E+11   1.1869E+11   1.1869E+11   1.1871E+11   0.0000E+00   0.0000E+00
   1.2477E+04   1.0056E+11   1.0056E+11   1.0056E+11   1.0056E+11   1.0056E+11   1.0056E+11   1.0056E+11   1.0056E+11   1.0058E+11   0.0000E+00   0.0000E+00
   1.3377E+04   8.9684E+10   8.9684E+10   8.9684E+10   8.9684E+10   8.9684E+10   8.9684E+10   8.9684E+10   8.9684E+10   8.9702E+10   0.0000E+00   0.0000E+00
   1.4343E+04   7.9762E+10   7.9762E+10   7.9762E+10   7.9762E+10   7.9762E+10   7.9762E+10   7.9762E+10   7.9762E+10   7.9778E+10   0.0000E+00   0.0000E+00
   1.5378E+04   7.1368E+10   7.1368E+10   7.1368E+10   7.1368E+10   7.1368E+10   7.1368E+10   7.1368E+10   7.1368E+10   7.1382E+10   0.0000E+00   0.0000E+00
   1.6488E+04   6.5893E+10   6.5893E+10   6.5893E+10   6.5893E+10   6.5893E+10   6.5893E+10   6.5893E+10   6.5893E+10   6.5907E+10   0.0000E+00   0.0000E+00
   1.7678E+04   5.7159E+10   5.7159E+10   5.7159E+10   5.7159E+10   5.7159E+10   5.7159E+10   5.7159E+10   5.7159E+10   5.7171E+10   0.0000E+00   0.0000E+00
   1.8953E+04   4.4856E+10   4.4856E+10   4.4856E+10   4.4856E+10   4.4856E+10   4.4856E+10   4.4856E+10   4.4856E+10   4.4865E+10   0.0000E+00   0.0000E+00
   2.0321E+04   3.8445E+10   3.8445E+10   3.8445E+10   3.8445E+10   3.8445E+10   3.8445E+10   3.8445E+10   3.8445E+10   3.8453E+10   0.0000E+00   0.0000E+00
   2.1788E+04   3.0780E+10   3.0780E+10   3.0780E+10   3.0780E+10   3.0780E+10   3.0780E+10   3.0780E+10   3.0780E+10   3.0786E+10   0.0000E+00   0.0000E+00
   2.3360E+04   2.6163E+10   2.6163E+10   2.6163E+10   2.6163E+10   2.6163E+10   2.6163E+10   2.6163E+10   2.6163E+10   2.6168E+10   0.0000E+00   0.0000E+00
   2.5046E+04   1.7103E+10   1.7103E+10   1.7103E+10   1.7103E+10   1.7103E+10   1.7103E+10   1.7103E+10   1.7103E+10   1.7106E+10   0.0000E+00   0.0000E+00
   2.6854E+04   1.5820E+10   1.5820E+10   1.5820E+10   1.5820E+10   1.5820E+10   1.5820E+10   1.5820E+10   1.5820E+10   1.5823E+10   0.0000E+00   0.0000E+00
   2.8792E+04   1.4142E+10   1.4142E+10   1.4142E+10   1.4142E+10   1.4142E+10   1.4142E+10   1.4142E+10   1.4142E+10   1.4145E+10   0.0000E+00   0.0000E+00
   3.0869E+04   1.0535E+10   1.0535E+10   1.0535E+10   1.0535E+10   1.0535E+10   1.0535E+10   1.0535E+10   1.0535E+10   1.0538E+10   0.0000E+00   0.0000E+00
   3.3097E+04   9.1222E+09   9.1222E+09   9.1222E+09   9.1222E+09   9.1222E+09   9.1222E+09   9.1222E+09   9.1222E+09   9.1241E+09   0.0000E+00   0.0000E+00
   3.5486E+04   8.2447E+09   8.2447E+09   8.2447E+09   8.2447E+09   8.2447E+09   8.2447E+09   8.2447E+09   8.2447E+09   8.2464E+09   0.0000E+00   0.0000E+00
   3.8047E+04   6.4880E+09   6.4880E+09   6.4880E+09   6.4880E+09   6.4880E+09   6.4880E+09   6.4880E+09   6.4880E+09   6.4894E+09   0.0000E+00   0.0000E+00
   4.0792E+04   5.7546E+09   5.7546E+09   5.7546E+09   5.7546E+09   5.7546E+09   5.7546E+09   5.7546E+09   5.7546E+09   5.7558E+09   0.0000E+00   0.0000E+00
   4.3736E+04   4.8173E+09   4.8173E+09   4.8173E+09   4.8173E+09   4.8173E+09   4.8173E+09   4.8173E+09   4.8173E+09   4.8183E+09   0.0000E+00   0.0000E+00
   4.6893E+04   3.9930E+09   3.9930E+09   3.9930E+09   3.9930E+09   3.9930E+09   3.9930E+09   3.9930E+09   3.9930E+09   3.9938E+09   0.0000E+00   0.0000E+00
   5.0277E+04   3.4848E+09   3.4848E+09   3.4848E+09   3.4848E+09   3.4848E+09   3.4848E+09   3.4848E+09   3.4848E+09   3.4855E+09   0.0000E+00   0.0000E+00
   5.3905E+04   3.0716E+09   3.0716E+09   3.0716E+09   3.0716E+09   3.0716E+09   3.0716E+09   3.0716E+09   3.0716E+09   3.0722E+09   0.0000E+00   0.0000E+00
   5.7795E+04   2.7352E+09   2.7352E+09   2.7352E+09   2.7352E+09   2.7352E+09   2.7352E+09   2.7352E+09   2.7352E+09   2.7358E+09   0.0000E+00   0.0000E+00
   6.1966E+04   2.4264E+09   2.4264E+09   2.4264E+09   2.4264E+09   2.4264E+09   2.4264E+09   2.4264E+09   2.4264E+09   2.4269E+09   0.0000E+00   0.0000E+00
   6.6438E+04   2.1467E+09   2.1467E+09   2.1467E+09   2.1467E+09   2.1467E+09   2.1467E+09   2.1467E+09   2.1467E+09   2.1471E+09   0.0000E+00   0.0000E+00
   7.1233E+04   1.9198E+09   1.9198E+09   1.9198E+09   1.9198E+09   1.9198E+09   1.9198E+09   1.9198E+09   1.9198E+09   1.9202E+09   0.0000E+00   0.0000E+00
   7.6374E+04   1.7225E+09   1.7225E+09   1.7225E+09   1.7225E+09   1.7225E+09   1.7225E+09   1.7225E+09   1.7225E+09   1.7228E+09   0.0000E+00   0.0000E+00
   8.1885E+04   1.5406E+09   1.5406E+09   1.5406E+09   1.5406E+09   1.5406E+09   1.5406E+09   1.5406E+09   1.5406E+09   1.5409E+09   0.0000E+00   0.0000E+00
   8.7795E+04   1.4046E+09   1.4046E+09   1.4046E+09   1.4046E+09   1.4046E+09   1.4046E+09   1.4046E+09   1.4046E+09   1.4049E+09   0.0000E+00   0.0000E+00
   9.4131E+04   1.2617E+09   1.2617E+09   1.2617E+09   1.2617E+09   1.2617E+09   1.2617E+09   1.2617E+09   1.2617E+09   1.2619E+09   0.0000E+00   0.0000E+00
   1.0092E+05   1.1430E+09   1.1430E+09   1.1430E+09   1.1430E+09   1.1430E+09   1.1430E+09   1.1430E+09   1.1430E+09   1.1432E+09   0.0000E+00   0.0000E+00
   1.0821E+05   1.0286E+09   1.0286E+09   1.0286E+09   1.0286E+09   1.0286E+09   1.0286E+09   1.0286E+09   1.0286E+09   1.0288E+09   0.0000E+00   0.0000E+00
   1.1602E+05   9.2245E+08   9.2245E+08   9.2245E+08   9.2245E+08   9.2245E+08   9.2245E+08   9.2245E+08   9.2245E+08   9.2264E+08   0.0000E+00   0.0000E+00
   1.2439E+05   8.3195E+08   8.3195E+08   8.3195E+08   8.3195E+08   8.3195E+08   8.3195E+08   8.3195E+08   8.3195E+08   8.3212E+08   0.0000E+00   0.0000E+00
   1.3337E+05   7.5844E+08   7.5844E+08   7.5844E+08   7.5844E+08   7.5844E+08   7.5844E+08   7.5844E+08   7.5844E+08   7.5859E+08   0.0000E+00   0.0000E+00
   1.4299E+05   6.9159E+08   6.9159E+08   6.9159E+08   6.9159E+08   6.9159E+08   6.9159E+08   6.9159E+08   6.9159E+08   6.9173E+08   0.0000E+00   0.0000E+00
   1.5331E+05   6.2023E+08   6.2023E+08   6.2023E+08   6.2023E+08   6.2023E+08   6.2023E+08   6.2023E+08   6.2023E+08   6.2035E+08   0.0000E+00   0.0000E+00
   1.6437E+05   5.6763E+08   5.6763E+08   5.6763E+08   5.6763E+08   5.6763E+08   5.6763E+08   5.6763E+08   5.6763E+08   5.6775E+08   0.0000E+00   0.0000E+00
   1.7624E+05   5.0992E+08   5.0992E+08   5.0992E+08   5.0992E+08   5.0992E+08   5.0992E+08   5.0992E+08   5.0992E+08   5.1002E+08   0.0000E+00   0.0000E+00
   1.8895E+05   4.5777E+08   4.5777E+08   4.5777E+08   4.5777E+08   4.5777E+08   4.5777E+08   4.5777E+08   4.5777E+08   4.5787E+08   0.0000E+00   0.0000E+00
   2.0259E+05   4.1573E+08   4.1573E+08   4.1573E+08   4.1573E+08   4.1573E+08   4.1573E+08   4.1573E+08   4.1573E+08   4.1581E+08   0.0000E+00   0.0000E+00
   2.1721E+05   3.7826E+08   3.7826E+08   3.7826E+08   3.7826E+08   3.7826E+08   3.7826E+08   3.7826E+08   3.7826E+08   3.7834E+08   0.0000E+00   0.0000E+00
   2.3289E+05   3.4019E+08   3.4019E+08   3.4019E+08   3.4019E+08   3.4019E+08   3.4019E+08   3.4019E+08   3.4019E+08   3.4026E+08   0.0000E+00   0.0000E+00
   2.4969E+05   2.9910E+08   2.9910E+08   2.9910E+08   2.9910E+08   2.9910E+08   2.9910E+08   2.9910E+08   2.9910E+08   2.9916E+08   0.0000E+00   0.0000E+00
   2.6771E+05   2.6911E+08   2.6911E+08   2.6911E+08   2.6911E+08   2.6911E+08   2.6911E+08   2.6911E+08   2.6911E+08   2.6917E+08   0.0000E+00   0.0000E+00
   2.8703E+05   2.4194E+08   2.4194E+08   2.4194E+08   2.4194E+08   2.4194E+08   2.4194E+08   2.4194E+08   2.4194E+08   2.4199E+08   0.0000E+00   0.0000E+00
   3.0775E+05   2.1302E+08   2.1302E+08   2.1302E+08   2.1302E+08   2.1302E+08   2.1302E+08   2.1302E+08   2.1302E+08   2.1306E+08   0.0000E+00   0.0000E+00
   3.2996E+05   1.8711E+08   1.8711E+08   1.8711E+08   1.8711E+08   1.8711E+08   1.8711E+08   1.8711E+08   1.8711E+08   1.8714E+08   0.0000E+00   0.0000E+00
   3.5377E+05   1.6269E+08   1.6269E+08   1.6269E+08   1.6269E+08   1.6269E+08   1.6269E+08   1.6269E+08   1.6269E+08   1.6272E+08   0.0000E+00   0.0000E+00
   3.7930E+05   1.4475E+08   1.4475E+08   1.4475E+08   1.4475E+08   1.4475E+08   1.4475E+08   1.4475E+08   1.4475E+08   1.4478E+08   0.0000E+00   0.0000E+00
   4.0667E+05   1.2587E+08   1.2587E+08   1.2587E+08   1.2587E+08   1.2587E+08   1.2587E+08   1.2587E+08   1.2587E+08   1.2590E+08   0.0000E+00   0.0000E+00
   4.3602E+05   1.0916E+08   1.0916E+08   1.0916E+08   1.0916E+08   1.0916E+08   1.0916E+08   1.0916E+08   1.0916E+08   1.0918E+08   0.0000E+00   0.0000E+00
   4.6749E+05   9.3032E+07   9.3032E+07   9.3032E+07   9.3032E+07   9.3032E+07   9.3032E+07   9.3032E+07   9.3032E+07   9.3051E+07   0.0000E+00   0.0000E+00
   5.0123E+05   8.0637E+07   8.0637E+07   8.0637E+07   8.0637E+07   8.0637E+07   8.0637E+07   8.0637E+07   8.0637E+07   8.0654E+07   0.0000E+00   0.0000E+00
   5.3740E+05   6.7734E+07   6.7734E+07   6.7734E+07   6.7734E+07   6.7734E+07   6.7734E+07   6.7734E+07   6.7734E+07   6.7748E+07   0.0000E+00   0.0000E+00
   5.7618E+05   5.6897E+07   5.6897E+07   5.6897E+07   5.6897E+07   5.6897E+07   5.6897E+07   5.6897E+07   5.6897E+07   5.6908E+07   0.0000E+00   0.0000E+00
   6.1776E+05   4.7794E+07   4.7794E+07   4.7794E+07   4.7794E+07   4.7794E+07   4.7794E+07   4.7794E+07   4.7794E+07   4.7803E+07   0.0000E+00   0.0000E+00
   6.6235E+05   3.9055E+07   3.9055E+07   3.9055E+07   3.9055E+07   3.9055E+07   3.9055E+07   3.9055E+07   3.9055E+07   3.9063E+07   0.0000E+00   0.0000E+00
   7.1015E+05   3.1171E+07   3.1171E+07   3.1171E+07   3.1171E+07   3.1171E+07   3.1171E+07   3.1171E+07   3.1171E+07   3.1177E+07   0.0000E+00   0.0000E+00
   7.6140E+05   2.4992E+07   2.4992E+07   2.4992E+07   2.4992E+07   2.4992E+07   2.4992E+07   2.4992E+07   2.4992E+07   2.4997E+07   0.0000E+00   0.0000E+00
   8.1635E+05   1.9252E+07   1.9252E+07   1.9252E+07   1.9252E+07   1.9252E+07   1.9252E+07   1.9252E+07   1.9252E+07   1.9256E+07   0.0000E+00   0.0000E+00
   8.7526E+05   1.4995E+07   1.4995E+07   1.4995E+07   1.4995E+07   1.4995E+07   1.4995E+07   1.4995E+07   1.4995E+07   1.4998E+07   0.0000E+00   0.0000E+00
   9.3842E+05   1.1544E+07   1.1544E+07   1.1544E+07   1.1544E+07   1.1544E+07   1.1544E+07   1.1544E+07   1.1544E+07   1.1547E+07   0.0000E+00   0.0000E+00
   1.0061E+06   8.2371E+06   8.2371E+06   8.2371E+06   8.2371E+06   8.2371E+06   8.2371E+06   8.2371E+06   8.2371E+06   8.2388E+06   0.0000E+00   0.0000E+00
   1.0788E+06   5.8143E+06   5.8143E+06   5.8143E+06   5.8143E+06   5.8143E+06   5.8143E+06   5.8143E+06   5.8143E+06   5.8154E+06   0.0000E+00   0.0000E+00
   1.1566E+06   4.1041E+06   4.1041E+06   4.1041E+06   4.1041E+06   4.1041E+06   4.1041E+06   4.1041E+06   4.1041E+06   4.1049E+06   0.0000E+00   0.0000E+00
   1.2401E+06   2.8969E+06   2.8969E+06   2.8969E+06   2.8969E+06   2.8969E+06   2.8969E+06   2.8969E+06   2.8969E+06   2.8975E+06   0.0000E+00   0.0000E+00
   1.3296E+06   2.0449E+06   2.0449E+06   2.0449E+06   2.0449E+06   2.0449E+06   2.0449E+06   2.0449E+06   2.0449E+06   2.0453E+06   0.0000E+00   0.0000E+00
   1.4255E+06   1.4434E+06   1.4434E+06   1.4434E+06   1.4434E+06   1.4434E+06   1.4434E+06   1.4434E+06   1.4434E+06   1.4437E+06   0.0000E+00   0.0000E+00
   1.5284E+06   1.0189E+06   1.0189E+06   1.0189E+06   1.0189E+06   1.0189E+06   1.0189E+06   1.0189E+06   1.0189E+06   1.0191E+06   0.0000E+00   0.0000E+00
   1.6387E+06   7.1920E+05   7.1920E+05   7.1920E+05   7.1920E+05   7.1920E+05   7.1920E+05   7.1920E+05   7.1920E+05   7.1935E+05   0.0000E+00   0.0000E+00
   1.7570E+06   5.0768E+05   5.0768E+05   5.0768E+05   5.0768E+05   5.0768E+05   5.0768E+05   5.0768E+05   5.0768E+05   5.0778E+05   0.0000E+00   0.0000E+00
   1.8838E+06   3.5837E+05   3.5837E+05   3.5837E+05   3.5837E+05   3.5837E+05   3.5837E+05   3.5837E+05   3.5837E+05   3.5844E+05   0.0000E+00   0.0000E+00
   2.0197E+06   2.5297E+05   2.5297E+05   2.5297E+05   2.5297E+05   2.5297E+05   2.5297E+05   2.5297E+05   2.5297E+05   2.5302E+05   0.0000E+00   0.0000E+00
   2.1655E+06   1.7858E+05   1.7858E+05   1.7858E+05   1.7858E+05   1.7858E+05   1.7858E+05   1.7858E+05   1.7858E+05   1.7861E+05   0.0000E+00   0.0000E+00
   2.3217E+06   1.2606E+05   1.2606E+05   1.2606E+05   1.2606E+05   1.2606E+05   1.2606E+05   1.2606E+05   1.2606E+05   1.2609E+05   0.0000E+00   0.0000E+00
   2.4893E+06   8.8988E+04   8.8988E+04   8.8988E+04   8.8988E+04   8.8988E+04   8.8988E+04   8.8988E+04   8.8988E+04   8.9006E+04   0.0000E+00   0.0000E+00
   2.6689E+06   6.2820E+04   6.2820E+04   6.2820E+04   6.2820E+04   6.2820E+04   6.2820E+04   6.2820E+04   6.2820E+04   6.2832E+04   0.0000E+00   0.0000E+00
   2.8616E+06   4.4347E+04   4.4347E+04   4.4347E+04   4.4347E+04   4.4347E+04   4.4347E+04   4.4347E+04   4.4347E+04   4.4356E+04   0.0000E+00   0.0000E+00
   3.0681E+06   3.1306E+04   3.1306E+04   3.1306E+04   3.1306E+04   3.1306E+04   3.1306E+04   3.1306E+04   3.1306E+04   3.1313E+04   0.0000E+00   0.0000E+00
   3.2895E+06   2.2101E+04   2.2101E+04   2.2101E+04   2.2101E+04   2.2101E+04   2.2101E+04   2.2101E+04   2.2101E+04   2.2106E+04   0.0000E+00   0.0000E+00
   3.5269E+06   1.5603E+04   1.5603E+04   1.5603E+04   1.5603E+04   1.5603E+04   1.5603E+04   1.5603E+04   1.5603E+04   1.5606E+04   0.0000E+00   0.0000E+00
   3.7814E+06   1.1015E+04   1.1015E+04   1.1015E+04   1.1015E+04   1.1015E+04   1.1015E+04   1.1015E+04   1.1015E+04   1.1017E+04   0.0000E+00   0.0000E+00
   4.0543E+06   7.7768E+03   7.7768E+03   7.7768E+03   7.7768E+03   7.7768E+03   7.7768E+03   7.7768E+03   7.7768E+03   7.7783E+03   0.0000E+00   0.0000E+00
   4.3469E+06   5.4904E+03   5.4904E+03   5.4904E+03   5.4904E+03   5.4904E+03   5.4904E+03   5.4904E+03   5.4904E+03   5.4915E+03   0.0000E+00   0.0000E+00
   4.6606E+06   3.8764E+03   3.8764E+03   3.8763E+03   3.8763E+03   3.8763E+03   3.8763E+03   3.8763E+03   3.8763E+03   3.8771E+03   0.0000E+00   0.0000E+00
   4.9969E+06   2.7369E+03   2.7369E+03   2.7369E+03   2.7369E+03   2.7369E+03   2.7369E+03   2.7369E+03   2.7369E+03   2.7374E+03   0.0000E+00   0.0000E+00
   5.3576E+06   1.9323E+03   1.9323E+03   1.9323E+03   1.9323E+03   1.9323E+03   1.9323E+03   1.9323E+03   1.9323E+03   1.9327E+03   0.0000E+00   0.0000E+00
   5.7442E+06   1.3644E+03   1.3644E+03   1.3644E+03   1.3644E+03   1.3644E+03   1.3644E+03   1.3644E+03   1.3644E+03   1.3647E+03   0.0000E+00   0.0000E+00
   6.1587E+06   9.6338E+02   9.6338E+02   9.6338E+02   9.6338E+02   9.6338E+02   9.6338E+02   9.6338E+02   9.6338E+02   9.6357E+02   0.0000E+00   0.0000E+00
   6.6032E+06   6.8025E+02   6.8025E+02   6.8025E+02   6.8025E+02   6.8025E+02   6.8025E+02   6.8025E+02   6.8025E+02   6.8038E+02   0.0000E+00   0.0000E+00
   7.0797E+06   4.8034E+02   4.8034E+02   4.8034E+02   4.8034E+02   4.8034E+02   4.8034E+02   4.8034E+02   4.8034E+02   4.8044E+02   0.0000E+00   0.0000E+00
   7.5907E+06   3.3919E+02   3.3919E+02   3.3919E+02   3.3919E+02   3.3919E+02   3.3919E+02   3.3919E+02   3.3919E+02   3.3926E+02   0.0000E+00   0.0000E+00
   8.1385E+06   2.3953E+02   2.3953E+02   2.3953E+02   2.3953E+02   2.3953E+02   2.3953E+02   2.3953E+02   2.3953E+02   2.3958E+02   0.0000E+00   0.0000E+00
   8.7258E+06   1.6916E+02   1.6916E+02   1.6916E+02   1.6916E+02   1.6916E+02   1.6916E+02   1.6916E+02   1.6916E+02   1.6919E+02   0.0000E+00   0.0000E+00
   9.3555E+06   1.1946E+02   1.1946E+02   1.1946E+02   1.1946E+02   1.1946E+02   1.1946E+02   1.1946E+02   1.1946E+02   1.1949E+02   0.0000E+00   0.0000E+00
   1.0031E+07   8.4372E+01   8.4372E+01   8.4372E+01   8.4372E+01   8.4372E+01   8.4372E+01   8.4372E+01   8.4372E+01   8.4389E+01   0.0000E+00   0.0000E+00
   1.0755E+07   5.9592E+01   5.9592E+01   5.9592E+01   5.9592E+01   5.9592E+01   5.9592E+01   5.9592E+01   5.9592E+01   5.9604E+01   0.0000E+00   0.0000E+00
   1.1531E+07   4.2091E+01   4.2091E+01   4.2091E+01   4.2091E+01   4.2091E+01   4.2091E+01   4.2091E+01   4.2091E+01   4.2099E+01   0.0000E+00   0.0000E+00
   1.2363E+07   2.9731E+01   2.9731E+01   2.9731E+01   2.9731E+01   2.9731E+01   2.9731E+01   2.9731E+01   2.9731E+01   2.9737E+01   0.0000E+00   0.0000E+00
   1.3255E+07   2.1002E+01   2.1002E+01   2.1002E+01   2.1002E+01   2.1002E+01   2.1002E+01   2.1002E+01   2.1002E+01   2.1006E+01   0.0000E+00   0.0000E+00
   1.4212E+07   1.4837E+01   1.4837E+01   1.4837E+01   1.4837E+01   1.4837E+01   1.4837E+01   1.4837E+01   1.4837E+01   1.4840E+01   0.0000E+00   0.0000E+00
   1.5237E+07   1.0482E+01   1.0482E+01   1.0482E+01   1.0482E+01   1.0482E+01   1.0482E+01   1.0482E+01   1.0482E+01   1.0484E+01   0.0000E+00   0.0000E+00
   1.6337E+07   7.4059E+00   7.4059E+00   7.4059E+00   7.4059E+00   7.4059E+00   7.4059E+00   7.4059E+00   7.4059E+00   7.4074E+00   0.0000E+00   0.0000E+00
   1.7516E+07   5.2328E+00   5.2328E+00   5.2328E+00   5.2328E+00   5.2328E+00   5.2328E+00   5.2328E+00   5.2328E+00   5.2339E+00   0.0000E+00   0.0000E+00
   1.8780E+07   3.6978E+00   3.6978E+00   3.6978E+00   3.6978E+00   3.6978E+00   3.6978E+00   3.6978E+00   3.6978E+00   3.6985E+00   0.0000E+00   0.0000E+00
   2.0135E+07   2.6132E+00   2.6132E+00   2.6132E+00   2.6132E+00   2.6132E+00   2.6132E+00   2.6132E+00   2.6132E+00   2.6137E+00   0.0000E+00   0.0000E+00
   2.1588E+07   1.8469E+00   1.8469E+00   1.8469E+00   1.8469E+00   1.8469E+00   1.8469E+00   1.8469E+00   1.8469E+00   1.8473E+00   0.0000E+00   0.0000E+00
   2.3146E+07   1.3054E+00   1.3054E+00   1.3054E+00   1.3054E+00   1.3054E+00   1.3054E+00   1.3054E+00   1.3054E+00   1.3057E+00   0.0000E+00   0.0000E+00
   2.4817E+07   9.2279E-01   9.2279E-01   9.2279E-01   9.2279E-01   9.2279E-01   9.2279E-01   9.2279E-01   9.2279E-01   9.2298E-01   0.0000E+00   0.0000E+00
   2.6608E+07   6.5239E-01   6.5239E-01   6.5239E-01   6.5239E-01   6.5239E-01   6.5239E-01   6.5239E-01   6.5239E-01   6.5252E-01   0.0000E+00   0.0000E+00
   2.8528E+07   4.6127E-01   4.6127E-01   4.6127E-01   4.6127E-01   4.6127E-01   4.6127E-01   4.6127E-01   4.6127E-01   4.6136E-01   0.0000E+00   0.0000E+00
   3.0587E+07   3.2618E-01   3.2618E-01   3.2618E-01   3.2618E-01   3.2618E-01   3.2618E-01   3.2618E-01   3.2618E-01   3.2625E-01   0.0000E+00   0.0000E+00
   3.2794E+07   2.3068E-01   2.3068E-01   2.3068E-01   2.3068E-01   2.3068E-01   2.3068E-01   2.3068E-01   2.3068E-01   2.3073E-01   0.0000E+00   0.0000E+00
   3.5161E+07   1.6317E-01   1.6317E-01   1.6317E-01   1.6317E-01   1.6317E-01   1.6317E-01   1.6317E-01   1.6317E-01   1.6320E-01   0.0000E+00   0.0000E+00
   3.7698E+07   1.1543E-01   1.1543E-01   1.1543E-01   1.1543E-01   1.1543E-01   1.1543E-01   1.1543E-01   1.1543E-01   1.1545E-01   0.0000E+00   0.0000E+00
   4.0419E+07   8.1672E-02   8.1672E-02   8.1672E-02   8.1672E-02   8.1672E-02   8.1672E-02   8.1672E-02   8.1672E-02   8.1689E-02   0.0000E+00   0.0000E+00
   4.3336E+07   5.7795E-02   5.7795E-02   5.7795E-02   5.7795E-02   5.7795E-02   5.7795E-02   5.7795E-02   5.7795E-02   5.7807E-02   0.0000E+00   0.0000E+00
   4.6463E+07   4.0907E-02   4.0907E-02   4.0907E-02   4.0907E-02   4.0907E-02   4.0907E-02   4.0907E-02   4.0907E-02   4.0915E-02   0.0000E+00   0.0000E+00
   4.9817E+07   2.8959E-02   2.8959E-02   2.8959E-02   2.8959E-02   2.8959E-02   2.8959E-02   2.8959E-02   2.8959E-02   2.8964E-02   0.0000E+00   0.0000E+00
   5.3412E+07   2.0505E-02   2.0505E-02   2.0505E-02   2.0505E-02   2.0505E-02   2.0505E-02   2.0505E-02   2.0505E-02   2.0509E-02   0.0000E+00   0.0000E+00
   5.7266E+07   1.4522E-02   1.4522E-02   1.4522E-02   1.4522E-02   1.4522E-02   1.4522E-02   1.4522E-02   1.4522E-02   1.4525E-02   0.0000E+00   0.0000E+00
   6.1399E+07   1.0287E-02   1.0287E-02   1.0287E-02   1.0287E-02   1.0287E-02   1.0287E-02   1.0287E-02   1.0287E-02   1.0289E-02   0.0000E+00   0.0000E+00
   6.5830E+07   7.2888E-03   7.2888E-03   7.2888E-03   7.2888E-03   7.2888E-03   7.2888E-03   7.2888E-03   7.2888E-03   7.2903E-03   0.0000E+00   0.0000E+00
   7.0581E+07   5.1658E-03   5.1658E-03   5.1658E-03   5.1658E-03   5.1658E-03   5.1658E-03   5.1658E-03   5.1658E-03   5.1669E-03   0.0000E+00   0.0000E+00
   7.5675E+07   3.6622E-03   3.6622E-03   3.6622E-03   3.6622E-03   3.6622E-03   3.6622E-03   3.6622E-03   3.6622E-03   3.6629E-03   0.0000E+00   0.0000E+00
   8.1136E+07   2.5970E-03   2.5970E-03   2.5970E-03   2.5970E-03   2.5970E-03   2.5970E-03   2.5970E-03   2.5970E-03   2.5975E-03   0.0000E+00   0.0000E+00
   8.6991E+07   1.8422E-03   1.8422E-03   1.8422E-03   1.8422E-03   1.8422E-03   1.8422E-03   1.8422E-03   1.8422E-03   1.8426E-03   0.0000E+00   0.0000E+00
   9.3269E+07   1.3072E-03   1.3072E-03   1.3072E-03   1.3072E-03   1.3072E-03   1.3072E-03   1.3072E-03   1.3072E-03   1.3075E-03   0.0000E+00   0.0000E+00
   1.0000E+08   9.2789E-04   9.2789E-04   9.2789E-04   9.2789E-04   9.2789E-04   9.2789E-04   9.2789E-04   9.2789E-04   9.2808E-04   0.0000E+00   0.0000E+00
