 (1): Wavelength (A) 
 (2): Intrinsic SED (1e30 erg/s/A)
 (3 - 9): SED at angles [   0.0000000      0.26183301      0.52366602      0.78549999       1.0473300       1.3091700       1.5710000     ] (1e30 erg/s/A)
 (10): Angle averaged SED (1e30 erg/s/A)
 (11): Molecular cloud emission (1e30 erg/s/A)
 (12): Cirrus emission (1e30 erg/s/A)
  
            1            2            3            4            5            6            7            8            9           10           11           12
   9.5000E+01   1.4523E+12   1.4523E+12   1.4523E+12   1.4523E+12   1.4523E+12   1.4523E+12   1.4523E+12   1.4523E+12   1.4526E+12   0.0000E+00   0.0000E+00
   1.0186E+02   1.5516E+12   1.5516E+12   1.5516E+12   1.5516E+12   1.5516E+12   1.5516E+12   1.5516E+12   1.5516E+12   1.5519E+12   0.0000E+00   0.0000E+00
   1.0921E+02   1.5570E+12   1.5570E+12   1.5570E+12   1.5570E+12   1.5570E+12   1.5570E+12   1.5570E+12   1.5570E+12   1.5573E+12   0.0000E+00   0.0000E+00
   1.1709E+02   1.5618E+12   1.5618E+12   1.5618E+12   1.5618E+12   1.5618E+12   1.5618E+12   1.5618E+12   1.5618E+12   1.5621E+12   0.0000E+00   0.0000E+00
   1.2554E+02   1.6157E+12   1.6157E+12   1.6157E+12   1.6157E+12   1.6157E+12   1.6157E+12   1.6157E+12   1.6157E+12   1.6160E+12   0.0000E+00   0.0000E+00
   1.3460E+02   1.6170E+12   1.6170E+12   1.6170E+12   1.6170E+12   1.6170E+12   1.6170E+12   1.6170E+12   1.6170E+12   1.6173E+12   0.0000E+00   0.0000E+00
   1.4431E+02   1.6530E+12   1.6530E+12   1.6530E+12   1.6530E+12   1.6530E+12   1.6530E+12   1.6530E+12   1.6530E+12   1.6533E+12   0.0000E+00   0.0000E+00
   1.5473E+02   1.6915E+12   1.6915E+12   1.6915E+12   1.6915E+12   1.6915E+12   1.6915E+12   1.6915E+12   1.6915E+12   1.6918E+12   0.0000E+00   0.0000E+00
   1.6589E+02   1.7070E+12   1.7070E+12   1.7070E+12   1.7070E+12   1.7070E+12   1.7070E+12   1.7070E+12   1.7070E+12   1.7074E+12   0.0000E+00   0.0000E+00
   1.7786E+02   1.7078E+12   1.7078E+12   1.7078E+12   1.7078E+12   1.7078E+12   1.7078E+12   1.7078E+12   1.7078E+12   1.7081E+12   0.0000E+00   0.0000E+00
   1.9070E+02   1.7079E+12   1.7079E+12   1.7079E+12   1.7079E+12   1.7079E+12   1.7079E+12   1.7079E+12   1.7079E+12   1.7083E+12   0.0000E+00   0.0000E+00
   2.0446E+02   1.7321E+12   1.7321E+12   1.7321E+12   1.7321E+12   1.7321E+12   1.7321E+12   1.7321E+12   1.7321E+12   1.7325E+12   0.0000E+00   0.0000E+00
   2.1922E+02   1.7435E+12   1.7435E+12   1.7435E+12   1.7435E+12   1.7435E+12   1.7435E+12   1.7435E+12   1.7435E+12   1.7438E+12   0.0000E+00   0.0000E+00
   2.3504E+02   1.9564E+12   1.9564E+12   1.9564E+12   1.9564E+12   1.9564E+12   1.9564E+12   1.9564E+12   1.9564E+12   1.9568E+12   0.0000E+00   0.0000E+00
   2.5200E+02   2.2301E+12   2.2301E+12   2.2301E+12   2.2301E+12   2.2301E+12   2.2301E+12   2.2301E+12   2.2301E+12   2.2305E+12   0.0000E+00   0.0000E+00
   2.7019E+02   2.4147E+12   2.4147E+12   2.4147E+12   2.4147E+12   2.4147E+12   2.4147E+12   2.4147E+12   2.4147E+12   2.4152E+12   0.0000E+00   0.0000E+00
   2.8969E+02   2.3892E+12   2.3892E+12   2.3892E+12   2.3892E+12   2.3892E+12   2.3892E+12   2.3892E+12   2.3892E+12   2.3897E+12   0.0000E+00   0.0000E+00
   3.1059E+02   2.2592E+12   2.2592E+12   2.2592E+12   2.2592E+12   2.2592E+12   2.2592E+12   2.2592E+12   2.2592E+12   2.2596E+12   0.0000E+00   0.0000E+00
   3.3301E+02   2.4269E+12   2.4269E+12   2.4269E+12   2.4269E+12   2.4269E+12   2.4269E+12   2.4269E+12   2.4269E+12   2.4274E+12   0.0000E+00   0.0000E+00
   3.5704E+02   2.4822E+12   2.4822E+12   2.4822E+12   2.4822E+12   2.4822E+12   2.4822E+12   2.4822E+12   2.4822E+12   2.4827E+12   0.0000E+00   0.0000E+00
   3.8280E+02   2.5409E+12   2.5409E+12   2.5409E+12   2.5409E+12   2.5409E+12   2.5409E+12   2.5409E+12   2.5409E+12   2.5414E+12   0.0000E+00   0.0000E+00
   4.1043E+02   2.8783E+12   2.8783E+12   2.8783E+12   2.8783E+12   2.8783E+12   2.8783E+12   2.8783E+12   2.8783E+12   2.8789E+12   0.0000E+00   0.0000E+00
   4.4005E+02   2.8271E+12   2.8271E+12   2.8271E+12   2.8271E+12   2.8271E+12   2.8271E+12   2.8271E+12   2.8271E+12   2.8277E+12   0.0000E+00   0.0000E+00
   4.7181E+02   2.7637E+12   2.7637E+12   2.7637E+12   2.7637E+12   2.7637E+12   2.7637E+12   2.7637E+12   2.7637E+12   2.7642E+12   0.0000E+00   0.0000E+00
   5.0586E+02   2.7447E+12   2.7447E+12   2.7447E+12   2.7447E+12   2.7447E+12   2.7447E+12   2.7447E+12   2.7447E+12   2.7453E+12   0.0000E+00   0.0000E+00
   5.4236E+02   2.9017E+12   2.9017E+12   2.9017E+12   2.9017E+12   2.9017E+12   2.9017E+12   2.9017E+12   2.9017E+12   2.9023E+12   0.0000E+00   0.0000E+00
   5.8151E+02   3.1744E+12   3.1744E+12   3.1744E+12   3.1744E+12   3.1744E+12   3.1744E+12   3.1744E+12   3.1744E+12   3.1750E+12   0.0000E+00   0.0000E+00
   6.2347E+02   3.1068E+12   3.1068E+12   3.1068E+12   3.1068E+12   3.1068E+12   3.1068E+12   3.1068E+12   3.1068E+12   3.1074E+12   0.0000E+00   0.0000E+00
   6.6847E+02   3.0766E+12   3.0766E+12   3.0766E+12   3.0766E+12   3.0766E+12   3.0766E+12   3.0766E+12   3.0766E+12   3.0772E+12   0.0000E+00   0.0000E+00
   7.1671E+02   3.0202E+12   3.0202E+12   3.0202E+12   3.0202E+12   3.0202E+12   3.0202E+12   3.0202E+12   3.0202E+12   3.0208E+12   0.0000E+00   0.0000E+00
   7.6843E+02   2.7917E+12   2.7917E+12   2.7917E+12   2.7917E+12   2.7917E+12   2.7917E+12   2.7917E+12   2.7917E+12   2.7922E+12   0.0000E+00   0.0000E+00
   8.2389E+02   2.8197E+12   2.8197E+12   2.8197E+12   2.8197E+12   2.8197E+12   2.8197E+12   2.8197E+12   2.8197E+12   2.8203E+12   0.0000E+00   0.0000E+00
   8.8334E+02   2.7518E+12   2.7518E+12   2.7518E+12   2.7518E+12   2.7518E+12   2.7518E+12   2.7518E+12   2.7518E+12   2.7524E+12   0.0000E+00   0.0000E+00
   9.4709E+02   6.0426E+12   6.0426E+12   6.0426E+12   6.0426E+12   6.0426E+12   6.0426E+12   6.0426E+12   6.0426E+12   6.0438E+12   0.0000E+00   0.0000E+00
   1.0154E+03   6.5957E+12   6.5957E+12   6.5957E+12   6.5957E+12   6.5957E+12   6.5957E+12   6.5957E+12   6.5957E+12   6.5971E+12   0.0000E+00   0.0000E+00
   1.0887E+03   6.5098E+12   6.5098E+12   6.5098E+12   6.5098E+12   6.5098E+12   6.5098E+12   6.5098E+12   6.5098E+12   6.5111E+12   0.0000E+00   0.0000E+00
   1.1673E+03   5.9843E+12   5.9843E+12   5.9843E+12   5.9843E+12   5.9843E+12   5.9843E+12   5.9843E+12   5.9843E+12   5.9856E+12   0.0000E+00   0.0000E+00
   1.2515E+03   5.7803E+12   5.7803E+12   5.7803E+12   5.7803E+12   5.7803E+12   5.7803E+12   5.7803E+12   5.7803E+12   5.7815E+12   0.0000E+00   0.0000E+00
   1.3419E+03   5.4459E+12   5.4459E+12   5.4459E+12   5.4459E+12   5.4459E+12   5.4459E+12   5.4459E+12   5.4459E+12   5.4470E+12   0.0000E+00   0.0000E+00
   1.4387E+03   4.7369E+12   4.7369E+12   4.7369E+12   4.7369E+12   4.7369E+12   4.7369E+12   4.7369E+12   4.7369E+12   4.7379E+12   0.0000E+00   0.0000E+00
   1.5425E+03   3.6315E+12   3.6315E+12   3.6315E+12   3.6315E+12   3.6315E+12   3.6315E+12   3.6315E+12   3.6315E+12   3.6323E+12   0.0000E+00   0.0000E+00
   1.6538E+03   3.4738E+12   3.4738E+12   3.4738E+12   3.4738E+12   3.4738E+12   3.4738E+12   3.4738E+12   3.4738E+12   3.4745E+12   0.0000E+00   0.0000E+00
   1.7732E+03   3.0816E+12   3.0816E+12   3.0816E+12   3.0816E+12   3.0816E+12   3.0816E+12   3.0816E+12   3.0816E+12   3.0822E+12   0.0000E+00   0.0000E+00
   1.9012E+03   2.6558E+12   2.6558E+12   2.6558E+12   2.6558E+12   2.6558E+12   2.6558E+12   2.6558E+12   2.6558E+12   2.6563E+12   0.0000E+00   0.0000E+00
   2.0384E+03   2.3586E+12   2.3586E+12   2.3586E+12   2.3586E+12   2.3586E+12   2.3586E+12   2.3586E+12   2.3586E+12   2.3591E+12   0.0000E+00   0.0000E+00
   2.1855E+03   2.0649E+12   2.0649E+12   2.0649E+12   2.0649E+12   2.0649E+12   2.0649E+12   2.0649E+12   2.0649E+12   2.0653E+12   0.0000E+00   0.0000E+00
   2.3432E+03   1.7483E+12   1.7483E+12   1.7483E+12   1.7483E+12   1.7483E+12   1.7483E+12   1.7483E+12   1.7483E+12   1.7487E+12   0.0000E+00   0.0000E+00
   2.5123E+03   1.5361E+12   1.5361E+12   1.5361E+12   1.5361E+12   1.5361E+12   1.5361E+12   1.5361E+12   1.5361E+12   1.5364E+12   0.0000E+00   0.0000E+00
   2.6936E+03   1.4087E+12   1.4087E+12   1.4087E+12   1.4087E+12   1.4087E+12   1.4087E+12   1.4087E+12   1.4087E+12   1.4090E+12   0.0000E+00   0.0000E+00
   2.8880E+03   1.2455E+12   1.2455E+12   1.2455E+12   1.2455E+12   1.2455E+12   1.2455E+12   1.2455E+12   1.2455E+12   1.2458E+12   0.0000E+00   0.0000E+00
   3.0964E+03   1.0962E+12   1.0962E+12   1.0962E+12   1.0962E+12   1.0962E+12   1.0962E+12   1.0962E+12   1.0962E+12   1.0964E+12   0.0000E+00   0.0000E+00
   3.3199E+03   9.5002E+11   9.5002E+11   9.5002E+11   9.5002E+11   9.5002E+11   9.5002E+11   9.5002E+11   9.5002E+11   9.5021E+11   0.0000E+00   0.0000E+00
   3.5595E+03   8.2347E+11   8.2347E+11   8.2347E+11   8.2347E+11   8.2347E+11   8.2347E+11   8.2347E+11   8.2347E+11   8.2364E+11   0.0000E+00   0.0000E+00
   3.8163E+03   8.8869E+11   8.8869E+11   8.8869E+11   8.8869E+11   8.8869E+11   8.8869E+11   8.8869E+11   8.8869E+11   8.8887E+11   0.0000E+00   0.0000E+00
   4.0918E+03   7.7755E+11   7.7755E+11   7.7755E+11   7.7755E+11   7.7755E+11   7.7755E+11   7.7755E+11   7.7755E+11   7.7771E+11   0.0000E+00   0.0000E+00
   4.3870E+03   6.9822E+11   6.9822E+11   6.9822E+11   6.9822E+11   6.9822E+11   6.9822E+11   6.9822E+11   6.9822E+11   6.9836E+11   0.0000E+00   0.0000E+00
   4.7036E+03   6.1611E+11   6.1611E+11   6.1611E+11   6.1611E+11   6.1611E+11   6.1611E+11   6.1611E+11   6.1611E+11   6.1623E+11   0.0000E+00   0.0000E+00
   5.0431E+03   5.2537E+11   5.2537E+11   5.2537E+11   5.2537E+11   5.2537E+11   5.2537E+11   5.2537E+11   5.2537E+11   5.2548E+11   0.0000E+00   0.0000E+00
   5.4070E+03   4.5450E+11   4.5450E+11   4.5450E+11   4.5450E+11   4.5450E+11   4.5450E+11   4.5450E+11   4.5450E+11   4.5460E+11   0.0000E+00   0.0000E+00
   5.7973E+03   4.0683E+11   4.0683E+11   4.0683E+11   4.0683E+11   4.0683E+11   4.0683E+11   4.0683E+11   4.0683E+11   4.0691E+11   0.0000E+00   0.0000E+00
   6.2156E+03   3.5218E+11   3.5218E+11   3.5218E+11   3.5218E+11   3.5218E+11   3.5218E+11   3.5218E+11   3.5218E+11   3.5225E+11   0.0000E+00   0.0000E+00
   6.6642E+03   3.1273E+11   3.1273E+11   3.1273E+11   3.1273E+11   3.1273E+11   3.1273E+11   3.1273E+11   3.1273E+11   3.1279E+11   0.0000E+00   0.0000E+00
   7.1451E+03   2.7425E+11   2.7425E+11   2.7425E+11   2.7425E+11   2.7425E+11   2.7425E+11   2.7425E+11   2.7425E+11   2.7430E+11   0.0000E+00   0.0000E+00
   7.6608E+03   2.4571E+11   2.4571E+11   2.4571E+11   2.4571E+11   2.4571E+11   2.4571E+11   2.4571E+11   2.4571E+11   2.4576E+11   0.0000E+00   0.0000E+00
   8.2136E+03   2.1861E+11   2.1861E+11   2.1861E+11   2.1861E+11   2.1861E+11   2.1861E+11   2.1861E+11   2.1861E+11   2.1865E+11   0.0000E+00   0.0000E+00
   8.8064E+03   1.8860E+11   1.8860E+11   1.8860E+11   1.8860E+11   1.8860E+11   1.8860E+11   1.8860E+11   1.8860E+11   1.8864E+11   0.0000E+00   0.0000E+00
   9.4420E+03   1.7515E+11   1.7515E+11   1.7515E+11   1.7515E+11   1.7515E+11   1.7515E+11   1.7515E+11   1.7515E+11   1.7519E+11   0.0000E+00   0.0000E+00
   1.0123E+04   1.5452E+11   1.5452E+11   1.5452E+11   1.5452E+11   1.5452E+11   1.5452E+11   1.5452E+11   1.5452E+11   1.5455E+11   0.0000E+00   0.0000E+00
   1.0854E+04   1.3465E+11   1.3465E+11   1.3465E+11   1.3465E+11   1.3465E+11   1.3465E+11   1.3465E+11   1.3465E+11   1.3468E+11   0.0000E+00   0.0000E+00
   1.1637E+04   1.1874E+11   1.1874E+11   1.1874E+11   1.1874E+11   1.1874E+11   1.1874E+11   1.1874E+11   1.1874E+11   1.1876E+11   0.0000E+00   0.0000E+00
   1.2477E+04   1.0444E+11   1.0444E+11   1.0444E+11   1.0444E+11   1.0444E+11   1.0444E+11   1.0444E+11   1.0444E+11   1.0446E+11   0.0000E+00   0.0000E+00
   1.3377E+04   9.4230E+10   9.4230E+10   9.4230E+10   9.4230E+10   9.4230E+10   9.4230E+10   9.4230E+10   9.4230E+10   9.4249E+10   0.0000E+00   0.0000E+00
   1.4343E+04   8.6188E+10   8.6188E+10   8.6188E+10   8.6188E+10   8.6188E+10   8.6188E+10   8.6188E+10   8.6188E+10   8.6206E+10   0.0000E+00   0.0000E+00
   1.5378E+04   8.0782E+10   8.0782E+10   8.0782E+10   8.0782E+10   8.0782E+10   8.0782E+10   8.0782E+10   8.0782E+10   8.0799E+10   0.0000E+00   0.0000E+00
   1.6488E+04   7.5372E+10   7.5372E+10   7.5372E+10   7.5372E+10   7.5372E+10   7.5372E+10   7.5372E+10   7.5372E+10   7.5387E+10   0.0000E+00   0.0000E+00
   1.7678E+04   7.1029E+10   7.1029E+10   7.1029E+10   7.1029E+10   7.1029E+10   7.1029E+10   7.1029E+10   7.1029E+10   7.1044E+10   0.0000E+00   0.0000E+00
   1.8953E+04   6.4492E+10   6.4492E+10   6.4492E+10   6.4492E+10   6.4492E+10   6.4492E+10   6.4492E+10   6.4492E+10   6.4505E+10   0.0000E+00   0.0000E+00
   2.0321E+04   6.0265E+10   6.0265E+10   6.0265E+10   6.0265E+10   6.0265E+10   6.0265E+10   6.0265E+10   6.0265E+10   6.0277E+10   0.0000E+00   0.0000E+00
   2.1788E+04   5.6140E+10   5.6140E+10   5.6140E+10   5.6140E+10   5.6140E+10   5.6140E+10   5.6140E+10   5.6140E+10   5.6152E+10   0.0000E+00   0.0000E+00
   2.3360E+04   5.2141E+10   5.2141E+10   5.2141E+10   5.2141E+10   5.2141E+10   5.2141E+10   5.2141E+10   5.2141E+10   5.2151E+10   0.0000E+00   0.0000E+00
   2.5046E+04   4.7586E+10   4.7586E+10   4.7586E+10   4.7586E+10   4.7586E+10   4.7586E+10   4.7586E+10   4.7586E+10   4.7595E+10   0.0000E+00   0.0000E+00
   2.6854E+04   4.5396E+10   4.5396E+10   4.5396E+10   4.5396E+10   4.5396E+10   4.5396E+10   4.5396E+10   4.5396E+10   4.5406E+10   0.0000E+00   0.0000E+00
   2.8792E+04   4.2875E+10   4.2875E+10   4.2875E+10   4.2875E+10   4.2875E+10   4.2875E+10   4.2875E+10   4.2875E+10   4.2884E+10   0.0000E+00   0.0000E+00
   3.0869E+04   3.9342E+10   3.9342E+10   3.9342E+10   3.9342E+10   3.9342E+10   3.9342E+10   3.9342E+10   3.9342E+10   3.9350E+10   0.0000E+00   0.0000E+00
   3.3097E+04   3.6514E+10   3.6514E+10   3.6514E+10   3.6514E+10   3.6514E+10   3.6514E+10   3.6514E+10   3.6514E+10   3.6522E+10   0.0000E+00   0.0000E+00
   3.5486E+04   3.4306E+10   3.4306E+10   3.4306E+10   3.4306E+10   3.4306E+10   3.4306E+10   3.4306E+10   3.4306E+10   3.4313E+10   0.0000E+00   0.0000E+00
   3.8047E+04   3.1439E+10   3.1439E+10   3.1439E+10   3.1439E+10   3.1439E+10   3.1439E+10   3.1439E+10   3.1439E+10   3.1446E+10   0.0000E+00   0.0000E+00
   4.0792E+04   2.9491E+10   2.9491E+10   2.9491E+10   2.9491E+10   2.9491E+10   2.9491E+10   2.9491E+10   2.9491E+10   2.9497E+10   0.0000E+00   0.0000E+00
   4.3736E+04   2.7374E+10   2.7374E+10   2.7374E+10   2.7374E+10   2.7374E+10   2.7374E+10   2.7374E+10   2.7374E+10   2.7379E+10   0.0000E+00   0.0000E+00
   4.6893E+04   2.5284E+10   2.5284E+10   2.5284E+10   2.5284E+10   2.5284E+10   2.5284E+10   2.5284E+10   2.5284E+10   2.5289E+10   0.0000E+00   0.0000E+00
   5.0277E+04   2.3455E+10   2.3455E+10   2.3455E+10   2.3455E+10   2.3455E+10   2.3455E+10   2.3455E+10   2.3455E+10   2.3460E+10   0.0000E+00   0.0000E+00
   5.3905E+04   2.1777E+10   2.1777E+10   2.1777E+10   2.1777E+10   2.1777E+10   2.1777E+10   2.1777E+10   2.1777E+10   2.1781E+10   0.0000E+00   0.0000E+00
   5.7795E+04   2.0237E+10   2.0237E+10   2.0237E+10   2.0237E+10   2.0237E+10   2.0237E+10   2.0237E+10   2.0237E+10   2.0241E+10   0.0000E+00   0.0000E+00
   6.1966E+04   1.8808E+10   1.8808E+10   1.8808E+10   1.8808E+10   1.8808E+10   1.8808E+10   1.8808E+10   1.8808E+10   1.8812E+10   0.0000E+00   0.0000E+00
   6.6438E+04   1.7483E+10   1.7483E+10   1.7483E+10   1.7483E+10   1.7483E+10   1.7483E+10   1.7483E+10   1.7483E+10   1.7487E+10   0.0000E+00   0.0000E+00
   7.1233E+04   1.6263E+10   1.6263E+10   1.6263E+10   1.6263E+10   1.6263E+10   1.6263E+10   1.6263E+10   1.6263E+10   1.6266E+10   0.0000E+00   0.0000E+00
   7.6374E+04   1.5035E+10   1.5035E+10   1.5035E+10   1.5035E+10   1.5035E+10   1.5035E+10   1.5035E+10   1.5035E+10   1.5038E+10   0.0000E+00   0.0000E+00
   8.1885E+04   1.3774E+10   1.3774E+10   1.3774E+10   1.3774E+10   1.3774E+10   1.3774E+10   1.3774E+10   1.3774E+10   1.3777E+10   0.0000E+00   0.0000E+00
   8.7795E+04   1.2828E+10   1.2828E+10   1.2828E+10   1.2828E+10   1.2828E+10   1.2828E+10   1.2828E+10   1.2828E+10   1.2831E+10   0.0000E+00   0.0000E+00
   9.4131E+04   1.1725E+10   1.1725E+10   1.1725E+10   1.1725E+10   1.1725E+10   1.1725E+10   1.1725E+10   1.1725E+10   1.1727E+10   0.0000E+00   0.0000E+00
   1.0092E+05   1.0796E+10   1.0796E+10   1.0796E+10   1.0796E+10   1.0796E+10   1.0796E+10   1.0796E+10   1.0796E+10   1.0798E+10   0.0000E+00   0.0000E+00
   1.0821E+05   9.9087E+09   9.9087E+09   9.9087E+09   9.9087E+09   9.9087E+09   9.9087E+09   9.9087E+09   9.9087E+09   9.9107E+09   0.0000E+00   0.0000E+00
   1.1602E+05   9.0242E+09   9.0242E+09   9.0242E+09   9.0242E+09   9.0242E+09   9.0242E+09   9.0242E+09   9.0242E+09   9.0260E+09   0.0000E+00   0.0000E+00
   1.2439E+05   8.2418E+09   8.2418E+09   8.2418E+09   8.2418E+09   8.2418E+09   8.2418E+09   8.2418E+09   8.2418E+09   8.2435E+09   0.0000E+00   0.0000E+00
   1.3337E+05   7.5926E+09   7.5926E+09   7.5926E+09   7.5926E+09   7.5926E+09   7.5926E+09   7.5926E+09   7.5926E+09   7.5942E+09   0.0000E+00   0.0000E+00
   1.4299E+05   6.9809E+09   6.9809E+09   6.9809E+09   6.9809E+09   6.9809E+09   6.9809E+09   6.9809E+09   6.9809E+09   6.9823E+09   0.0000E+00   0.0000E+00
   1.5331E+05   6.2990E+09   6.2990E+09   6.2990E+09   6.2990E+09   6.2990E+09   6.2990E+09   6.2990E+09   6.2990E+09   6.3003E+09   0.0000E+00   0.0000E+00
   1.6437E+05   5.7958E+09   5.7958E+09   5.7958E+09   5.7958E+09   5.7958E+09   5.7958E+09   5.7958E+09   5.7958E+09   5.7970E+09   0.0000E+00   0.0000E+00
   1.7624E+05   5.2271E+09   5.2271E+09   5.2271E+09   5.2271E+09   5.2271E+09   5.2271E+09   5.2271E+09   5.2271E+09   5.2282E+09   0.0000E+00   0.0000E+00
   1.8895E+05   4.7075E+09   4.7075E+09   4.7075E+09   4.7075E+09   4.7075E+09   4.7075E+09   4.7075E+09   4.7075E+09   4.7085E+09   0.0000E+00   0.0000E+00
   2.0259E+05   4.2864E+09   4.2864E+09   4.2864E+09   4.2864E+09   4.2864E+09   4.2864E+09   4.2864E+09   4.2864E+09   4.2873E+09   0.0000E+00   0.0000E+00
   2.1721E+05   3.9074E+09   3.9074E+09   3.9074E+09   3.9074E+09   3.9074E+09   3.9074E+09   3.9074E+09   3.9074E+09   3.9082E+09   0.0000E+00   0.0000E+00
   2.3289E+05   3.5193E+09   3.5193E+09   3.5193E+09   3.5193E+09   3.5193E+09   3.5193E+09   3.5193E+09   3.5193E+09   3.5200E+09   0.0000E+00   0.0000E+00
   2.4969E+05   3.0976E+09   3.0976E+09   3.0976E+09   3.0976E+09   3.0976E+09   3.0976E+09   3.0976E+09   3.0976E+09   3.0982E+09   0.0000E+00   0.0000E+00
   2.6771E+05   2.7900E+09   2.7900E+09   2.7900E+09   2.7900E+09   2.7900E+09   2.7900E+09   2.7900E+09   2.7900E+09   2.7906E+09   0.0000E+00   0.0000E+00
   2.8703E+05   2.5105E+09   2.5105E+09   2.5105E+09   2.5105E+09   2.5105E+09   2.5105E+09   2.5105E+09   2.5105E+09   2.5111E+09   0.0000E+00   0.0000E+00
   3.0775E+05   2.2119E+09   2.2119E+09   2.2119E+09   2.2119E+09   2.2119E+09   2.2119E+09   2.2119E+09   2.2119E+09   2.2124E+09   0.0000E+00   0.0000E+00
   3.2996E+05   1.9439E+09   1.9439E+09   1.9439E+09   1.9439E+09   1.9439E+09   1.9439E+09   1.9439E+09   1.9439E+09   1.9443E+09   0.0000E+00   0.0000E+00
   3.5377E+05   1.6910E+09   1.6910E+09   1.6910E+09   1.6910E+09   1.6910E+09   1.6910E+09   1.6910E+09   1.6910E+09   1.6914E+09   0.0000E+00   0.0000E+00
   3.7930E+05   1.5053E+09   1.5053E+09   1.5053E+09   1.5053E+09   1.5053E+09   1.5053E+09   1.5053E+09   1.5053E+09   1.5056E+09   0.0000E+00   0.0000E+00
   4.0667E+05   1.3094E+09   1.3094E+09   1.3094E+09   1.3094E+09   1.3094E+09   1.3094E+09   1.3094E+09   1.3094E+09   1.3097E+09   0.0000E+00   0.0000E+00
   4.3602E+05   1.1359E+09   1.1359E+09   1.1359E+09   1.1359E+09   1.1359E+09   1.1359E+09   1.1359E+09   1.1359E+09   1.1361E+09   0.0000E+00   0.0000E+00
   4.6749E+05   9.6830E+08   9.6830E+08   9.6830E+08   9.6830E+08   9.6830E+08   9.6830E+08   9.6830E+08   9.6830E+08   9.6849E+08   0.0000E+00   0.0000E+00
   5.0123E+05   8.3948E+08   8.3948E+08   8.3948E+08   8.3948E+08   8.3948E+08   8.3948E+08   8.3948E+08   8.3948E+08   8.3965E+08   0.0000E+00   0.0000E+00
   5.3740E+05   7.0526E+08   7.0526E+08   7.0526E+08   7.0526E+08   7.0526E+08   7.0526E+08   7.0526E+08   7.0526E+08   7.0540E+08   0.0000E+00   0.0000E+00
   5.7618E+05   5.9250E+08   5.9250E+08   5.9250E+08   5.9250E+08   5.9250E+08   5.9250E+08   5.9250E+08   5.9250E+08   5.9262E+08   0.0000E+00   0.0000E+00
   6.1776E+05   4.9777E+08   4.9777E+08   4.9777E+08   4.9777E+08   4.9777E+08   4.9777E+08   4.9777E+08   4.9777E+08   4.9787E+08   0.0000E+00   0.0000E+00
   6.6235E+05   4.0679E+08   4.0679E+08   4.0679E+08   4.0679E+08   4.0679E+08   4.0679E+08   4.0679E+08   4.0679E+08   4.0688E+08   0.0000E+00   0.0000E+00
   7.1015E+05   3.2468E+08   3.2468E+08   3.2468E+08   3.2468E+08   3.2468E+08   3.2468E+08   3.2468E+08   3.2468E+08   3.2475E+08   0.0000E+00   0.0000E+00
   7.6140E+05   2.6034E+08   2.6034E+08   2.6034E+08   2.6034E+08   2.6034E+08   2.6034E+08   2.6034E+08   2.6034E+08   2.6039E+08   0.0000E+00   0.0000E+00
   8.1635E+05   2.0055E+08   2.0055E+08   2.0055E+08   2.0055E+08   2.0055E+08   2.0055E+08   2.0055E+08   2.0055E+08   2.0059E+08   0.0000E+00   0.0000E+00
   8.7526E+05   1.5621E+08   1.5621E+08   1.5621E+08   1.5621E+08   1.5621E+08   1.5621E+08   1.5621E+08   1.5621E+08   1.5624E+08   0.0000E+00   0.0000E+00
   9.3842E+05   1.2026E+08   1.2026E+08   1.2026E+08   1.2026E+08   1.2026E+08   1.2026E+08   1.2026E+08   1.2026E+08   1.2029E+08   0.0000E+00   0.0000E+00
   1.0061E+06   8.5806E+07   8.5806E+07   8.5806E+07   8.5806E+07   8.5806E+07   8.5806E+07   8.5806E+07   8.5806E+07   8.5824E+07   0.0000E+00   0.0000E+00
   1.0788E+06   6.0563E+07   6.0563E+07   6.0563E+07   6.0563E+07   6.0563E+07   6.0563E+07   6.0563E+07   6.0563E+07   6.0576E+07   0.0000E+00   0.0000E+00
   1.1566E+06   4.2746E+07   4.2746E+07   4.2746E+07   4.2746E+07   4.2746E+07   4.2746E+07   4.2746E+07   4.2746E+07   4.2755E+07   0.0000E+00   0.0000E+00
   1.2401E+06   3.0171E+07   3.0171E+07   3.0171E+07   3.0171E+07   3.0171E+07   3.0171E+07   3.0171E+07   3.0171E+07   3.0177E+07   0.0000E+00   0.0000E+00
   1.3296E+06   2.1295E+07   2.1295E+07   2.1295E+07   2.1295E+07   2.1295E+07   2.1295E+07   2.1295E+07   2.1295E+07   2.1299E+07   0.0000E+00   0.0000E+00
   1.4255E+06   1.5030E+07   1.5030E+07   1.5030E+07   1.5030E+07   1.5030E+07   1.5030E+07   1.5030E+07   1.5030E+07   1.5033E+07   0.0000E+00   0.0000E+00
   1.5284E+06   1.0608E+07   1.0608E+07   1.0608E+07   1.0608E+07   1.0608E+07   1.0608E+07   1.0608E+07   1.0608E+07   1.0611E+07   0.0000E+00   0.0000E+00
   1.6387E+06   7.4876E+06   7.4876E+06   7.4876E+06   7.4876E+06   7.4876E+06   7.4876E+06   7.4876E+06   7.4876E+06   7.4891E+06   0.0000E+00   0.0000E+00
   1.7570E+06   5.2848E+06   5.2848E+06   5.2848E+06   5.2848E+06   5.2848E+06   5.2848E+06   5.2848E+06   5.2848E+06   5.2859E+06   0.0000E+00   0.0000E+00
   1.8838E+06   3.7301E+06   3.7301E+06   3.7301E+06   3.7301E+06   3.7301E+06   3.7301E+06   3.7301E+06   3.7301E+06   3.7309E+06   0.0000E+00   0.0000E+00
   2.0197E+06   2.6328E+06   2.6328E+06   2.6328E+06   2.6328E+06   2.6328E+06   2.6328E+06   2.6328E+06   2.6328E+06   2.6333E+06   0.0000E+00   0.0000E+00
   2.1655E+06   1.8582E+06   1.8582E+06   1.8582E+06   1.8582E+06   1.8582E+06   1.8582E+06   1.8582E+06   1.8582E+06   1.8586E+06   0.0000E+00   0.0000E+00
   2.3217E+06   1.3116E+06   1.3116E+06   1.3116E+06   1.3116E+06   1.3116E+06   1.3116E+06   1.3116E+06   1.3116E+06   1.3118E+06   0.0000E+00   0.0000E+00
   2.4893E+06   9.2573E+05   9.2573E+05   9.2573E+05   9.2573E+05   9.2573E+05   9.2573E+05   9.2573E+05   9.2573E+05   9.2592E+05   0.0000E+00   0.0000E+00
   2.6689E+06   6.5339E+05   6.5339E+05   6.5339E+05   6.5339E+05   6.5339E+05   6.5339E+05   6.5339E+05   6.5339E+05   6.5352E+05   0.0000E+00   0.0000E+00
   2.8616E+06   4.6117E+05   4.6117E+05   4.6117E+05   4.6117E+05   4.6117E+05   4.6117E+05   4.6117E+05   4.6117E+05   4.6127E+05   0.0000E+00   0.0000E+00
   3.0681E+06   3.2550E+05   3.2550E+05   3.2550E+05   3.2550E+05   3.2550E+05   3.2550E+05   3.2550E+05   3.2550E+05   3.2557E+05   0.0000E+00   0.0000E+00
   3.2895E+06   2.2975E+05   2.2975E+05   2.2975E+05   2.2975E+05   2.2975E+05   2.2975E+05   2.2975E+05   2.2975E+05   2.2979E+05   0.0000E+00   0.0000E+00
   3.5269E+06   1.6216E+05   1.6216E+05   1.6216E+05   1.6216E+05   1.6216E+05   1.6216E+05   1.6216E+05   1.6216E+05   1.6219E+05   0.0000E+00   0.0000E+00
   3.7814E+06   1.1445E+05   1.1445E+05   1.1445E+05   1.1445E+05   1.1445E+05   1.1445E+05   1.1445E+05   1.1445E+05   1.1448E+05   0.0000E+00   0.0000E+00
   4.0543E+06   8.0785E+04   8.0785E+04   8.0785E+04   8.0785E+04   8.0785E+04   8.0785E+04   8.0785E+04   8.0785E+04   8.0801E+04   0.0000E+00   0.0000E+00
   4.3469E+06   5.7019E+04   5.7019E+04   5.7019E+04   5.7019E+04   5.7019E+04   5.7019E+04   5.7019E+04   5.7019E+04   5.7030E+04   0.0000E+00   0.0000E+00
   4.6606E+06   4.0245E+04   4.0245E+04   4.0245E+04   4.0245E+04   4.0245E+04   4.0245E+04   4.0245E+04   4.0245E+04   4.0253E+04   0.0000E+00   0.0000E+00
   4.9969E+06   2.8406E+04   2.8406E+04   2.8406E+04   2.8406E+04   2.8406E+04   2.8406E+04   2.8406E+04   2.8406E+04   2.8412E+04   0.0000E+00   0.0000E+00
   5.3576E+06   2.0049E+04   2.0049E+04   2.0049E+04   2.0049E+04   2.0049E+04   2.0049E+04   2.0049E+04   2.0049E+04   2.0054E+04   0.0000E+00   0.0000E+00
   5.7442E+06   1.4151E+04   1.4151E+04   1.4151E+04   1.4151E+04   1.4151E+04   1.4151E+04   1.4151E+04   1.4151E+04   1.4154E+04   0.0000E+00   0.0000E+00
   6.1587E+06   9.9885E+03   9.9885E+03   9.9885E+03   9.9885E+03   9.9885E+03   9.9885E+03   9.9885E+03   9.9885E+03   9.9906E+03   0.0000E+00   0.0000E+00
   6.6032E+06   7.0501E+03   7.0501E+03   7.0501E+03   7.0501E+03   7.0501E+03   7.0501E+03   7.0501E+03   7.0501E+03   7.0516E+03   0.0000E+00   0.0000E+00
   7.0797E+06   4.9762E+03   4.9762E+03   4.9762E+03   4.9762E+03   4.9762E+03   4.9762E+03   4.9762E+03   4.9762E+03   4.9772E+03   0.0000E+00   0.0000E+00
   7.5907E+06   3.5123E+03   3.5123E+03   3.5123E+03   3.5123E+03   3.5123E+03   3.5123E+03   3.5123E+03   3.5123E+03   3.5130E+03   0.0000E+00   0.0000E+00
   8.1385E+06   2.4791E+03   2.4791E+03   2.4791E+03   2.4791E+03   2.4791E+03   2.4791E+03   2.4791E+03   2.4791E+03   2.4796E+03   0.0000E+00   0.0000E+00
   8.7258E+06   1.7498E+03   1.7498E+03   1.7498E+03   1.7498E+03   1.7498E+03   1.7498E+03   1.7498E+03   1.7498E+03   1.7502E+03   0.0000E+00   0.0000E+00
   9.3555E+06   1.2351E+03   1.2351E+03   1.2351E+03   1.2351E+03   1.2351E+03   1.2351E+03   1.2351E+03   1.2351E+03   1.2353E+03   0.0000E+00   0.0000E+00
   1.0031E+07   8.7176E+02   8.7176E+02   8.7176E+02   8.7176E+02   8.7176E+02   8.7176E+02   8.7176E+02   8.7176E+02   8.7194E+02   0.0000E+00   0.0000E+00
   1.0755E+07   6.1533E+02   6.1533E+02   6.1533E+02   6.1533E+02   6.1533E+02   6.1533E+02   6.1533E+02   6.1533E+02   6.1545E+02   0.0000E+00   0.0000E+00
   1.1531E+07   4.3432E+02   4.3432E+02   4.3432E+02   4.3432E+02   4.3432E+02   4.3432E+02   4.3432E+02   4.3432E+02   4.3441E+02   0.0000E+00   0.0000E+00
   1.2363E+07   3.0656E+02   3.0656E+02   3.0656E+02   3.0656E+02   3.0656E+02   3.0656E+02   3.0656E+02   3.0656E+02   3.0662E+02   0.0000E+00   0.0000E+00
   1.3255E+07   2.1638E+02   2.1638E+02   2.1638E+02   2.1638E+02   2.1638E+02   2.1638E+02   2.1638E+02   2.1638E+02   2.1643E+02   0.0000E+00   0.0000E+00
   1.4212E+07   1.5273E+02   1.5273E+02   1.5273E+02   1.5273E+02   1.5273E+02   1.5273E+02   1.5273E+02   1.5273E+02   1.5276E+02   0.0000E+00   0.0000E+00
   1.5237E+07   1.0781E+02   1.0781E+02   1.0781E+02   1.0781E+02   1.0781E+02   1.0781E+02   1.0781E+02   1.0781E+02   1.0783E+02   0.0000E+00   0.0000E+00
   1.6337E+07   7.6095E+01   7.6095E+01   7.6095E+01   7.6095E+01   7.6095E+01   7.6095E+01   7.6095E+01   7.6095E+01   7.6111E+01   0.0000E+00   0.0000E+00
   1.7516E+07   5.3712E+01   5.3712E+01   5.3712E+01   5.3712E+01   5.3712E+01   5.3712E+01   5.3712E+01   5.3712E+01   5.3723E+01   0.0000E+00   0.0000E+00
   1.8780E+07   3.7913E+01   3.7913E+01   3.7913E+01   3.7913E+01   3.7913E+01   3.7913E+01   3.7913E+01   3.7913E+01   3.7921E+01   0.0000E+00   0.0000E+00
   2.0135E+07   2.6761E+01   2.6761E+01   2.6761E+01   2.6761E+01   2.6761E+01   2.6761E+01   2.6761E+01   2.6761E+01   2.6767E+01   0.0000E+00   0.0000E+00
   2.1588E+07   1.8890E+01   1.8890E+01   1.8890E+01   1.8890E+01   1.8890E+01   1.8890E+01   1.8890E+01   1.8890E+01   1.8894E+01   0.0000E+00   0.0000E+00
   2.3146E+07   1.3334E+01   1.3334E+01   1.3334E+01   1.3334E+01   1.3334E+01   1.3334E+01   1.3334E+01   1.3334E+01   1.3337E+01   0.0000E+00   0.0000E+00
   2.4817E+07   9.4120E+00   9.4120E+00   9.4120E+00   9.4120E+00   9.4120E+00   9.4120E+00   9.4120E+00   9.4120E+00   9.4139E+00   0.0000E+00   0.0000E+00
   2.6608E+07   6.6437E+00   6.6437E+00   6.6437E+00   6.6437E+00   6.6437E+00   6.6437E+00   6.6437E+00   6.6437E+00   6.6451E+00   0.0000E+00   0.0000E+00
   2.8528E+07   4.6897E+00   4.6897E+00   4.6897E+00   4.6897E+00   4.6897E+00   4.6897E+00   4.6897E+00   4.6897E+00   4.6907E+00   0.0000E+00   0.0000E+00
   3.0587E+07   3.3104E+00   3.3104E+00   3.3104E+00   3.3104E+00   3.3104E+00   3.3104E+00   3.3104E+00   3.3104E+00   3.3111E+00   0.0000E+00   0.0000E+00
   3.2794E+07   2.3368E+00   2.3368E+00   2.3368E+00   2.3368E+00   2.3368E+00   2.3368E+00   2.3368E+00   2.3368E+00   2.3373E+00   0.0000E+00   0.0000E+00
   3.5161E+07   1.6495E+00   1.6495E+00   1.6495E+00   1.6495E+00   1.6495E+00   1.6495E+00   1.6495E+00   1.6495E+00   1.6499E+00   0.0000E+00   0.0000E+00
   3.7698E+07   1.1644E+00   1.1644E+00   1.1644E+00   1.1644E+00   1.1644E+00   1.1644E+00   1.1644E+00   1.1644E+00   1.1647E+00   0.0000E+00   0.0000E+00
   4.0419E+07   8.2199E-01   8.2199E-01   8.2199E-01   8.2199E-01   8.2199E-01   8.2199E-01   8.2199E-01   8.2199E-01   8.2216E-01   0.0000E+00   0.0000E+00
   4.3336E+07   5.8025E-01   5.8025E-01   5.8025E-01   5.8025E-01   5.8025E-01   5.8025E-01   5.8025E-01   5.8025E-01   5.8037E-01   0.0000E+00   0.0000E+00
   4.6463E+07   4.0962E-01   4.0962E-01   4.0962E-01   4.0962E-01   4.0962E-01   4.0962E-01   4.0962E-01   4.0962E-01   4.0970E-01   0.0000E+00   0.0000E+00
   4.9817E+07   2.8916E-01   2.8916E-01   2.8916E-01   2.8916E-01   2.8916E-01   2.8916E-01   2.8916E-01   2.8916E-01   2.8922E-01   0.0000E+00   0.0000E+00
   5.3412E+07   2.0414E-01   2.0414E-01   2.0414E-01   2.0414E-01   2.0414E-01   2.0414E-01   2.0414E-01   2.0414E-01   2.0418E-01   0.0000E+00   0.0000E+00
   5.7266E+07   1.4411E-01   1.4411E-01   1.4411E-01   1.4411E-01   1.4411E-01   1.4411E-01   1.4411E-01   1.4411E-01   1.4414E-01   0.0000E+00   0.0000E+00
   6.1399E+07   1.0174E-01   1.0174E-01   1.0174E-01   1.0174E-01   1.0174E-01   1.0174E-01   1.0174E-01   1.0174E-01   1.0176E-01   0.0000E+00   0.0000E+00
   6.5830E+07   7.1825E-02   7.1825E-02   7.1825E-02   7.1825E-02   7.1825E-02   7.1825E-02   7.1825E-02   7.1825E-02   7.1839E-02   0.0000E+00   0.0000E+00
   7.0581E+07   5.0708E-02   5.0708E-02   5.0708E-02   5.0708E-02   5.0708E-02   5.0708E-02   5.0708E-02   5.0708E-02   5.0718E-02   0.0000E+00   0.0000E+00
   7.5675E+07   3.5800E-02   3.5800E-02   3.5800E-02   3.5800E-02   3.5800E-02   3.5800E-02   3.5800E-02   3.5800E-02   3.5807E-02   0.0000E+00   0.0000E+00
   8.1136E+07   2.5275E-02   2.5275E-02   2.5275E-02   2.5275E-02   2.5275E-02   2.5275E-02   2.5275E-02   2.5275E-02   2.5280E-02   0.0000E+00   0.0000E+00
   8.6991E+07   1.7845E-02   1.7845E-02   1.7845E-02   1.7845E-02   1.7845E-02   1.7845E-02   1.7845E-02   1.7845E-02   1.7849E-02   0.0000E+00   0.0000E+00
   9.3269E+07   1.2600E-02   1.2600E-02   1.2600E-02   1.2600E-02   1.2600E-02   1.2600E-02   1.2600E-02   1.2600E-02   1.2602E-02   0.0000E+00   0.0000E+00
   1.0000E+08   8.8961E-03   8.8961E-03   8.8961E-03   8.8961E-03   8.8961E-03   8.8961E-03   8.8961E-03   8.8961E-03   8.8979E-03   0.0000E+00   0.0000E+00
