 (1): Wavelength (A) 
 (2): Intrinsic SED (1e30 erg/s/A)
 (3 - 9): SED at angles [   0.0000000      0.26183301      0.52366602      0.78549999       1.0473300       1.3091700       1.5710000     ] (1e30 erg/s/A)
 (10): Angle averaged SED (1e30 erg/s/A)
 (11): Molecular cloud emission (1e30 erg/s/A)
 (12): Cirrus emission (1e30 erg/s/A)
  
            1            2            3            4            5            6            7            8            9           10           11           12
   9.5000E+01   9.8637E+10   9.8637E+10   9.8637E+10   9.8637E+10   9.8637E+10   9.8637E+10   9.8637E+10   9.8637E+10   9.8657E+10   0.0000E+00   0.0000E+00
   1.0186E+02   1.0185E+11   1.0185E+11   1.0185E+11   1.0185E+11   1.0185E+11   1.0185E+11   1.0185E+11   1.0185E+11   1.0187E+11   0.0000E+00   0.0000E+00
   1.0921E+02   1.0195E+11   1.0195E+11   1.0195E+11   1.0195E+11   1.0195E+11   1.0195E+11   1.0195E+11   1.0195E+11   1.0197E+11   0.0000E+00   0.0000E+00
   1.1709E+02   1.0203E+11   1.0203E+11   1.0203E+11   1.0203E+11   1.0203E+11   1.0203E+11   1.0203E+11   1.0203E+11   1.0205E+11   0.0000E+00   0.0000E+00
   1.2554E+02   1.0472E+11   1.0472E+11   1.0472E+11   1.0472E+11   1.0472E+11   1.0472E+11   1.0472E+11   1.0472E+11   1.0474E+11   0.0000E+00   0.0000E+00
   1.3460E+02   1.0480E+11   1.0480E+11   1.0480E+11   1.0480E+11   1.0480E+11   1.0480E+11   1.0480E+11   1.0480E+11   1.0483E+11   0.0000E+00   0.0000E+00
   1.4431E+02   1.0551E+11   1.0551E+11   1.0551E+11   1.0551E+11   1.0551E+11   1.0551E+11   1.0551E+11   1.0551E+11   1.0553E+11   0.0000E+00   0.0000E+00
   1.5473E+02   1.0749E+11   1.0749E+11   1.0749E+11   1.0749E+11   1.0749E+11   1.0749E+11   1.0749E+11   1.0748E+11   1.0751E+11   0.0000E+00   0.0000E+00
   1.6589E+02   1.0861E+11   1.0861E+11   1.0861E+11   1.0861E+11   1.0861E+11   1.0861E+11   1.0861E+11   1.0861E+11   1.0863E+11   0.0000E+00   0.0000E+00
   1.7786E+02   1.0886E+11   1.0886E+11   1.0885E+11   1.0885E+11   1.0885E+11   1.0885E+11   1.0885E+11   1.0885E+11   1.0888E+11   0.0000E+00   0.0000E+00
   1.9070E+02   1.0918E+11   1.0918E+11   1.0918E+11   1.0918E+11   1.0918E+11   1.0918E+11   1.0918E+11   1.0918E+11   1.0920E+11   0.0000E+00   0.0000E+00
   2.0446E+02   1.1127E+11   1.1127E+11   1.1127E+11   1.1127E+11   1.1127E+11   1.1127E+11   1.1127E+11   1.1127E+11   1.1130E+11   0.0000E+00   0.0000E+00
   2.1922E+02   1.1271E+11   1.1271E+11   1.1271E+11   1.1271E+11   1.1271E+11   1.1271E+11   1.1271E+11   1.1271E+11   1.1274E+11   0.0000E+00   0.0000E+00
   2.3504E+02   2.0729E+11   2.0729E+11   2.0729E+11   2.0729E+11   2.0729E+11   2.0729E+11   2.0729E+11   2.0729E+11   2.0733E+11   0.0000E+00   0.0000E+00
   2.5200E+02   4.4999E+11   4.4999E+11   4.4999E+11   4.4999E+11   4.4999E+11   4.4999E+11   4.4999E+11   4.4999E+11   4.5008E+11   0.0000E+00   0.0000E+00
   2.7019E+02   5.7956E+11   5.7956E+11   5.7956E+11   5.7956E+11   5.7956E+11   5.7956E+11   5.7956E+11   5.7956E+11   5.7968E+11   0.0000E+00   0.0000E+00
   2.8969E+02   5.6660E+11   5.6660E+11   5.6660E+11   5.6660E+11   5.6660E+11   5.6660E+11   5.6660E+11   5.6660E+11   5.6672E+11   0.0000E+00   0.0000E+00
   3.1059E+02   4.6372E+11   4.6372E+11   4.6372E+11   4.6372E+11   4.6372E+11   4.6372E+11   4.6372E+11   4.6372E+11   4.6381E+11   0.0000E+00   0.0000E+00
   3.3301E+02   5.7646E+11   5.7646E+11   5.7646E+11   5.7646E+11   5.7646E+11   5.7646E+11   5.7646E+11   5.7646E+11   5.7658E+11   0.0000E+00   0.0000E+00
   3.5704E+02   5.6866E+11   5.6866E+11   5.6866E+11   5.6866E+11   5.6866E+11   5.6866E+11   5.6866E+11   5.6866E+11   5.6878E+11   0.0000E+00   0.0000E+00
   3.8280E+02   5.5039E+11   5.5039E+11   5.5039E+11   5.5039E+11   5.5039E+11   5.5039E+11   5.5039E+11   5.5039E+11   5.5050E+11   0.0000E+00   0.0000E+00
   4.1043E+02   5.5993E+11   5.5993E+11   5.5993E+11   5.5993E+11   5.5993E+11   5.5993E+11   5.5993E+11   5.5993E+11   5.6004E+11   0.0000E+00   0.0000E+00
   4.4005E+02   5.3386E+11   5.3386E+11   5.3386E+11   5.3386E+11   5.3386E+11   5.3386E+11   5.3386E+11   5.3386E+11   5.3397E+11   0.0000E+00   0.0000E+00
   4.7181E+02   5.0625E+11   5.0625E+11   5.0625E+11   5.0625E+11   5.0625E+11   5.0625E+11   5.0625E+11   5.0625E+11   5.0636E+11   0.0000E+00   0.0000E+00
   5.0586E+02   5.1208E+11   5.1208E+11   5.1208E+11   5.1208E+11   5.1208E+11   5.1208E+11   5.1208E+11   5.1208E+11   5.1219E+11   0.0000E+00   0.0000E+00
   5.4236E+02   5.4043E+11   5.4043E+11   5.4043E+11   5.4043E+11   5.4043E+11   5.4043E+11   5.4043E+11   5.4043E+11   5.4054E+11   0.0000E+00   0.0000E+00
   5.8151E+02   5.4140E+11   5.4140E+11   5.4140E+11   5.4140E+11   5.4140E+11   5.4140E+11   5.4140E+11   5.4140E+11   5.4151E+11   0.0000E+00   0.0000E+00
   6.2347E+02   5.2004E+11   5.2004E+11   5.2004E+11   5.2004E+11   5.2004E+11   5.2004E+11   5.2004E+11   5.2004E+11   5.2014E+11   0.0000E+00   0.0000E+00
   6.6847E+02   4.9344E+11   4.9344E+11   4.9344E+11   4.9344E+11   4.9344E+11   4.9344E+11   4.9344E+11   4.9344E+11   4.9354E+11   0.0000E+00   0.0000E+00
   7.1671E+02   4.6814E+11   4.6814E+11   4.6814E+11   4.6814E+11   4.6814E+11   4.6814E+11   4.6814E+11   4.6814E+11   4.6824E+11   0.0000E+00   0.0000E+00
   7.6843E+02   4.2588E+11   4.2588E+11   4.2588E+11   4.2588E+11   4.2588E+11   4.2588E+11   4.2588E+11   4.2588E+11   4.2597E+11   0.0000E+00   0.0000E+00
   8.2389E+02   4.1474E+11   4.1474E+11   4.1474E+11   4.1474E+11   4.1474E+11   4.1474E+11   4.1474E+11   4.1474E+11   4.1482E+11   0.0000E+00   0.0000E+00
   8.8334E+02   3.9177E+11   3.9177E+11   3.9177E+11   3.9177E+11   3.9177E+11   3.9177E+11   3.9177E+11   3.9177E+11   3.9185E+11   0.0000E+00   0.0000E+00
   9.4709E+02   1.2292E+12   1.2292E+12   1.2292E+12   1.2292E+12   1.2292E+12   1.2292E+12   1.2292E+12   1.2292E+12   1.2294E+12   0.0000E+00   0.0000E+00
   1.0154E+03   1.3678E+12   1.3678E+12   1.3678E+12   1.3678E+12   1.3678E+12   1.3678E+12   1.3678E+12   1.3678E+12   1.3681E+12   0.0000E+00   0.0000E+00
   1.0887E+03   1.3086E+12   1.3086E+12   1.3086E+12   1.3086E+12   1.3086E+12   1.3086E+12   1.3086E+12   1.3086E+12   1.3089E+12   0.0000E+00   0.0000E+00
   1.1673E+03   1.1631E+12   1.1631E+12   1.1631E+12   1.1631E+12   1.1631E+12   1.1631E+12   1.1631E+12   1.1631E+12   1.1633E+12   0.0000E+00   0.0000E+00
   1.2515E+03   1.0413E+12   1.0413E+12   1.0413E+12   1.0413E+12   1.0413E+12   1.0413E+12   1.0413E+12   1.0413E+12   1.0415E+12   0.0000E+00   0.0000E+00
   1.3419E+03   9.6447E+11   9.6447E+11   9.6447E+11   9.6447E+11   9.6447E+11   9.6447E+11   9.6447E+11   9.6447E+11   9.6466E+11   0.0000E+00   0.0000E+00
   1.4387E+03   8.3527E+11   8.3527E+11   8.3527E+11   8.3527E+11   8.3527E+11   8.3527E+11   8.3527E+11   8.3527E+11   8.3544E+11   0.0000E+00   0.0000E+00
   1.5425E+03   6.7060E+11   6.7060E+11   6.7060E+11   6.7060E+11   6.7060E+11   6.7060E+11   6.7060E+11   6.7060E+11   6.7074E+11   0.0000E+00   0.0000E+00
   1.6538E+03   6.0416E+11   6.0416E+11   6.0416E+11   6.0416E+11   6.0416E+11   6.0416E+11   6.0416E+11   6.0416E+11   6.0428E+11   0.0000E+00   0.0000E+00
   1.7732E+03   5.5227E+11   5.5227E+11   5.5227E+11   5.5227E+11   5.5227E+11   5.5227E+11   5.5227E+11   5.5227E+11   5.5238E+11   0.0000E+00   0.0000E+00
   1.9012E+03   4.7750E+11   4.7750E+11   4.7750E+11   4.7750E+11   4.7750E+11   4.7750E+11   4.7750E+11   4.7750E+11   4.7760E+11   0.0000E+00   0.0000E+00
   2.0384E+03   4.2705E+11   4.2705E+11   4.2705E+11   4.2705E+11   4.2705E+11   4.2705E+11   4.2705E+11   4.2705E+11   4.2714E+11   0.0000E+00   0.0000E+00
   2.1855E+03   3.7683E+11   3.7683E+11   3.7683E+11   3.7683E+11   3.7683E+11   3.7683E+11   3.7683E+11   3.7683E+11   3.7690E+11   0.0000E+00   0.0000E+00
   2.3432E+03   3.0547E+11   3.0547E+11   3.0547E+11   3.0547E+11   3.0547E+11   3.0547E+11   3.0547E+11   3.0547E+11   3.0553E+11   0.0000E+00   0.0000E+00
   2.5123E+03   2.7378E+11   2.7378E+11   2.7378E+11   2.7378E+11   2.7378E+11   2.7378E+11   2.7378E+11   2.7378E+11   2.7383E+11   0.0000E+00   0.0000E+00
   2.6936E+03   2.7262E+11   2.7262E+11   2.7262E+11   2.7262E+11   2.7262E+11   2.7262E+11   2.7262E+11   2.7262E+11   2.7267E+11   0.0000E+00   0.0000E+00
   2.8880E+03   2.5822E+11   2.5822E+11   2.5822E+11   2.5822E+11   2.5822E+11   2.5822E+11   2.5822E+11   2.5822E+11   2.5827E+11   0.0000E+00   0.0000E+00
   3.0964E+03   2.5601E+11   2.5601E+11   2.5601E+11   2.5601E+11   2.5601E+11   2.5601E+11   2.5601E+11   2.5601E+11   2.5606E+11   0.0000E+00   0.0000E+00
   3.3199E+03   2.4124E+11   2.4124E+11   2.4124E+11   2.4124E+11   2.4124E+11   2.4124E+11   2.4124E+11   2.4124E+11   2.4129E+11   0.0000E+00   0.0000E+00
   3.5595E+03   2.3508E+11   2.3508E+11   2.3508E+11   2.3508E+11   2.3508E+11   2.3508E+11   2.3508E+11   2.3508E+11   2.3513E+11   0.0000E+00   0.0000E+00
   3.8163E+03   3.2242E+11   3.2242E+11   3.2242E+11   3.2242E+11   3.2242E+11   3.2242E+11   3.2242E+11   3.2242E+11   3.2248E+11   0.0000E+00   0.0000E+00
   4.0918E+03   3.4112E+11   3.4112E+11   3.4112E+11   3.4112E+11   3.4112E+11   3.4112E+11   3.4112E+11   3.4112E+11   3.4119E+11   0.0000E+00   0.0000E+00
   4.3870E+03   3.4744E+11   3.4744E+11   3.4744E+11   3.4744E+11   3.4744E+11   3.4744E+11   3.4744E+11   3.4744E+11   3.4751E+11   0.0000E+00   0.0000E+00
   4.7036E+03   3.3240E+11   3.3240E+11   3.3240E+11   3.3240E+11   3.3240E+11   3.3240E+11   3.3240E+11   3.3240E+11   3.3247E+11   0.0000E+00   0.0000E+00
   5.0431E+03   3.0145E+11   3.0145E+11   3.0145E+11   3.0145E+11   3.0145E+11   3.0145E+11   3.0145E+11   3.0145E+11   3.0152E+11   0.0000E+00   0.0000E+00
   5.4070E+03   2.7380E+11   2.7380E+11   2.7380E+11   2.7380E+11   2.7380E+11   2.7380E+11   2.7380E+11   2.7380E+11   2.7385E+11   0.0000E+00   0.0000E+00
   5.7973E+03   2.6901E+11   2.6901E+11   2.6901E+11   2.6901E+11   2.6901E+11   2.6901E+11   2.6901E+11   2.6901E+11   2.6907E+11   0.0000E+00   0.0000E+00
   6.2156E+03   2.4033E+11   2.4033E+11   2.4033E+11   2.4033E+11   2.4033E+11   2.4033E+11   2.4033E+11   2.4033E+11   2.4038E+11   0.0000E+00   0.0000E+00
   6.6642E+03   2.1717E+11   2.1717E+11   2.1717E+11   2.1717E+11   2.1717E+11   2.1717E+11   2.1717E+11   2.1717E+11   2.1721E+11   0.0000E+00   0.0000E+00
   7.1451E+03   1.9472E+11   1.9472E+11   1.9472E+11   1.9472E+11   1.9472E+11   1.9472E+11   1.9472E+11   1.9472E+11   1.9476E+11   0.0000E+00   0.0000E+00
   7.6608E+03   1.7896E+11   1.7896E+11   1.7896E+11   1.7896E+11   1.7896E+11   1.7896E+11   1.7896E+11   1.7896E+11   1.7899E+11   0.0000E+00   0.0000E+00
   8.2136E+03   1.6217E+11   1.6217E+11   1.6217E+11   1.6217E+11   1.6217E+11   1.6217E+11   1.6217E+11   1.6217E+11   1.6221E+11   0.0000E+00   0.0000E+00
   8.8064E+03   1.3507E+11   1.3507E+11   1.3507E+11   1.3507E+11   1.3507E+11   1.3507E+11   1.3507E+11   1.3507E+11   1.3510E+11   0.0000E+00   0.0000E+00
   9.4420E+03   1.2877E+11   1.2877E+11   1.2877E+11   1.2877E+11   1.2877E+11   1.2877E+11   1.2877E+11   1.2877E+11   1.2880E+11   0.0000E+00   0.0000E+00
   1.0123E+04   1.1615E+11   1.1615E+11   1.1615E+11   1.1615E+11   1.1615E+11   1.1615E+11   1.1615E+11   1.1615E+11   1.1618E+11   0.0000E+00   0.0000E+00
   1.0854E+04   1.0046E+11   1.0046E+11   1.0046E+11   1.0046E+11   1.0046E+11   1.0046E+11   1.0046E+11   1.0046E+11   1.0048E+11   0.0000E+00   0.0000E+00
   1.1637E+04   8.9844E+10   8.9844E+10   8.9844E+10   8.9844E+10   8.9844E+10   8.9844E+10   8.9844E+10   8.9844E+10   8.9863E+10   0.0000E+00   0.0000E+00
   1.2477E+04   7.4176E+10   7.4176E+10   7.4176E+10   7.4176E+10   7.4176E+10   7.4176E+10   7.4176E+10   7.4176E+10   7.4191E+10   0.0000E+00   0.0000E+00
   1.3377E+04   6.6915E+10   6.6915E+10   6.6915E+10   6.6915E+10   6.6915E+10   6.6915E+10   6.6915E+10   6.6915E+10   6.6929E+10   0.0000E+00   0.0000E+00
   1.4343E+04   6.0098E+10   6.0098E+10   6.0098E+10   6.0098E+10   6.0098E+10   6.0098E+10   6.0098E+10   6.0098E+10   6.0110E+10   0.0000E+00   0.0000E+00
   1.5378E+04   5.2196E+10   5.2196E+10   5.2196E+10   5.2196E+10   5.2196E+10   5.2196E+10   5.2196E+10   5.2196E+10   5.2207E+10   0.0000E+00   0.0000E+00
   1.6488E+04   4.9616E+10   4.9616E+10   4.9616E+10   4.9616E+10   4.9616E+10   4.9616E+10   4.9616E+10   4.9616E+10   4.9627E+10   0.0000E+00   0.0000E+00
   1.7678E+04   4.3262E+10   4.3262E+10   4.3262E+10   4.3262E+10   4.3262E+10   4.3262E+10   4.3262E+10   4.3262E+10   4.3270E+10   0.0000E+00   0.0000E+00
   1.8953E+04   3.3424E+10   3.3424E+10   3.3424E+10   3.3424E+10   3.3424E+10   3.3424E+10   3.3424E+10   3.3424E+10   3.3431E+10   0.0000E+00   0.0000E+00
   2.0321E+04   2.9290E+10   2.9290E+10   2.9290E+10   2.9290E+10   2.9290E+10   2.9290E+10   2.9290E+10   2.9290E+10   2.9296E+10   0.0000E+00   0.0000E+00
   2.1788E+04   2.2906E+10   2.2906E+10   2.2906E+10   2.2906E+10   2.2906E+10   2.2906E+10   2.2906E+10   2.2906E+10   2.2911E+10   0.0000E+00   0.0000E+00
   2.3360E+04   2.0636E+10   2.0636E+10   2.0636E+10   2.0636E+10   2.0636E+10   2.0636E+10   2.0636E+10   2.0636E+10   2.0640E+10   0.0000E+00   0.0000E+00
   2.5046E+04   1.2701E+10   1.2701E+10   1.2701E+10   1.2701E+10   1.2701E+10   1.2701E+10   1.2701E+10   1.2701E+10   1.2703E+10   0.0000E+00   0.0000E+00
   2.6854E+04   1.1843E+10   1.1843E+10   1.1843E+10   1.1843E+10   1.1843E+10   1.1843E+10   1.1843E+10   1.1843E+10   1.1846E+10   0.0000E+00   0.0000E+00
   2.8792E+04   1.0827E+10   1.0827E+10   1.0827E+10   1.0827E+10   1.0827E+10   1.0827E+10   1.0827E+10   1.0827E+10   1.0830E+10   0.0000E+00   0.0000E+00
   3.0869E+04   7.5312E+09   7.5312E+09   7.5312E+09   7.5312E+09   7.5312E+09   7.5312E+09   7.5312E+09   7.5312E+09   7.5328E+09   0.0000E+00   0.0000E+00
   3.3097E+04   6.6091E+09   6.6091E+09   6.6091E+09   6.6091E+09   6.6091E+09   6.6091E+09   6.6091E+09   6.6091E+09   6.6104E+09   0.0000E+00   0.0000E+00
   3.5486E+04   6.1751E+09   6.1751E+09   6.1751E+09   6.1751E+09   6.1751E+09   6.1751E+09   6.1751E+09   6.1751E+09   6.1764E+09   0.0000E+00   0.0000E+00
   3.8047E+04   4.7162E+09   4.7162E+09   4.7162E+09   4.7162E+09   4.7162E+09   4.7162E+09   4.7162E+09   4.7162E+09   4.7172E+09   0.0000E+00   0.0000E+00
   4.0792E+04   4.2753E+09   4.2753E+09   4.2753E+09   4.2753E+09   4.2753E+09   4.2753E+09   4.2753E+09   4.2753E+09   4.2762E+09   0.0000E+00   0.0000E+00
   4.3736E+04   3.5815E+09   3.5815E+09   3.5815E+09   3.5815E+09   3.5815E+09   3.5815E+09   3.5815E+09   3.5815E+09   3.5823E+09   0.0000E+00   0.0000E+00
   4.6893E+04   2.9316E+09   2.9316E+09   2.9316E+09   2.9316E+09   2.9316E+09   2.9316E+09   2.9316E+09   2.9316E+09   2.9322E+09   0.0000E+00   0.0000E+00
   5.0277E+04   2.5442E+09   2.5442E+09   2.5442E+09   2.5442E+09   2.5442E+09   2.5442E+09   2.5442E+09   2.5442E+09   2.5447E+09   0.0000E+00   0.0000E+00
   5.3905E+04   2.2394E+09   2.2394E+09   2.2394E+09   2.2394E+09   2.2394E+09   2.2394E+09   2.2394E+09   2.2394E+09   2.2398E+09   0.0000E+00   0.0000E+00
   5.7795E+04   1.9971E+09   1.9971E+09   1.9971E+09   1.9971E+09   1.9971E+09   1.9971E+09   1.9971E+09   1.9971E+09   1.9975E+09   0.0000E+00   0.0000E+00
   6.1966E+04   1.7684E+09   1.7684E+09   1.7684E+09   1.7684E+09   1.7684E+09   1.7684E+09   1.7684E+09   1.7684E+09   1.7688E+09   0.0000E+00   0.0000E+00
   6.6438E+04   1.5555E+09   1.5555E+09   1.5555E+09   1.5555E+09   1.5555E+09   1.5555E+09   1.5555E+09   1.5555E+09   1.5558E+09   0.0000E+00   0.0000E+00
   7.1233E+04   1.3869E+09   1.3869E+09   1.3869E+09   1.3869E+09   1.3869E+09   1.3869E+09   1.3869E+09   1.3869E+09   1.3872E+09   0.0000E+00   0.0000E+00
   7.6374E+04   1.2438E+09   1.2438E+09   1.2438E+09   1.2438E+09   1.2438E+09   1.2438E+09   1.2438E+09   1.2438E+09   1.2441E+09   0.0000E+00   0.0000E+00
   8.1885E+04   1.1126E+09   1.1126E+09   1.1126E+09   1.1126E+09   1.1126E+09   1.1126E+09   1.1126E+09   1.1126E+09   1.1128E+09   0.0000E+00   0.0000E+00
   8.7795E+04   1.0147E+09   1.0147E+09   1.0147E+09   1.0147E+09   1.0147E+09   1.0147E+09   1.0147E+09   1.0147E+09   1.0149E+09   0.0000E+00   0.0000E+00
   9.4131E+04   9.1097E+08   9.1097E+08   9.1097E+08   9.1097E+08   9.1097E+08   9.1097E+08   9.1097E+08   9.1097E+08   9.1115E+08   0.0000E+00   0.0000E+00
   1.0092E+05   8.2472E+08   8.2472E+08   8.2472E+08   8.2472E+08   8.2472E+08   8.2472E+08   8.2472E+08   8.2472E+08   8.2488E+08   0.0000E+00   0.0000E+00
   1.0821E+05   7.3940E+08   7.3940E+08   7.3940E+08   7.3940E+08   7.3940E+08   7.3940E+08   7.3940E+08   7.3940E+08   7.3955E+08   0.0000E+00   0.0000E+00
   1.1602E+05   6.6133E+08   6.6133E+08   6.6133E+08   6.6133E+08   6.6133E+08   6.6133E+08   6.6133E+08   6.6133E+08   6.6147E+08   0.0000E+00   0.0000E+00
   1.2439E+05   5.9528E+08   5.9528E+08   5.9528E+08   5.9528E+08   5.9528E+08   5.9528E+08   5.9528E+08   5.9528E+08   5.9540E+08   0.0000E+00   0.0000E+00
   1.3337E+05   5.4193E+08   5.4193E+08   5.4193E+08   5.4193E+08   5.4193E+08   5.4193E+08   5.4193E+08   5.4193E+08   5.4204E+08   0.0000E+00   0.0000E+00
   1.4299E+05   4.9369E+08   4.9369E+08   4.9369E+08   4.9369E+08   4.9369E+08   4.9369E+08   4.9369E+08   4.9369E+08   4.9379E+08   0.0000E+00   0.0000E+00
   1.5331E+05   4.4248E+08   4.4248E+08   4.4248E+08   4.4248E+08   4.4248E+08   4.4248E+08   4.4248E+08   4.4248E+08   4.4257E+08   0.0000E+00   0.0000E+00
   1.6437E+05   4.0480E+08   4.0480E+08   4.0480E+08   4.0480E+08   4.0480E+08   4.0480E+08   4.0480E+08   4.0480E+08   4.0488E+08   0.0000E+00   0.0000E+00
   1.7624E+05   3.6355E+08   3.6355E+08   3.6355E+08   3.6355E+08   3.6355E+08   3.6355E+08   3.6355E+08   3.6355E+08   3.6363E+08   0.0000E+00   0.0000E+00
   1.8895E+05   3.2634E+08   3.2634E+08   3.2634E+08   3.2634E+08   3.2634E+08   3.2634E+08   3.2634E+08   3.2634E+08   3.2640E+08   0.0000E+00   0.0000E+00
   2.0259E+05   2.9637E+08   2.9637E+08   2.9637E+08   2.9637E+08   2.9637E+08   2.9637E+08   2.9637E+08   2.9637E+08   2.9643E+08   0.0000E+00   0.0000E+00
   2.1721E+05   2.6970E+08   2.6970E+08   2.6970E+08   2.6970E+08   2.6970E+08   2.6970E+08   2.6970E+08   2.6970E+08   2.6976E+08   0.0000E+00   0.0000E+00
   2.3289E+05   2.4259E+08   2.4259E+08   2.4259E+08   2.4259E+08   2.4259E+08   2.4259E+08   2.4259E+08   2.4259E+08   2.4264E+08   0.0000E+00   0.0000E+00
   2.4969E+05   2.1331E+08   2.1331E+08   2.1331E+08   2.1331E+08   2.1331E+08   2.1331E+08   2.1331E+08   2.1331E+08   2.1336E+08   0.0000E+00   0.0000E+00
   2.6771E+05   1.9194E+08   1.9194E+08   1.9194E+08   1.9194E+08   1.9194E+08   1.9194E+08   1.9194E+08   1.9194E+08   1.9198E+08   0.0000E+00   0.0000E+00
   2.8703E+05   1.7258E+08   1.7258E+08   1.7258E+08   1.7258E+08   1.7258E+08   1.7258E+08   1.7258E+08   1.7258E+08   1.7261E+08   0.0000E+00   0.0000E+00
   3.0775E+05   1.5196E+08   1.5196E+08   1.5196E+08   1.5196E+08   1.5196E+08   1.5196E+08   1.5196E+08   1.5196E+08   1.5199E+08   0.0000E+00   0.0000E+00
   3.2996E+05   1.3348E+08   1.3348E+08   1.3348E+08   1.3348E+08   1.3348E+08   1.3348E+08   1.3348E+08   1.3348E+08   1.3351E+08   0.0000E+00   0.0000E+00
   3.5377E+05   1.1606E+08   1.1606E+08   1.1606E+08   1.1606E+08   1.1606E+08   1.1606E+08   1.1606E+08   1.1606E+08   1.1609E+08   0.0000E+00   0.0000E+00
   3.7930E+05   1.0327E+08   1.0327E+08   1.0327E+08   1.0327E+08   1.0327E+08   1.0327E+08   1.0327E+08   1.0327E+08   1.0329E+08   0.0000E+00   0.0000E+00
   4.0667E+05   8.9807E+07   8.9807E+07   8.9807E+07   8.9807E+07   8.9807E+07   8.9807E+07   8.9807E+07   8.9807E+07   8.9825E+07   0.0000E+00   0.0000E+00
   4.3602E+05   7.7885E+07   7.7885E+07   7.7885E+07   7.7885E+07   7.7885E+07   7.7885E+07   7.7885E+07   7.7885E+07   7.7901E+07   0.0000E+00   0.0000E+00
   4.6749E+05   6.6380E+07   6.6380E+07   6.6380E+07   6.6380E+07   6.6380E+07   6.6380E+07   6.6380E+07   6.6380E+07   6.6394E+07   0.0000E+00   0.0000E+00
   5.0123E+05   5.7538E+07   5.7538E+07   5.7538E+07   5.7538E+07   5.7538E+07   5.7538E+07   5.7538E+07   5.7538E+07   5.7549E+07   0.0000E+00   0.0000E+00
   5.3740E+05   4.8331E+07   4.8331E+07   4.8331E+07   4.8331E+07   4.8331E+07   4.8331E+07   4.8331E+07   4.8331E+07   4.8341E+07   0.0000E+00   0.0000E+00
   5.7618E+05   4.0599E+07   4.0599E+07   4.0599E+07   4.0599E+07   4.0599E+07   4.0599E+07   4.0599E+07   4.0599E+07   4.0607E+07   0.0000E+00   0.0000E+00
   6.1776E+05   3.4104E+07   3.4104E+07   3.4104E+07   3.4104E+07   3.4104E+07   3.4104E+07   3.4104E+07   3.4104E+07   3.4111E+07   0.0000E+00   0.0000E+00
   6.6235E+05   2.7869E+07   2.7869E+07   2.7869E+07   2.7869E+07   2.7869E+07   2.7869E+07   2.7869E+07   2.7869E+07   2.7874E+07   0.0000E+00   0.0000E+00
   7.1015E+05   2.2242E+07   2.2242E+07   2.2242E+07   2.2242E+07   2.2242E+07   2.2242E+07   2.2242E+07   2.2242E+07   2.2247E+07   0.0000E+00   0.0000E+00
   7.6140E+05   1.7834E+07   1.7834E+07   1.7834E+07   1.7834E+07   1.7834E+07   1.7834E+07   1.7834E+07   1.7834E+07   1.7837E+07   0.0000E+00   0.0000E+00
   8.1635E+05   1.3738E+07   1.3738E+07   1.3738E+07   1.3738E+07   1.3738E+07   1.3738E+07   1.3738E+07   1.3738E+07   1.3741E+07   0.0000E+00   0.0000E+00
   8.7526E+05   1.0700E+07   1.0700E+07   1.0700E+07   1.0700E+07   1.0700E+07   1.0700E+07   1.0700E+07   1.0700E+07   1.0702E+07   0.0000E+00   0.0000E+00
   9.3842E+05   8.2378E+06   8.2378E+06   8.2378E+06   8.2378E+06   8.2378E+06   8.2378E+06   8.2378E+06   8.2378E+06   8.2394E+06   0.0000E+00   0.0000E+00
   1.0061E+06   5.8778E+06   5.8778E+06   5.8778E+06   5.8778E+06   5.8778E+06   5.8778E+06   5.8778E+06   5.8778E+06   5.8790E+06   0.0000E+00   0.0000E+00
   1.0788E+06   4.1489E+06   4.1489E+06   4.1489E+06   4.1489E+06   4.1489E+06   4.1489E+06   4.1489E+06   4.1489E+06   4.1497E+06   0.0000E+00   0.0000E+00
   1.1566E+06   2.9285E+06   2.9285E+06   2.9285E+06   2.9285E+06   2.9285E+06   2.9285E+06   2.9285E+06   2.9285E+06   2.9291E+06   0.0000E+00   0.0000E+00
   1.2401E+06   2.0671E+06   2.0671E+06   2.0671E+06   2.0671E+06   2.0671E+06   2.0671E+06   2.0671E+06   2.0671E+06   2.0675E+06   0.0000E+00   0.0000E+00
   1.3296E+06   1.4591E+06   1.4591E+06   1.4591E+06   1.4591E+06   1.4591E+06   1.4591E+06   1.4591E+06   1.4591E+06   1.4594E+06   0.0000E+00   0.0000E+00
   1.4255E+06   1.0299E+06   1.0299E+06   1.0299E+06   1.0299E+06   1.0299E+06   1.0299E+06   1.0299E+06   1.0299E+06   1.0302E+06   0.0000E+00   0.0000E+00
   1.5284E+06   7.2701E+05   7.2701E+05   7.2701E+05   7.2701E+05   7.2701E+05   7.2701E+05   7.2701E+05   7.2701E+05   7.2715E+05   0.0000E+00   0.0000E+00
   1.6387E+06   5.1317E+05   5.1317E+05   5.1317E+05   5.1317E+05   5.1317E+05   5.1317E+05   5.1317E+05   5.1317E+05   5.1328E+05   0.0000E+00   0.0000E+00
   1.7570E+06   3.6224E+05   3.6224E+05   3.6224E+05   3.6224E+05   3.6224E+05   3.6224E+05   3.6224E+05   3.6224E+05   3.6231E+05   0.0000E+00   0.0000E+00
   1.8838E+06   2.5570E+05   2.5570E+05   2.5570E+05   2.5570E+05   2.5570E+05   2.5570E+05   2.5570E+05   2.5570E+05   2.5575E+05   0.0000E+00   0.0000E+00
   2.0197E+06   1.8050E+05   1.8050E+05   1.8050E+05   1.8050E+05   1.8050E+05   1.8050E+05   1.8050E+05   1.8050E+05   1.8053E+05   0.0000E+00   0.0000E+00
   2.1655E+06   1.2741E+05   1.2741E+05   1.2741E+05   1.2741E+05   1.2741E+05   1.2741E+05   1.2741E+05   1.2741E+05   1.2744E+05   0.0000E+00   0.0000E+00
   2.3217E+06   8.9942E+04   8.9942E+04   8.9942E+04   8.9942E+04   8.9942E+04   8.9942E+04   8.9942E+04   8.9942E+04   8.9960E+04   0.0000E+00   0.0000E+00
   2.4893E+06   6.3491E+04   6.3491E+04   6.3491E+04   6.3491E+04   6.3491E+04   6.3491E+04   6.3491E+04   6.3491E+04   6.3504E+04   0.0000E+00   0.0000E+00
   2.6689E+06   4.4819E+04   4.4819E+04   4.4819E+04   4.4819E+04   4.4819E+04   4.4819E+04   4.4819E+04   4.4819E+04   4.4828E+04   0.0000E+00   0.0000E+00
   2.8616E+06   3.1639E+04   3.1639E+04   3.1639E+04   3.1639E+04   3.1639E+04   3.1639E+04   3.1639E+04   3.1639E+04   3.1645E+04   0.0000E+00   0.0000E+00
   3.0681E+06   2.2335E+04   2.2335E+04   2.2335E+04   2.2335E+04   2.2335E+04   2.2335E+04   2.2335E+04   2.2335E+04   2.2340E+04   0.0000E+00   0.0000E+00
   3.2895E+06   1.5767E+04   1.5767E+04   1.5767E+04   1.5767E+04   1.5767E+04   1.5767E+04   1.5767E+04   1.5767E+04   1.5771E+04   0.0000E+00   0.0000E+00
   3.5269E+06   1.1131E+04   1.1131E+04   1.1131E+04   1.1131E+04   1.1131E+04   1.1131E+04   1.1131E+04   1.1131E+04   1.1133E+04   0.0000E+00   0.0000E+00
   3.7814E+06   7.8580E+03   7.8580E+03   7.8580E+03   7.8580E+03   7.8580E+03   7.8580E+03   7.8580E+03   7.8580E+03   7.8596E+03   0.0000E+00   0.0000E+00
   4.0543E+06   5.5476E+03   5.5476E+03   5.5476E+03   5.5476E+03   5.5476E+03   5.5476E+03   5.5476E+03   5.5476E+03   5.5487E+03   0.0000E+00   0.0000E+00
   4.3469E+06   3.9165E+03   3.9165E+03   3.9165E+03   3.9165E+03   3.9165E+03   3.9165E+03   3.9165E+03   3.9165E+03   3.9173E+03   0.0000E+00   0.0000E+00
   4.6606E+06   2.7651E+03   2.7651E+03   2.7651E+03   2.7651E+03   2.7651E+03   2.7651E+03   2.7651E+03   2.7651E+03   2.7656E+03   0.0000E+00   0.0000E+00
   4.9969E+06   1.9522E+03   1.9522E+03   1.9522E+03   1.9522E+03   1.9522E+03   1.9522E+03   1.9522E+03   1.9522E+03   1.9526E+03   0.0000E+00   0.0000E+00
   5.3576E+06   1.3783E+03   1.3783E+03   1.3783E+03   1.3783E+03   1.3783E+03   1.3783E+03   1.3783E+03   1.3783E+03   1.3786E+03   0.0000E+00   0.0000E+00
   5.7442E+06   9.7313E+02   9.7313E+02   9.7313E+02   9.7313E+02   9.7313E+02   9.7313E+02   9.7313E+02   9.7313E+02   9.7332E+02   0.0000E+00   0.0000E+00
   6.1587E+06   6.8709E+02   6.8709E+02   6.8709E+02   6.8709E+02   6.8709E+02   6.8709E+02   6.8709E+02   6.8709E+02   6.8723E+02   0.0000E+00   0.0000E+00
   6.6032E+06   4.8514E+02   4.8514E+02   4.8514E+02   4.8514E+02   4.8514E+02   4.8514E+02   4.8514E+02   4.8514E+02   4.8524E+02   0.0000E+00   0.0000E+00
   7.0797E+06   3.4255E+02   3.4255E+02   3.4255E+02   3.4255E+02   3.4255E+02   3.4255E+02   3.4255E+02   3.4255E+02   3.4262E+02   0.0000E+00   0.0000E+00
   7.5907E+06   2.4188E+02   2.4188E+02   2.4188E+02   2.4188E+02   2.4188E+02   2.4188E+02   2.4188E+02   2.4188E+02   2.4193E+02   0.0000E+00   0.0000E+00
   8.1385E+06   1.7080E+02   1.7080E+02   1.7080E+02   1.7080E+02   1.7080E+02   1.7080E+02   1.7080E+02   1.7080E+02   1.7084E+02   0.0000E+00   0.0000E+00
   8.7258E+06   1.2061E+02   1.2061E+02   1.2061E+02   1.2061E+02   1.2061E+02   1.2061E+02   1.2061E+02   1.2061E+02   1.2064E+02   0.0000E+00   0.0000E+00
   9.3555E+06   8.5174E+01   8.5174E+01   8.5174E+01   8.5174E+01   8.5174E+01   8.5174E+01   8.5174E+01   8.5174E+01   8.5191E+01   0.0000E+00   0.0000E+00
   1.0031E+07   6.0151E+01   6.0151E+01   6.0151E+01   6.0151E+01   6.0151E+01   6.0151E+01   6.0151E+01   6.0151E+01   6.0164E+01   0.0000E+00   0.0000E+00
   1.0755E+07   4.2481E+01   4.2481E+01   4.2481E+01   4.2481E+01   4.2481E+01   4.2481E+01   4.2481E+01   4.2481E+01   4.2490E+01   0.0000E+00   0.0000E+00
   1.1531E+07   3.0003E+01   3.0003E+01   3.0003E+01   3.0003E+01   3.0003E+01   3.0003E+01   3.0003E+01   3.0003E+01   3.0009E+01   0.0000E+00   0.0000E+00
   1.2363E+07   2.1191E+01   2.1191E+01   2.1191E+01   2.1191E+01   2.1191E+01   2.1191E+01   2.1191E+01   2.1191E+01   2.1196E+01   0.0000E+00   0.0000E+00
   1.3255E+07   1.4968E+01   1.4968E+01   1.4968E+01   1.4968E+01   1.4968E+01   1.4968E+01   1.4968E+01   1.4968E+01   1.4971E+01   0.0000E+00   0.0000E+00
   1.4212E+07   1.0573E+01   1.0573E+01   1.0573E+01   1.0573E+01   1.0573E+01   1.0573E+01   1.0573E+01   1.0573E+01   1.0575E+01   0.0000E+00   0.0000E+00
   1.5237E+07   7.4690E+00   7.4690E+00   7.4690E+00   7.4690E+00   7.4690E+00   7.4690E+00   7.4690E+00   7.4690E+00   7.4706E+00   0.0000E+00   0.0000E+00
   1.6337E+07   5.2765E+00   5.2765E+00   5.2765E+00   5.2765E+00   5.2765E+00   5.2765E+00   5.2765E+00   5.2765E+00   5.2776E+00   0.0000E+00   0.0000E+00
   1.7516E+07   3.7279E+00   3.7279E+00   3.7279E+00   3.7279E+00   3.7279E+00   3.7279E+00   3.7279E+00   3.7279E+00   3.7286E+00   0.0000E+00   0.0000E+00
   1.8780E+07   2.6339E+00   2.6339E+00   2.6339E+00   2.6339E+00   2.6339E+00   2.6339E+00   2.6339E+00   2.6339E+00   2.6345E+00   0.0000E+00   0.0000E+00
   2.0135E+07   1.8611E+00   1.8611E+00   1.8611E+00   1.8611E+00   1.8611E+00   1.8611E+00   1.8611E+00   1.8611E+00   1.8615E+00   0.0000E+00   0.0000E+00
   2.1588E+07   1.3152E+00   1.3152E+00   1.3152E+00   1.3152E+00   1.3152E+00   1.3152E+00   1.3152E+00   1.3152E+00   1.3154E+00   0.0000E+00   0.0000E+00
   2.3146E+07   9.2946E-01   9.2946E-01   9.2946E-01   9.2946E-01   9.2946E-01   9.2946E-01   9.2946E-01   9.2946E-01   9.2965E-01   0.0000E+00   0.0000E+00
   2.4817E+07   6.5691E-01   6.5691E-01   6.5691E-01   6.5691E-01   6.5691E-01   6.5691E-01   6.5691E-01   6.5691E-01   6.5705E-01   0.0000E+00   0.0000E+00
   2.6608E+07   4.6434E-01   4.6434E-01   4.6434E-01   4.6434E-01   4.6434E-01   4.6434E-01   4.6434E-01   4.6434E-01   4.6443E-01   0.0000E+00   0.0000E+00
   2.8528E+07   3.2825E-01   3.2825E-01   3.2825E-01   3.2825E-01   3.2825E-01   3.2825E-01   3.2825E-01   3.2825E-01   3.2831E-01   0.0000E+00   0.0000E+00
   3.0587E+07   2.3207E-01   2.3207E-01   2.3207E-01   2.3207E-01   2.3207E-01   2.3207E-01   2.3207E-01   2.3207E-01   2.3211E-01   0.0000E+00   0.0000E+00
   3.2794E+07   1.6409E-01   1.6409E-01   1.6409E-01   1.6409E-01   1.6409E-01   1.6409E-01   1.6409E-01   1.6409E-01   1.6412E-01   0.0000E+00   0.0000E+00
   3.5161E+07   1.1604E-01   1.1604E-01   1.1604E-01   1.1604E-01   1.1604E-01   1.1604E-01   1.1604E-01   1.1604E-01   1.1606E-01   0.0000E+00   0.0000E+00
   3.7698E+07   8.2068E-02   8.2068E-02   8.2068E-02   8.2068E-02   8.2068E-02   8.2068E-02   8.2068E-02   8.2068E-02   8.2084E-02   0.0000E+00   0.0000E+00
   4.0419E+07   5.8051E-02   5.8051E-02   5.8051E-02   5.8051E-02   5.8051E-02   5.8051E-02   5.8051E-02   5.8051E-02   5.8063E-02   0.0000E+00   0.0000E+00
   4.3336E+07   4.1068E-02   4.1068E-02   4.1068E-02   4.1068E-02   4.1068E-02   4.1068E-02   4.1068E-02   4.1068E-02   4.1077E-02   0.0000E+00   0.0000E+00
   4.6463E+07   2.9059E-02   2.9059E-02   2.9059E-02   2.9059E-02   2.9059E-02   2.9059E-02   2.9059E-02   2.9059E-02   2.9065E-02   0.0000E+00   0.0000E+00
   4.9817E+07   2.0564E-02   2.0564E-02   2.0564E-02   2.0564E-02   2.0564E-02   2.0564E-02   2.0564E-02   2.0564E-02   2.0569E-02   0.0000E+00   0.0000E+00
   5.3412E+07   1.4556E-02   1.4556E-02   1.4556E-02   1.4556E-02   1.4556E-02   1.4556E-02   1.4556E-02   1.4556E-02   1.4559E-02   0.0000E+00   0.0000E+00
   5.7266E+07   1.0305E-02   1.0305E-02   1.0305E-02   1.0305E-02   1.0305E-02   1.0305E-02   1.0305E-02   1.0305E-02   1.0307E-02   0.0000E+00   0.0000E+00
   6.1399E+07   7.2971E-03   7.2971E-03   7.2971E-03   7.2971E-03   7.2971E-03   7.2971E-03   7.2971E-03   7.2971E-03   7.2986E-03   0.0000E+00   0.0000E+00
   6.5830E+07   5.1681E-03   5.1681E-03   5.1681E-03   5.1681E-03   5.1681E-03   5.1681E-03   5.1681E-03   5.1681E-03   5.1692E-03   0.0000E+00   0.0000E+00
   7.0581E+07   3.6612E-03   3.6612E-03   3.6612E-03   3.6612E-03   3.6612E-03   3.6612E-03   3.6612E-03   3.6612E-03   3.6620E-03   0.0000E+00   0.0000E+00
   7.5675E+07   2.5943E-03   2.5943E-03   2.5943E-03   2.5943E-03   2.5943E-03   2.5943E-03   2.5943E-03   2.5943E-03   2.5948E-03   0.0000E+00   0.0000E+00
   8.1136E+07   1.8388E-03   1.8388E-03   1.8388E-03   1.8388E-03   1.8388E-03   1.8388E-03   1.8388E-03   1.8388E-03   1.8392E-03   0.0000E+00   0.0000E+00
   8.6991E+07   1.3036E-03   1.3036E-03   1.3036E-03   1.3036E-03   1.3036E-03   1.3036E-03   1.3036E-03   1.3036E-03   1.3039E-03   0.0000E+00   0.0000E+00
   9.3269E+07   9.2453E-04   9.2453E-04   9.2453E-04   9.2453E-04   9.2453E-04   9.2453E-04   9.2453E-04   9.2453E-04   9.2472E-04   0.0000E+00   0.0000E+00
   1.0000E+08   6.5586E-04   6.5586E-04   6.5586E-04   6.5586E-04   6.5586E-04   6.5586E-04   6.5586E-04   6.5586E-04   6.5600E-04   0.0000E+00   0.0000E+00
