 (1): Wavelength (A) 
 (2): Intrinsic SED (1e30 erg/s/A)
 (3 - 9): SED at angles [   0.0000000      0.26183301      0.52366602      0.78549999       1.0473300       1.3091700       1.5710000     ] (1e30 erg/s/A)
 (10): Angle averaged SED (1e30 erg/s/A)
 (11): Molecular cloud emission (1e30 erg/s/A)
 (12): Cirrus emission (1e30 erg/s/A)
  
            1            2            3            4            5            6            7            8            9           10           11           12
   9.5000E+01   1.0443E+11   1.0443E+11   1.0443E+11   1.0443E+11   1.0443E+11   1.0443E+11   1.0443E+11   1.0443E+11   1.0446E+11   0.0000E+00   0.0000E+00
   1.0186E+02   2.5583E+11   2.5583E+11   2.5583E+11   2.5583E+11   2.5583E+11   2.5583E+11   2.5583E+11   2.5583E+11   2.5588E+11   0.0000E+00   0.0000E+00
   1.0921E+02   2.6828E+11   2.6828E+11   2.6828E+11   2.6828E+11   2.6828E+11   2.6828E+11   2.6828E+11   2.6828E+11   2.6833E+11   0.0000E+00   0.0000E+00
   1.1709E+02   2.7887E+11   2.7887E+11   2.7887E+11   2.7887E+11   2.7887E+11   2.7887E+11   2.7887E+11   2.7887E+11   2.7893E+11   0.0000E+00   0.0000E+00
   1.2554E+02   3.1945E+11   3.1945E+11   3.1945E+11   3.1945E+11   3.1945E+11   3.1945E+11   3.1945E+11   3.1945E+11   3.1951E+11   0.0000E+00   0.0000E+00
   1.3460E+02   3.2358E+11   3.2358E+11   3.2358E+11   3.2358E+11   3.2358E+11   3.2358E+11   3.2358E+11   3.2358E+11   3.2364E+11   0.0000E+00   0.0000E+00
   1.4431E+02   3.9495E+11   3.9495E+11   3.9495E+11   3.9495E+11   3.9495E+11   3.9495E+11   3.9495E+11   3.9495E+11   3.9503E+11   0.0000E+00   0.0000E+00
   1.5473E+02   4.3203E+11   4.3203E+11   4.3203E+11   4.3203E+11   4.3203E+11   4.3203E+11   4.3203E+11   4.3203E+11   4.3212E+11   0.0000E+00   0.0000E+00
   1.6589E+02   4.3914E+11   4.3914E+11   4.3914E+11   4.3914E+11   4.3914E+11   4.3914E+11   4.3914E+11   4.3914E+11   4.3922E+11   0.0000E+00   0.0000E+00
   1.7786E+02   4.4293E+11   4.4293E+11   4.4293E+11   4.4293E+11   4.4293E+11   4.4293E+11   4.4293E+11   4.4293E+11   4.4302E+11   0.0000E+00   0.0000E+00
   1.9070E+02   4.4572E+11   4.4572E+11   4.4572E+11   4.4572E+11   4.4572E+11   4.4572E+11   4.4572E+11   4.4572E+11   4.4581E+11   0.0000E+00   0.0000E+00
   2.0446E+02   4.4995E+11   4.4995E+11   4.4995E+11   4.4995E+11   4.4995E+11   4.4995E+11   4.4995E+11   4.4995E+11   4.5004E+11   0.0000E+00   0.0000E+00
   2.1922E+02   4.5383E+11   4.5383E+11   4.5383E+11   4.5383E+11   4.5383E+11   4.5383E+11   4.5383E+11   4.5383E+11   4.5392E+11   0.0000E+00   0.0000E+00
   2.3504E+02   1.4711E+12   1.4711E+12   1.4711E+12   1.4711E+12   1.4711E+12   1.4711E+12   1.4711E+12   1.4711E+12   1.4714E+12   0.0000E+00   0.0000E+00
   2.5200E+02   3.2796E+12   3.2796E+12   3.2796E+12   3.2796E+12   3.2796E+12   3.2796E+12   3.2796E+12   3.2796E+12   3.2802E+12   0.0000E+00   0.0000E+00
   2.7019E+02   4.4059E+12   4.4059E+12   4.4059E+12   4.4059E+12   4.4059E+12   4.4059E+12   4.4059E+12   4.4059E+12   4.4068E+12   0.0000E+00   0.0000E+00
   2.8969E+02   4.3178E+12   4.3178E+12   4.3178E+12   4.3178E+12   4.3178E+12   4.3178E+12   4.3178E+12   4.3178E+12   4.3187E+12   0.0000E+00   0.0000E+00
   3.1059E+02   3.6013E+12   3.6013E+12   3.6013E+12   3.6013E+12   3.6013E+12   3.6013E+12   3.6013E+12   3.6013E+12   3.6020E+12   0.0000E+00   0.0000E+00
   3.3301E+02   4.3401E+12   4.3401E+12   4.3401E+12   4.3401E+12   4.3401E+12   4.3401E+12   4.3401E+12   4.3401E+12   4.3410E+12   0.0000E+00   0.0000E+00
   3.5704E+02   4.4066E+12   4.4066E+12   4.4066E+12   4.4066E+12   4.4066E+12   4.4066E+12   4.4066E+12   4.4066E+12   4.4075E+12   0.0000E+00   0.0000E+00
   3.8280E+02   4.4229E+12   4.4229E+12   4.4229E+12   4.4229E+12   4.4229E+12   4.4229E+12   4.4229E+12   4.4229E+12   4.4238E+12   0.0000E+00   0.0000E+00
   4.1043E+02   5.0451E+12   5.0451E+12   5.0451E+12   5.0451E+12   5.0451E+12   5.0451E+12   5.0451E+12   5.0451E+12   5.0461E+12   0.0000E+00   0.0000E+00
   4.4005E+02   4.7652E+12   4.7652E+12   4.7652E+12   4.7652E+12   4.7652E+12   4.7652E+12   4.7652E+12   4.7652E+12   4.7662E+12   0.0000E+00   0.0000E+00
   4.7181E+02   4.3854E+12   4.3854E+12   4.3854E+12   4.3854E+12   4.3854E+12   4.3854E+12   4.3854E+12   4.3854E+12   4.3863E+12   0.0000E+00   0.0000E+00
   5.0586E+02   4.2277E+12   4.2277E+12   4.2277E+12   4.2277E+12   4.2277E+12   4.2277E+12   4.2277E+12   4.2277E+12   4.2285E+12   0.0000E+00   0.0000E+00
   5.4236E+02   4.3529E+12   4.3529E+12   4.3529E+12   4.3529E+12   4.3529E+12   4.3529E+12   4.3529E+12   4.3529E+12   4.3538E+12   0.0000E+00   0.0000E+00
   5.8151E+02   4.7128E+12   4.7128E+12   4.7128E+12   4.7128E+12   4.7128E+12   4.7128E+12   4.7128E+12   4.7128E+12   4.7138E+12   0.0000E+00   0.0000E+00
   6.2347E+02   4.4662E+12   4.4662E+12   4.4662E+12   4.4662E+12   4.4662E+12   4.4662E+12   4.4662E+12   4.4662E+12   4.4671E+12   0.0000E+00   0.0000E+00
   6.6847E+02   4.2442E+12   4.2442E+12   4.2442E+12   4.2442E+12   4.2442E+12   4.2442E+12   4.2442E+12   4.2442E+12   4.2451E+12   0.0000E+00   0.0000E+00
   7.1671E+02   4.0134E+12   4.0134E+12   4.0134E+12   4.0134E+12   4.0134E+12   4.0134E+12   4.0134E+12   4.0134E+12   4.0142E+12   0.0000E+00   0.0000E+00
   7.6843E+02   3.4492E+12   3.4492E+12   3.4492E+12   3.4492E+12   3.4492E+12   3.4492E+12   3.4492E+12   3.4492E+12   3.4499E+12   0.0000E+00   0.0000E+00
   8.2389E+02   3.3666E+12   3.3666E+12   3.3666E+12   3.3666E+12   3.3666E+12   3.3666E+12   3.3666E+12   3.3666E+12   3.3672E+12   0.0000E+00   0.0000E+00
   8.8334E+02   3.0739E+12   3.0739E+12   3.0739E+12   3.0739E+12   3.0739E+12   3.0739E+12   3.0739E+12   3.0739E+12   3.0745E+12   0.0000E+00   0.0000E+00
   9.4709E+02   1.0689E+13   1.0689E+13   1.0689E+13   1.0689E+13   1.0689E+13   1.0689E+13   1.0689E+13   1.0689E+13   1.0691E+13   0.0000E+00   0.0000E+00
   1.0154E+03   1.1653E+13   1.1653E+13   1.1653E+13   1.1653E+13   1.1653E+13   1.1653E+13   1.1653E+13   1.1653E+13   1.1656E+13   0.0000E+00   0.0000E+00
   1.0887E+03   1.1171E+13   1.1171E+13   1.1171E+13   1.1171E+13   1.1171E+13   1.1171E+13   1.1171E+13   1.1171E+13   1.1174E+13   0.0000E+00   0.0000E+00
   1.1673E+03   9.7317E+12   9.7317E+12   9.7317E+12   9.7317E+12   9.7317E+12   9.7317E+12   9.7317E+12   9.7317E+12   9.7337E+12   0.0000E+00   0.0000E+00
   1.2515E+03   8.8845E+12   8.8845E+12   8.8845E+12   8.8845E+12   8.8845E+12   8.8845E+12   8.8845E+12   8.8845E+12   8.8863E+12   0.0000E+00   0.0000E+00
   1.3419E+03   8.1844E+12   8.1844E+12   8.1844E+12   8.1844E+12   8.1844E+12   8.1844E+12   8.1844E+12   8.1844E+12   8.1860E+12   0.0000E+00   0.0000E+00
   1.4387E+03   6.8781E+12   6.8781E+12   6.8781E+12   6.8781E+12   6.8781E+12   6.8781E+12   6.8781E+12   6.8781E+12   6.8795E+12   0.0000E+00   0.0000E+00
   1.5425E+03   5.0102E+12   5.0102E+12   5.0102E+12   5.0102E+12   5.0102E+12   5.0102E+12   5.0102E+12   5.0102E+12   5.0112E+12   0.0000E+00   0.0000E+00
   1.6538E+03   4.7405E+12   4.7405E+12   4.7405E+12   4.7405E+12   4.7405E+12   4.7405E+12   4.7405E+12   4.7405E+12   4.7415E+12   0.0000E+00   0.0000E+00
   1.7732E+03   4.1474E+12   4.1474E+12   4.1474E+12   4.1474E+12   4.1474E+12   4.1474E+12   4.1474E+12   4.1474E+12   4.1482E+12   0.0000E+00   0.0000E+00
   1.9012E+03   3.4653E+12   3.4653E+12   3.4653E+12   3.4653E+12   3.4653E+12   3.4653E+12   3.4653E+12   3.4653E+12   3.4660E+12   0.0000E+00   0.0000E+00
   2.0384E+03   3.0389E+12   3.0389E+12   3.0389E+12   3.0389E+12   3.0389E+12   3.0389E+12   3.0389E+12   3.0389E+12   3.0395E+12   0.0000E+00   0.0000E+00
   2.1855E+03   2.6179E+12   2.6179E+12   2.6179E+12   2.6179E+12   2.6179E+12   2.6179E+12   2.6179E+12   2.6179E+12   2.6184E+12   0.0000E+00   0.0000E+00
   2.3432E+03   2.0967E+12   2.0967E+12   2.0967E+12   2.0967E+12   2.0967E+12   2.0967E+12   2.0967E+12   2.0967E+12   2.0971E+12   0.0000E+00   0.0000E+00
   2.5123E+03   1.7674E+12   1.7674E+12   1.7674E+12   1.7674E+12   1.7674E+12   1.7674E+12   1.7674E+12   1.7674E+12   1.7677E+12   0.0000E+00   0.0000E+00
   2.6936E+03   1.6210E+12   1.6210E+12   1.6210E+12   1.6210E+12   1.6210E+12   1.6210E+12   1.6210E+12   1.6210E+12   1.6213E+12   0.0000E+00   0.0000E+00
   2.8880E+03   1.4264E+12   1.4264E+12   1.4264E+12   1.4264E+12   1.4264E+12   1.4264E+12   1.4264E+12   1.4264E+12   1.4267E+12   0.0000E+00   0.0000E+00
   3.0964E+03   1.2902E+12   1.2902E+12   1.2902E+12   1.2902E+12   1.2902E+12   1.2902E+12   1.2902E+12   1.2902E+12   1.2905E+12   0.0000E+00   0.0000E+00
   3.3199E+03   1.1501E+12   1.1501E+12   1.1501E+12   1.1501E+12   1.1501E+12   1.1501E+12   1.1501E+12   1.1501E+12   1.1504E+12   0.0000E+00   0.0000E+00
   3.5595E+03   1.0532E+12   1.0532E+12   1.0532E+12   1.0532E+12   1.0532E+12   1.0532E+12   1.0532E+12   1.0532E+12   1.0534E+12   0.0000E+00   0.0000E+00
   3.8163E+03   1.3955E+12   1.3955E+12   1.3955E+12   1.3955E+12   1.3955E+12   1.3955E+12   1.3955E+12   1.3955E+12   1.3958E+12   0.0000E+00   0.0000E+00
   4.0918E+03   1.3556E+12   1.3556E+12   1.3556E+12   1.3556E+12   1.3556E+12   1.3556E+12   1.3556E+12   1.3556E+12   1.3559E+12   0.0000E+00   0.0000E+00
   4.3870E+03   1.2905E+12   1.2905E+12   1.2905E+12   1.2905E+12   1.2905E+12   1.2905E+12   1.2905E+12   1.2905E+12   1.2908E+12   0.0000E+00   0.0000E+00
   4.7036E+03   1.1976E+12   1.1976E+12   1.1976E+12   1.1976E+12   1.1976E+12   1.1976E+12   1.1976E+12   1.1976E+12   1.1978E+12   0.0000E+00   0.0000E+00
   5.0431E+03   1.0491E+12   1.0491E+12   1.0491E+12   1.0491E+12   1.0491E+12   1.0491E+12   1.0491E+12   1.0491E+12   1.0493E+12   0.0000E+00   0.0000E+00
   5.4070E+03   9.2997E+11   9.2997E+11   9.2997E+11   9.2997E+11   9.2997E+11   9.2997E+11   9.2997E+11   9.2997E+11   9.3016E+11   0.0000E+00   0.0000E+00
   5.7973E+03   8.8729E+11   8.8729E+11   8.8729E+11   8.8729E+11   8.8729E+11   8.8729E+11   8.8729E+11   8.8729E+11   8.8748E+11   0.0000E+00   0.0000E+00
   6.2156E+03   7.7653E+11   7.7653E+11   7.7653E+11   7.7653E+11   7.7653E+11   7.7653E+11   7.7653E+11   7.7653E+11   7.7669E+11   0.0000E+00   0.0000E+00
   6.6642E+03   6.9491E+11   6.9491E+11   6.9491E+11   6.9491E+11   6.9491E+11   6.9491E+11   6.9491E+11   6.9491E+11   6.9505E+11   0.0000E+00   0.0000E+00
   7.1451E+03   6.1817E+11   6.1817E+11   6.1817E+11   6.1817E+11   6.1817E+11   6.1817E+11   6.1817E+11   6.1817E+11   6.1829E+11   0.0000E+00   0.0000E+00
   7.6608E+03   5.6126E+11   5.6126E+11   5.6126E+11   5.6126E+11   5.6126E+11   5.6126E+11   5.6126E+11   5.6126E+11   5.6138E+11   0.0000E+00   0.0000E+00
   8.2136E+03   5.0638E+11   5.0638E+11   5.0638E+11   5.0638E+11   5.0638E+11   5.0638E+11   5.0638E+11   5.0638E+11   5.0648E+11   0.0000E+00   0.0000E+00
   8.8064E+03   4.2209E+11   4.2209E+11   4.2209E+11   4.2209E+11   4.2209E+11   4.2209E+11   4.2209E+11   4.2209E+11   4.2218E+11   0.0000E+00   0.0000E+00
   9.4420E+03   4.0324E+11   4.0324E+11   4.0324E+11   4.0324E+11   4.0324E+11   4.0324E+11   4.0324E+11   4.0324E+11   4.0332E+11   0.0000E+00   0.0000E+00
   1.0123E+04   3.5942E+11   3.5942E+11   3.5942E+11   3.5942E+11   3.5942E+11   3.5942E+11   3.5942E+11   3.5942E+11   3.5950E+11   0.0000E+00   0.0000E+00
   1.0854E+04   3.0852E+11   3.0852E+11   3.0852E+11   3.0852E+11   3.0852E+11   3.0852E+11   3.0852E+11   3.0852E+11   3.0858E+11   0.0000E+00   0.0000E+00
   1.1637E+04   2.7217E+11   2.7217E+11   2.7217E+11   2.7217E+11   2.7217E+11   2.7217E+11   2.7217E+11   2.7217E+11   2.7222E+11   0.0000E+00   0.0000E+00
   1.2477E+04   2.2713E+11   2.2713E+11   2.2713E+11   2.2713E+11   2.2713E+11   2.2713E+11   2.2713E+11   2.2713E+11   2.2718E+11   0.0000E+00   0.0000E+00
   1.3377E+04   2.0210E+11   2.0210E+11   2.0210E+11   2.0210E+11   2.0210E+11   2.0210E+11   2.0210E+11   2.0210E+11   2.0214E+11   0.0000E+00   0.0000E+00
   1.4343E+04   1.7941E+11   1.7941E+11   1.7941E+11   1.7941E+11   1.7941E+11   1.7941E+11   1.7941E+11   1.7941E+11   1.7945E+11   0.0000E+00   0.0000E+00
   1.5378E+04   1.5723E+11   1.5723E+11   1.5723E+11   1.5723E+11   1.5723E+11   1.5723E+11   1.5723E+11   1.5723E+11   1.5726E+11   0.0000E+00   0.0000E+00
   1.6488E+04   1.4565E+11   1.4565E+11   1.4565E+11   1.4565E+11   1.4565E+11   1.4565E+11   1.4565E+11   1.4565E+11   1.4568E+11   0.0000E+00   0.0000E+00
   1.7678E+04   1.2471E+11   1.2471E+11   1.2471E+11   1.2471E+11   1.2471E+11   1.2471E+11   1.2471E+11   1.2471E+11   1.2473E+11   0.0000E+00   0.0000E+00
   1.8953E+04   9.5524E+10   9.5524E+10   9.5524E+10   9.5524E+10   9.5524E+10   9.5524E+10   9.5524E+10   9.5524E+10   9.5544E+10   0.0000E+00   0.0000E+00
   2.0321E+04   8.1097E+10   8.1097E+10   8.1097E+10   8.1097E+10   8.1097E+10   8.1097E+10   8.1097E+10   8.1097E+10   8.1114E+10   0.0000E+00   0.0000E+00
   2.1788E+04   6.2368E+10   6.2368E+10   6.2368E+10   6.2368E+10   6.2368E+10   6.2368E+10   6.2368E+10   6.2368E+10   6.2381E+10   0.0000E+00   0.0000E+00
   2.3360E+04   5.3037E+10   5.3037E+10   5.3037E+10   5.3037E+10   5.3037E+10   5.3037E+10   5.3037E+10   5.3037E+10   5.3048E+10   0.0000E+00   0.0000E+00
   2.5046E+04   3.1360E+10   3.1360E+10   3.1360E+10   3.1360E+10   3.1360E+10   3.1360E+10   3.1360E+10   3.1360E+10   3.1366E+10   0.0000E+00   0.0000E+00
   2.6854E+04   2.8519E+10   2.8519E+10   2.8519E+10   2.8519E+10   2.8519E+10   2.8519E+10   2.8519E+10   2.8519E+10   2.8524E+10   0.0000E+00   0.0000E+00
   2.8792E+04   2.5065E+10   2.5065E+10   2.5065E+10   2.5065E+10   2.5065E+10   2.5065E+10   2.5065E+10   2.5065E+10   2.5070E+10   0.0000E+00   0.0000E+00
   3.0869E+04   1.6473E+10   1.6473E+10   1.6473E+10   1.6473E+10   1.6473E+10   1.6473E+10   1.6473E+10   1.6473E+10   1.6476E+10   0.0000E+00   0.0000E+00
   3.3097E+04   1.3665E+10   1.3665E+10   1.3665E+10   1.3665E+10   1.3665E+10   1.3665E+10   1.3665E+10   1.3665E+10   1.3668E+10   0.0000E+00   0.0000E+00
   3.5486E+04   1.2160E+10   1.2160E+10   1.2160E+10   1.2160E+10   1.2160E+10   1.2160E+10   1.2160E+10   1.2160E+10   1.2163E+10   0.0000E+00   0.0000E+00
   3.8047E+04   8.4180E+09   8.4180E+09   8.4180E+09   8.4180E+09   8.4180E+09   8.4180E+09   8.4180E+09   8.4180E+09   8.4197E+09   0.0000E+00   0.0000E+00
   4.0792E+04   7.1690E+09   7.1690E+09   7.1690E+09   7.1690E+09   7.1690E+09   7.1690E+09   7.1690E+09   7.1690E+09   7.1705E+09   0.0000E+00   0.0000E+00
   4.3736E+04   5.3736E+09   5.3736E+09   5.3736E+09   5.3736E+09   5.3736E+09   5.3736E+09   5.3736E+09   5.3736E+09   5.3747E+09   0.0000E+00   0.0000E+00
   4.6893E+04   3.8221E+09   3.8221E+09   3.8221E+09   3.8221E+09   3.8221E+09   3.8221E+09   3.8221E+09   3.8221E+09   3.8229E+09   0.0000E+00   0.0000E+00
   5.0277E+04   3.0022E+09   3.0022E+09   3.0022E+09   3.0022E+09   3.0022E+09   3.0022E+09   3.0022E+09   3.0022E+09   3.0028E+09   0.0000E+00   0.0000E+00
   5.3905E+04   2.3883E+09   2.3883E+09   2.3883E+09   2.3883E+09   2.3883E+09   2.3883E+09   2.3883E+09   2.3883E+09   2.3888E+09   0.0000E+00   0.0000E+00
   5.7795E+04   1.9356E+09   1.9356E+09   1.9356E+09   1.9356E+09   1.9356E+09   1.9356E+09   1.9356E+09   1.9356E+09   1.9360E+09   0.0000E+00   0.0000E+00
   6.1966E+04   1.5184E+09   1.5184E+09   1.5184E+09   1.5184E+09   1.5184E+09   1.5184E+09   1.5184E+09   1.5184E+09   1.5187E+09   0.0000E+00   0.0000E+00
   6.6438E+04   1.1419E+09   1.1419E+09   1.1419E+09   1.1419E+09   1.1419E+09   1.1419E+09   1.1419E+09   1.1419E+09   1.1421E+09   0.0000E+00   0.0000E+00
   7.1233E+04   8.7337E+08   8.7337E+08   8.7337E+08   8.7337E+08   8.7337E+08   8.7337E+08   8.7337E+08   8.7337E+08   8.7355E+08   0.0000E+00   0.0000E+00
   7.6374E+04   6.8127E+08   6.8127E+08   6.8127E+08   6.8127E+08   6.8127E+08   6.8127E+08   6.8127E+08   6.8127E+08   6.8141E+08   0.0000E+00   0.0000E+00
   8.1885E+04   5.3453E+08   5.3453E+08   5.3453E+08   5.3453E+08   5.3453E+08   5.3453E+08   5.3453E+08   5.3453E+08   5.3464E+08   0.0000E+00   0.0000E+00
   8.7795E+04   4.2557E+08   4.2557E+08   4.2557E+08   4.2557E+08   4.2557E+08   4.2557E+08   4.2557E+08   4.2557E+08   4.2566E+08   0.0000E+00   0.0000E+00
   9.4131E+04   3.3554E+08   3.3554E+08   3.3554E+08   3.3554E+08   3.3554E+08   3.3554E+08   3.3554E+08   3.3554E+08   3.3561E+08   0.0000E+00   0.0000E+00
   1.0092E+05   2.6349E+08   2.6349E+08   2.6349E+08   2.6349E+08   2.6349E+08   2.6349E+08   2.6349E+08   2.6349E+08   2.6355E+08   0.0000E+00   0.0000E+00
   1.0821E+05   1.9057E+08   1.9057E+08   1.9057E+08   1.9057E+08   1.9057E+08   1.9057E+08   1.9057E+08   1.9057E+08   1.9060E+08   0.0000E+00   0.0000E+00
   1.1602E+05   1.3792E+08   1.3792E+08   1.3792E+08   1.3792E+08   1.3792E+08   1.3792E+08   1.3792E+08   1.3792E+08   1.3795E+08   0.0000E+00   0.0000E+00
   1.2439E+05   9.9889E+07   9.9889E+07   9.9889E+07   9.9889E+07   9.9889E+07   9.9889E+07   9.9889E+07   9.9889E+07   9.9910E+07   0.0000E+00   0.0000E+00
   1.3337E+05   7.2400E+07   7.2400E+07   7.2400E+07   7.2400E+07   7.2400E+07   7.2400E+07   7.2400E+07   7.2400E+07   7.2415E+07   0.0000E+00   0.0000E+00
   1.4299E+05   5.2515E+07   5.2515E+07   5.2515E+07   5.2515E+07   5.2515E+07   5.2515E+07   5.2515E+07   5.2515E+07   5.2525E+07   0.0000E+00   0.0000E+00
   1.5331E+05   3.8120E+07   3.8120E+07   3.8120E+07   3.8120E+07   3.8120E+07   3.8120E+07   3.8120E+07   3.8120E+07   3.8128E+07   0.0000E+00   0.0000E+00
   1.6437E+05   2.7693E+07   2.7693E+07   2.7693E+07   2.7693E+07   2.7693E+07   2.7693E+07   2.7693E+07   2.7693E+07   2.7699E+07   0.0000E+00   0.0000E+00
   1.7624E+05   2.0134E+07   2.0134E+07   2.0134E+07   2.0134E+07   2.0134E+07   2.0134E+07   2.0134E+07   2.0134E+07   2.0138E+07   0.0000E+00   0.0000E+00
   1.8895E+05   1.4650E+07   1.4650E+07   1.4650E+07   1.4650E+07   1.4650E+07   1.4650E+07   1.4650E+07   1.4650E+07   1.4653E+07   0.0000E+00   0.0000E+00
   2.0259E+05   1.0748E+07   1.0748E+07   1.0748E+07   1.0748E+07   1.0748E+07   1.0748E+07   1.0748E+07   1.0748E+07   1.0751E+07   0.0000E+00   0.0000E+00
   2.1721E+05   8.1516E+06   8.1516E+06   8.1516E+06   8.1516E+06   8.1516E+06   8.1516E+06   8.1516E+06   8.1516E+06   8.1533E+06   0.0000E+00   0.0000E+00
   2.3289E+05   6.1823E+06   6.1823E+06   6.1823E+06   6.1823E+06   6.1823E+06   6.1823E+06   6.1823E+06   6.1823E+06   6.1836E+06   0.0000E+00   0.0000E+00
   2.4969E+05   4.6888E+06   4.6888E+06   4.6888E+06   4.6888E+06   4.6888E+06   4.6888E+06   4.6888E+06   4.6888E+06   4.6897E+06   0.0000E+00   0.0000E+00
   2.6771E+05   3.5561E+06   3.5561E+06   3.5561E+06   3.5561E+06   3.5561E+06   3.5561E+06   3.5561E+06   3.5561E+06   3.5569E+06   0.0000E+00   0.0000E+00
   2.8703E+05   2.6972E+06   2.6972E+06   2.6972E+06   2.6972E+06   2.6972E+06   2.6972E+06   2.6972E+06   2.6972E+06   2.6977E+06   0.0000E+00   0.0000E+00
   3.0775E+05   2.0457E+06   2.0457E+06   2.0457E+06   2.0457E+06   2.0457E+06   2.0457E+06   2.0457E+06   2.0457E+06   2.0462E+06   0.0000E+00   0.0000E+00
   3.2996E+05   1.5517E+06   1.5517E+06   1.5517E+06   1.5517E+06   1.5517E+06   1.5517E+06   1.5517E+06   1.5517E+06   1.5520E+06   0.0000E+00   0.0000E+00
   3.5377E+05   1.1769E+06   1.1769E+06   1.1769E+06   1.1769E+06   1.1769E+06   1.1769E+06   1.1769E+06   1.1769E+06   1.1772E+06   0.0000E+00   0.0000E+00
   3.7930E+05   8.9275E+05   8.9275E+05   8.9275E+05   8.9275E+05   8.9275E+05   8.9275E+05   8.9275E+05   8.9275E+05   8.9293E+05   0.0000E+00   0.0000E+00
   4.0667E+05   6.7692E+05   6.7692E+05   6.7692E+05   6.7692E+05   6.7692E+05   6.7692E+05   6.7692E+05   6.7692E+05   6.7706E+05   0.0000E+00   0.0000E+00
   4.3602E+05   5.1265E+05   5.1265E+05   5.1265E+05   5.1265E+05   5.1265E+05   5.1265E+05   5.1265E+05   5.1265E+05   5.1276E+05   0.0000E+00   0.0000E+00
   4.6749E+05   3.8824E+05   3.8824E+05   3.8824E+05   3.8824E+05   3.8824E+05   3.8824E+05   3.8824E+05   3.8824E+05   3.8832E+05   0.0000E+00   0.0000E+00
   5.0123E+05   2.9405E+05   2.9405E+05   2.9405E+05   2.9405E+05   2.9405E+05   2.9405E+05   2.9405E+05   2.9405E+05   2.9411E+05   0.0000E+00   0.0000E+00
   5.3740E+05   2.2270E+05   2.2270E+05   2.2270E+05   2.2270E+05   2.2270E+05   2.2270E+05   2.2270E+05   2.2270E+05   2.2275E+05   0.0000E+00   0.0000E+00
   5.7618E+05   1.6867E+05   1.6867E+05   1.6867E+05   1.6867E+05   1.6867E+05   1.6867E+05   1.6867E+05   1.6867E+05   1.6870E+05   0.0000E+00   0.0000E+00
   6.1776E+05   1.2771E+05   1.2771E+05   1.2771E+05   1.2771E+05   1.2771E+05   1.2771E+05   1.2771E+05   1.2771E+05   1.2774E+05   0.0000E+00   0.0000E+00
   6.6235E+05   9.6652E+04   9.6652E+04   9.6652E+04   9.6652E+04   9.6652E+04   9.6652E+04   9.6652E+04   9.6652E+04   9.6671E+04   0.0000E+00   0.0000E+00
   7.1015E+05   7.3140E+04   7.3140E+04   7.3140E+04   7.3140E+04   7.3140E+04   7.3140E+04   7.3140E+04   7.3140E+04   7.3154E+04   0.0000E+00   0.0000E+00
   7.6140E+05   5.5349E+04   5.5349E+04   5.5349E+04   5.5349E+04   5.5349E+04   5.5349E+04   5.5349E+04   5.5349E+04   5.5361E+04   0.0000E+00   0.0000E+00
   8.1635E+05   4.1873E+04   4.1873E+04   4.1873E+04   4.1873E+04   4.1873E+04   4.1873E+04   4.1873E+04   4.1873E+04   4.1882E+04   0.0000E+00   0.0000E+00
   8.7526E+05   3.1671E+04   3.1671E+04   3.1671E+04   3.1671E+04   3.1671E+04   3.1671E+04   3.1671E+04   3.1671E+04   3.1677E+04   0.0000E+00   0.0000E+00
   9.3842E+05   2.3953E+04   2.3953E+04   2.3953E+04   2.3953E+04   2.3953E+04   2.3953E+04   2.3953E+04   2.3953E+04   2.3957E+04   0.0000E+00   0.0000E+00
   1.0061E+06   1.8108E+04   1.8108E+04   1.8108E+04   1.8108E+04   1.8108E+04   1.8108E+04   1.8108E+04   1.8108E+04   1.8112E+04   0.0000E+00   0.0000E+00
   1.0788E+06   1.3685E+04   1.3685E+04   1.3685E+04   1.3685E+04   1.3685E+04   1.3685E+04   1.3685E+04   1.3685E+04   1.3688E+04   0.0000E+00   0.0000E+00
   1.1566E+06   1.0343E+04   1.0343E+04   1.0343E+04   1.0343E+04   1.0343E+04   1.0343E+04   1.0343E+04   1.0343E+04   1.0345E+04   0.0000E+00   0.0000E+00
   1.2401E+06   7.8167E+03   7.8167E+03   7.8167E+03   7.8167E+03   7.8167E+03   7.8167E+03   7.8167E+03   7.8167E+03   7.8183E+03   0.0000E+00   0.0000E+00
   1.3296E+06   5.9069E+03   5.9069E+03   5.9069E+03   5.9069E+03   5.9069E+03   5.9069E+03   5.9069E+03   5.9069E+03   5.9081E+03   0.0000E+00   0.0000E+00
   1.4255E+06   4.4636E+03   4.4636E+03   4.4636E+03   4.4636E+03   4.4636E+03   4.4636E+03   4.4636E+03   4.4636E+03   4.4645E+03   0.0000E+00   0.0000E+00
   1.5284E+06   3.3724E+03   3.3724E+03   3.3724E+03   3.3724E+03   3.3724E+03   3.3724E+03   3.3724E+03   3.3724E+03   3.3731E+03   0.0000E+00   0.0000E+00
   1.6387E+06   2.5481E+03   2.5481E+03   2.5481E+03   2.5481E+03   2.5481E+03   2.5481E+03   2.5481E+03   2.5481E+03   2.5486E+03   0.0000E+00   0.0000E+00
   1.7570E+06   1.9253E+03   1.9253E+03   1.9253E+03   1.9253E+03   1.9253E+03   1.9253E+03   1.9253E+03   1.9253E+03   1.9257E+03   0.0000E+00   0.0000E+00
   1.8838E+06   1.4547E+03   1.4547E+03   1.4547E+03   1.4547E+03   1.4547E+03   1.4547E+03   1.4547E+03   1.4547E+03   1.4550E+03   0.0000E+00   0.0000E+00
   2.0197E+06   1.0992E+03   1.0992E+03   1.0992E+03   1.0992E+03   1.0992E+03   1.0992E+03   1.0992E+03   1.0992E+03   1.0994E+03   0.0000E+00   0.0000E+00
   2.1655E+06   8.3055E+02   8.3055E+02   8.3055E+02   8.3055E+02   8.3055E+02   8.3055E+02   8.3055E+02   8.3055E+02   8.3072E+02   0.0000E+00   0.0000E+00
   2.3217E+06   6.2758E+02   6.2758E+02   6.2758E+02   6.2758E+02   6.2758E+02   6.2758E+02   6.2758E+02   6.2758E+02   6.2770E+02   0.0000E+00   0.0000E+00
   2.4893E+06   4.7421E+02   4.7421E+02   4.7421E+02   4.7421E+02   4.7421E+02   4.7421E+02   4.7421E+02   4.7421E+02   4.7431E+02   0.0000E+00   0.0000E+00
   2.6689E+06   3.5833E+02   3.5833E+02   3.5833E+02   3.5833E+02   3.5833E+02   3.5833E+02   3.5833E+02   3.5833E+02   3.5840E+02   0.0000E+00   0.0000E+00
   2.8616E+06   2.7077E+02   2.7077E+02   2.7077E+02   2.7077E+02   2.7077E+02   2.7077E+02   2.7077E+02   2.7077E+02   2.7082E+02   0.0000E+00   0.0000E+00
   3.0681E+06   2.0460E+02   2.0460E+02   2.0460E+02   2.0460E+02   2.0460E+02   2.0460E+02   2.0460E+02   2.0460E+02   2.0464E+02   0.0000E+00   0.0000E+00
   3.2895E+06   1.5461E+02   1.5461E+02   1.5461E+02   1.5461E+02   1.5461E+02   1.5461E+02   1.5461E+02   1.5461E+02   1.5464E+02   0.0000E+00   0.0000E+00
   3.5269E+06   1.1683E+02   1.1683E+02   1.1683E+02   1.1683E+02   1.1683E+02   1.1683E+02   1.1683E+02   1.1683E+02   1.1685E+02   0.0000E+00   0.0000E+00
   3.7814E+06   8.8285E+01   8.8285E+01   8.8285E+01   8.8285E+01   8.8285E+01   8.8285E+01   8.8285E+01   8.8285E+01   8.8303E+01   0.0000E+00   0.0000E+00
   4.0543E+06   6.6714E+01   6.6714E+01   6.6714E+01   6.6714E+01   6.6714E+01   6.6714E+01   6.6714E+01   6.6714E+01   6.6728E+01   0.0000E+00   0.0000E+00
   4.3469E+06   5.0414E+01   5.0414E+01   5.0414E+01   5.0414E+01   5.0414E+01   5.0414E+01   5.0414E+01   5.0414E+01   5.0424E+01   0.0000E+00   0.0000E+00
   4.6606E+06   3.8096E+01   3.8096E+01   3.8096E+01   3.8096E+01   3.8096E+01   3.8096E+01   3.8096E+01   3.8096E+01   3.8104E+01   0.0000E+00   0.0000E+00
   4.9969E+06   2.8789E+01   2.8789E+01   2.8789E+01   2.8789E+01   2.8789E+01   2.8789E+01   2.8789E+01   2.8789E+01   2.8795E+01   0.0000E+00   0.0000E+00
   5.3576E+06   2.1755E+01   2.1755E+01   2.1755E+01   2.1755E+01   2.1755E+01   2.1755E+01   2.1755E+01   2.1755E+01   2.1760E+01   0.0000E+00   0.0000E+00
   5.7442E+06   1.6440E+01   1.6440E+01   1.6440E+01   1.6440E+01   1.6440E+01   1.6440E+01   1.6440E+01   1.6440E+01   1.6444E+01   0.0000E+00   0.0000E+00
   6.1587E+06   1.2424E+01   1.2424E+01   1.2424E+01   1.2424E+01   1.2424E+01   1.2424E+01   1.2424E+01   1.2424E+01   1.2426E+01   0.0000E+00   0.0000E+00
   6.6032E+06   9.3886E+00   9.3886E+00   9.3886E+00   9.3886E+00   9.3886E+00   9.3886E+00   9.3886E+00   9.3886E+00   9.3905E+00   0.0000E+00   0.0000E+00
   7.0797E+06   7.0949E+00   7.0949E+00   7.0949E+00   7.0949E+00   7.0949E+00   7.0949E+00   7.0949E+00   7.0949E+00   7.0964E+00   0.0000E+00   0.0000E+00
   7.5907E+06   5.3617E+00   5.3617E+00   5.3617E+00   5.3617E+00   5.3617E+00   5.3617E+00   5.3617E+00   5.3617E+00   5.3627E+00   0.0000E+00   0.0000E+00
   8.1385E+06   4.0518E+00   4.0518E+00   4.0518E+00   4.0518E+00   4.0518E+00   4.0518E+00   4.0518E+00   4.0518E+00   4.0527E+00   0.0000E+00   0.0000E+00
   8.7258E+06   3.0620E+00   3.0620E+00   3.0620E+00   3.0620E+00   3.0620E+00   3.0620E+00   3.0620E+00   3.0620E+00   3.0626E+00   0.0000E+00   0.0000E+00
   9.3555E+06   2.3140E+00   2.3140E+00   2.3140E+00   2.3140E+00   2.3140E+00   2.3140E+00   2.3140E+00   2.3140E+00   2.3144E+00   0.0000E+00   0.0000E+00
   1.0031E+07   1.7487E+00   1.7487E+00   1.7487E+00   1.7487E+00   1.7487E+00   1.7487E+00   1.7487E+00   1.7487E+00   1.7491E+00   0.0000E+00   0.0000E+00
   1.0755E+07   1.3215E+00   1.3215E+00   1.3215E+00   1.3215E+00   1.3215E+00   1.3215E+00   1.3215E+00   1.3215E+00   1.3218E+00   0.0000E+00   0.0000E+00
   1.1531E+07   9.9870E-01   9.9870E-01   9.9870E-01   9.9870E-01   9.9870E-01   9.9870E-01   9.9870E-01   9.9870E-01   9.9890E-01   0.0000E+00   0.0000E+00
   1.2363E+07   7.5474E-01   7.5474E-01   7.5474E-01   7.5474E-01   7.5474E-01   7.5474E-01   7.5474E-01   7.5474E-01   7.5489E-01   0.0000E+00   0.0000E+00
   1.3255E+07   5.7037E-01   5.7037E-01   5.7037E-01   5.7037E-01   5.7037E-01   5.7037E-01   5.7037E-01   5.7037E-01   5.7048E-01   0.0000E+00   0.0000E+00
   1.4212E+07   4.3104E-01   4.3104E-01   4.3104E-01   4.3104E-01   4.3104E-01   4.3104E-01   4.3104E-01   4.3104E-01   4.3113E-01   0.0000E+00   0.0000E+00
   1.5237E+07   3.2575E-01   3.2575E-01   3.2575E-01   3.2575E-01   3.2575E-01   3.2575E-01   3.2575E-01   3.2575E-01   3.2582E-01   0.0000E+00   0.0000E+00
   1.6337E+07   2.4618E-01   2.4618E-01   2.4618E-01   2.4618E-01   2.4618E-01   2.4618E-01   2.4618E-01   2.4618E-01   2.4623E-01   0.0000E+00   0.0000E+00
   1.7516E+07   1.8604E-01   1.8604E-01   1.8604E-01   1.8604E-01   1.8604E-01   1.8604E-01   1.8604E-01   1.8604E-01   1.8608E-01   0.0000E+00   0.0000E+00
   1.8780E+07   1.4060E-01   1.4060E-01   1.4060E-01   1.4060E-01   1.4060E-01   1.4060E-01   1.4060E-01   1.4060E-01   1.4063E-01   0.0000E+00   0.0000E+00
   2.0135E+07   1.0625E-01   1.0625E-01   1.0625E-01   1.0625E-01   1.0625E-01   1.0625E-01   1.0625E-01   1.0625E-01   1.0628E-01   0.0000E+00   0.0000E+00
   2.1588E+07   8.0300E-02   8.0300E-02   8.0300E-02   8.0300E-02   8.0300E-02   8.0300E-02   8.0300E-02   8.0300E-02   8.0316E-02   0.0000E+00   0.0000E+00
   2.3146E+07   6.0686E-02   6.0686E-02   6.0686E-02   6.0686E-02   6.0686E-02   6.0686E-02   6.0686E-02   6.0686E-02   6.0698E-02   0.0000E+00   0.0000E+00
   2.4817E+07   4.5862E-02   4.5862E-02   4.5862E-02   4.5862E-02   4.5862E-02   4.5862E-02   4.5862E-02   4.5862E-02   4.5871E-02   0.0000E+00   0.0000E+00
   2.6608E+07   3.4660E-02   3.4660E-02   3.4660E-02   3.4660E-02   3.4660E-02   3.4660E-02   3.4660E-02   3.4660E-02   3.4667E-02   0.0000E+00   0.0000E+00
   2.8528E+07   2.6194E-02   2.6194E-02   2.6194E-02   2.6194E-02   2.6194E-02   2.6194E-02   2.6194E-02   2.6194E-02   2.6199E-02   0.0000E+00   0.0000E+00
   3.0587E+07   1.9795E-02   1.9795E-02   1.9795E-02   1.9795E-02   1.9795E-02   1.9795E-02   1.9795E-02   1.9795E-02   1.9800E-02   0.0000E+00   0.0000E+00
   3.2794E+07   1.4960E-02   1.4960E-02   1.4960E-02   1.4960E-02   1.4960E-02   1.4960E-02   1.4960E-02   1.4960E-02   1.4963E-02   0.0000E+00   0.0000E+00
   3.5161E+07   1.1306E-02   1.1306E-02   1.1306E-02   1.1306E-02   1.1306E-02   1.1306E-02   1.1306E-02   1.1306E-02   1.1308E-02   0.0000E+00   0.0000E+00
   3.7698E+07   8.5445E-03   8.5445E-03   8.5445E-03   8.5445E-03   8.5445E-03   8.5445E-03   8.5445E-03   8.5445E-03   8.5462E-03   0.0000E+00   0.0000E+00
   4.0419E+07   6.4575E-03   6.4575E-03   6.4575E-03   6.4575E-03   6.4575E-03   6.4575E-03   6.4575E-03   6.4575E-03   6.4588E-03   0.0000E+00   0.0000E+00
   4.3336E+07   4.8802E-03   4.8802E-03   4.8802E-03   4.8802E-03   4.8802E-03   4.8802E-03   4.8802E-03   4.8802E-03   4.8812E-03   0.0000E+00   0.0000E+00
   4.6463E+07   3.6882E-03   3.6882E-03   3.6882E-03   3.6882E-03   3.6882E-03   3.6882E-03   3.6882E-03   3.6882E-03   3.6889E-03   0.0000E+00   0.0000E+00
   4.9817E+07   2.7873E-03   2.7873E-03   2.7873E-03   2.7873E-03   2.7873E-03   2.7873E-03   2.7873E-03   2.7873E-03   2.7879E-03   0.0000E+00   0.0000E+00
   5.3412E+07   2.1065E-03   2.1065E-03   2.1065E-03   2.1065E-03   2.1065E-03   2.1065E-03   2.1065E-03   2.1065E-03   2.1069E-03   0.0000E+00   0.0000E+00
   5.7266E+07   1.5920E-03   1.5920E-03   1.5920E-03   1.5920E-03   1.5920E-03   1.5920E-03   1.5920E-03   1.5920E-03   1.5923E-03   0.0000E+00   0.0000E+00
   6.1399E+07   1.2031E-03   1.2031E-03   1.2031E-03   1.2031E-03   1.2031E-03   1.2031E-03   1.2031E-03   1.2031E-03   1.2034E-03   0.0000E+00   0.0000E+00
   6.5830E+07   9.0928E-04   9.0928E-04   9.0928E-04   9.0928E-04   9.0928E-04   9.0928E-04   9.0928E-04   9.0928E-04   9.0946E-04   0.0000E+00   0.0000E+00
   7.0581E+07   6.8718E-04   6.8718E-04   6.8718E-04   6.8718E-04   6.8718E-04   6.8718E-04   6.8718E-04   6.8718E-04   6.8732E-04   0.0000E+00   0.0000E+00
   7.5675E+07   5.1934E-04   5.1934E-04   5.1934E-04   5.1934E-04   5.1934E-04   5.1934E-04   5.1934E-04   5.1934E-04   5.1944E-04   0.0000E+00   0.0000E+00
   8.1136E+07   3.9249E-04   3.9249E-04   3.9249E-04   3.9249E-04   3.9249E-04   3.9249E-04   3.9249E-04   3.9249E-04   3.9257E-04   0.0000E+00   0.0000E+00
   8.6991E+07   2.9663E-04   2.9663E-04   2.9663E-04   2.9663E-04   2.9663E-04   2.9663E-04   2.9663E-04   2.9663E-04   2.9669E-04   0.0000E+00   0.0000E+00
   9.3269E+07   2.2418E-04   2.2418E-04   2.2418E-04   2.2418E-04   2.2418E-04   2.2418E-04   2.2418E-04   2.2418E-04   2.2422E-04   0.0000E+00   0.0000E+00
   1.0000E+08   1.6942E-04   1.6942E-04   1.6942E-04   1.6942E-04   1.6942E-04   1.6942E-04   1.6942E-04   1.6942E-04   1.6946E-04   0.0000E+00   0.0000E+00
