 (1): Wavelength (A) 
 (2): Intrinsic SED (1e30 erg/s/A)
 (3 - 9): SED at angles [   0.0000000      0.26183301      0.52366602      0.78549999       1.0473300       1.3091700       1.5710000     ] (1e30 erg/s/A)
 (10): Angle averaged SED (1e30 erg/s/A)
 (11): Molecular cloud emission (1e30 erg/s/A)
 (12): Cirrus emission (1e30 erg/s/A)
  
            1            2            3            4            5            6            7            8            9           10           11           12
   9.5000E+01   1.9269E+11   1.9269E+11   1.9269E+11   1.9269E+11   1.9269E+11   1.9269E+11   1.9269E+11   1.9269E+11   1.9273E+11   0.0000E+00   0.0000E+00
   1.0186E+02   2.1284E+11   2.1284E+11   2.1284E+11   2.1284E+11   2.1284E+11   2.1284E+11   2.1284E+11   2.1284E+11   2.1288E+11   0.0000E+00   0.0000E+00
   1.0921E+02   2.1408E+11   2.1408E+11   2.1408E+11   2.1408E+11   2.1408E+11   2.1408E+11   2.1408E+11   2.1408E+11   2.1412E+11   0.0000E+00   0.0000E+00
   1.1709E+02   2.1508E+11   2.1508E+11   2.1508E+11   2.1508E+11   2.1508E+11   2.1508E+11   2.1508E+11   2.1508E+11   2.1512E+11   0.0000E+00   0.0000E+00
   1.2554E+02   2.2222E+11   2.2222E+11   2.2222E+11   2.2222E+11   2.2222E+11   2.2222E+11   2.2222E+11   2.2222E+11   2.2227E+11   0.0000E+00   0.0000E+00
   1.3460E+02   2.2264E+11   2.2264E+11   2.2264E+11   2.2264E+11   2.2264E+11   2.2264E+11   2.2264E+11   2.2264E+11   2.2268E+11   0.0000E+00   0.0000E+00
   1.4431E+02   2.2639E+11   2.2639E+11   2.2639E+11   2.2639E+11   2.2639E+11   2.2639E+11   2.2639E+11   2.2639E+11   2.2644E+11   0.0000E+00   0.0000E+00
   1.5473E+02   2.3077E+11   2.3077E+11   2.3077E+11   2.3077E+11   2.3077E+11   2.3077E+11   2.3077E+11   2.3077E+11   2.3082E+11   0.0000E+00   0.0000E+00
   1.6589E+02   2.3293E+11   2.3293E+11   2.3293E+11   2.3293E+11   2.3293E+11   2.3293E+11   2.3293E+11   2.3293E+11   2.3298E+11   0.0000E+00   0.0000E+00
   1.7786E+02   2.3312E+11   2.3312E+11   2.3312E+11   2.3312E+11   2.3312E+11   2.3312E+11   2.3312E+11   2.3312E+11   2.3316E+11   0.0000E+00   0.0000E+00
   1.9070E+02   2.3316E+11   2.3316E+11   2.3316E+11   2.3316E+11   2.3316E+11   2.3316E+11   2.3316E+11   2.3316E+11   2.3321E+11   0.0000E+00   0.0000E+00
   2.0446E+02   2.3624E+11   2.3624E+11   2.3624E+11   2.3624E+11   2.3624E+11   2.3624E+11   2.3624E+11   2.3624E+11   2.3628E+11   0.0000E+00   0.0000E+00
   2.1922E+02   2.3763E+11   2.3763E+11   2.3763E+11   2.3763E+11   2.3763E+11   2.3763E+11   2.3763E+11   2.3763E+11   2.3768E+11   0.0000E+00   0.0000E+00
   2.3504E+02   2.6783E+11   2.6783E+11   2.6783E+11   2.6783E+11   2.6783E+11   2.6783E+11   2.6783E+11   2.6783E+11   2.6788E+11   0.0000E+00   0.0000E+00
   2.5200E+02   2.7362E+11   2.7362E+11   2.7362E+11   2.7362E+11   2.7362E+11   2.7362E+11   2.7362E+11   2.7362E+11   2.7368E+11   0.0000E+00   0.0000E+00
   2.7019E+02   2.7496E+11   2.7496E+11   2.7496E+11   2.7496E+11   2.7496E+11   2.7496E+11   2.7496E+11   2.7496E+11   2.7502E+11   0.0000E+00   0.0000E+00
   2.8969E+02   2.6710E+11   2.6710E+11   2.6710E+11   2.6710E+11   2.6710E+11   2.6710E+11   2.6710E+11   2.6710E+11   2.6716E+11   0.0000E+00   0.0000E+00
   3.1059E+02   2.5783E+11   2.5783E+11   2.5783E+11   2.5783E+11   2.5783E+11   2.5783E+11   2.5783E+11   2.5783E+11   2.5788E+11   0.0000E+00   0.0000E+00
   3.3301E+02   2.6113E+11   2.6113E+11   2.6113E+11   2.6113E+11   2.6113E+11   2.6113E+11   2.6113E+11   2.6113E+11   2.6119E+11   0.0000E+00   0.0000E+00
   3.5704E+02   2.5679E+11   2.5679E+11   2.5679E+11   2.5679E+11   2.5679E+11   2.5679E+11   2.5679E+11   2.5679E+11   2.5684E+11   0.0000E+00   0.0000E+00
   3.8280E+02   2.5224E+11   2.5224E+11   2.5224E+11   2.5224E+11   2.5224E+11   2.5224E+11   2.5224E+11   2.5224E+11   2.5229E+11   0.0000E+00   0.0000E+00
   4.1043E+02   2.5559E+11   2.5559E+11   2.5559E+11   2.5559E+11   2.5559E+11   2.5559E+11   2.5559E+11   2.5559E+11   2.5564E+11   0.0000E+00   0.0000E+00
   4.4005E+02   2.5280E+11   2.5280E+11   2.5280E+11   2.5280E+11   2.5280E+11   2.5280E+11   2.5280E+11   2.5280E+11   2.5285E+11   0.0000E+00   0.0000E+00
   4.7181E+02   2.5355E+11   2.5355E+11   2.5355E+11   2.5355E+11   2.5355E+11   2.5355E+11   2.5355E+11   2.5355E+11   2.5360E+11   0.0000E+00   0.0000E+00
   5.0586E+02   2.6552E+11   2.6552E+11   2.6552E+11   2.6552E+11   2.6552E+11   2.6552E+11   2.6552E+11   2.6552E+11   2.6557E+11   0.0000E+00   0.0000E+00
   5.4236E+02   2.9061E+11   2.9061E+11   2.9061E+11   2.9061E+11   2.9061E+11   2.9061E+11   2.9061E+11   2.9061E+11   2.9066E+11   0.0000E+00   0.0000E+00
   5.8151E+02   3.0237E+11   3.0237E+11   3.0237E+11   3.0237E+11   3.0237E+11   3.0237E+11   3.0237E+11   3.0237E+11   3.0243E+11   0.0000E+00   0.0000E+00
   6.2347E+02   3.0277E+11   3.0277E+11   3.0277E+11   3.0277E+11   3.0277E+11   3.0277E+11   3.0277E+11   3.0277E+11   3.0283E+11   0.0000E+00   0.0000E+00
   6.6847E+02   3.0107E+11   3.0107E+11   3.0107E+11   3.0107E+11   3.0107E+11   3.0107E+11   3.0107E+11   3.0107E+11   3.0113E+11   0.0000E+00   0.0000E+00
   7.1671E+02   2.9892E+11   2.9892E+11   2.9892E+11   2.9892E+11   2.9892E+11   2.9892E+11   2.9892E+11   2.9892E+11   2.9898E+11   0.0000E+00   0.0000E+00
   7.6843E+02   2.8974E+11   2.8974E+11   2.8974E+11   2.8974E+11   2.8974E+11   2.8974E+11   2.8974E+11   2.8974E+11   2.8980E+11   0.0000E+00   0.0000E+00
   8.2389E+02   2.9328E+11   2.9328E+11   2.9328E+11   2.9328E+11   2.9328E+11   2.9328E+11   2.9328E+11   2.9328E+11   2.9334E+11   0.0000E+00   0.0000E+00
   8.8334E+02   2.9356E+11   2.9356E+11   2.9356E+11   2.9356E+11   2.9356E+11   2.9356E+11   2.9356E+11   2.9356E+11   2.9362E+11   0.0000E+00   0.0000E+00
   9.4709E+02   8.3688E+11   8.3688E+11   8.3688E+11   8.3688E+11   8.3688E+11   8.3688E+11   8.3688E+11   8.3688E+11   8.3705E+11   0.0000E+00   0.0000E+00
   1.0154E+03   9.5567E+11   9.5567E+11   9.5567E+11   9.5567E+11   9.5567E+11   9.5567E+11   9.5567E+11   9.5567E+11   9.5587E+11   0.0000E+00   0.0000E+00
   1.0887E+03   9.6349E+11   9.6349E+11   9.6349E+11   9.6349E+11   9.6349E+11   9.6349E+11   9.6349E+11   9.6349E+11   9.6369E+11   0.0000E+00   0.0000E+00
   1.1673E+03   8.8030E+11   8.8030E+11   8.8030E+11   8.8030E+11   8.8030E+11   8.8030E+11   8.8030E+11   8.8030E+11   8.8048E+11   0.0000E+00   0.0000E+00
   1.2515E+03   8.4475E+11   8.4475E+11   8.4475E+11   8.4475E+11   8.4475E+11   8.4475E+11   8.4475E+11   8.4475E+11   8.4493E+11   0.0000E+00   0.0000E+00
   1.3419E+03   8.0103E+11   8.0103E+11   8.0103E+11   8.0103E+11   8.0103E+11   8.0103E+11   8.0103E+11   8.0103E+11   8.0120E+11   0.0000E+00   0.0000E+00
   1.4387E+03   7.0178E+11   7.0178E+11   7.0178E+11   7.0178E+11   7.0178E+11   7.0178E+11   7.0178E+11   7.0178E+11   7.0192E+11   0.0000E+00   0.0000E+00
   1.5425E+03   5.4920E+11   5.4920E+11   5.4920E+11   5.4920E+11   5.4920E+11   5.4920E+11   5.4920E+11   5.4920E+11   5.4931E+11   0.0000E+00   0.0000E+00
   1.6538E+03   5.2006E+11   5.2006E+11   5.2006E+11   5.2006E+11   5.2006E+11   5.2006E+11   5.2006E+11   5.2006E+11   5.2017E+11   0.0000E+00   0.0000E+00
   1.7732E+03   4.7203E+11   4.7203E+11   4.7203E+11   4.7203E+11   4.7203E+11   4.7203E+11   4.7203E+11   4.7203E+11   4.7213E+11   0.0000E+00   0.0000E+00
   1.9012E+03   4.1022E+11   4.1022E+11   4.1022E+11   4.1022E+11   4.1022E+11   4.1022E+11   4.1022E+11   4.1022E+11   4.1030E+11   0.0000E+00   0.0000E+00
   2.0384E+03   3.7033E+11   3.7033E+11   3.7033E+11   3.7033E+11   3.7033E+11   3.7033E+11   3.7033E+11   3.7033E+11   3.7040E+11   0.0000E+00   0.0000E+00
   2.1855E+03   3.3022E+11   3.3022E+11   3.3022E+11   3.3022E+11   3.3022E+11   3.3022E+11   3.3022E+11   3.3022E+11   3.3029E+11   0.0000E+00   0.0000E+00
   2.3432E+03   2.7638E+11   2.7638E+11   2.7638E+11   2.7638E+11   2.7638E+11   2.7638E+11   2.7638E+11   2.7638E+11   2.7644E+11   0.0000E+00   0.0000E+00
   2.5123E+03   2.4816E+11   2.4816E+11   2.4816E+11   2.4816E+11   2.4816E+11   2.4816E+11   2.4816E+11   2.4816E+11   2.4822E+11   0.0000E+00   0.0000E+00
   2.6936E+03   2.4135E+11   2.4135E+11   2.4135E+11   2.4135E+11   2.4135E+11   2.4135E+11   2.4135E+11   2.4135E+11   2.4140E+11   0.0000E+00   0.0000E+00
   2.8880E+03   2.2457E+11   2.2457E+11   2.2457E+11   2.2457E+11   2.2457E+11   2.2457E+11   2.2457E+11   2.2457E+11   2.2461E+11   0.0000E+00   0.0000E+00
   3.0964E+03   2.1479E+11   2.1479E+11   2.1479E+11   2.1479E+11   2.1479E+11   2.1479E+11   2.1479E+11   2.1479E+11   2.1483E+11   0.0000E+00   0.0000E+00
   3.3199E+03   1.9817E+11   1.9817E+11   1.9817E+11   1.9817E+11   1.9817E+11   1.9817E+11   1.9817E+11   1.9817E+11   1.9821E+11   0.0000E+00   0.0000E+00
   3.5595E+03   1.8692E+11   1.8692E+11   1.8692E+11   1.8692E+11   1.8692E+11   1.8692E+11   1.8692E+11   1.8692E+11   1.8695E+11   0.0000E+00   0.0000E+00
   3.8163E+03   2.2998E+11   2.2998E+11   2.2998E+11   2.2998E+11   2.2998E+11   2.2998E+11   2.2998E+11   2.2998E+11   2.3003E+11   0.0000E+00   0.0000E+00
   4.0918E+03   2.3866E+11   2.3866E+11   2.3866E+11   2.3866E+11   2.3866E+11   2.3866E+11   2.3866E+11   2.3866E+11   2.3871E+11   0.0000E+00   0.0000E+00
   4.3870E+03   2.3464E+11   2.3464E+11   2.3464E+11   2.3464E+11   2.3464E+11   2.3464E+11   2.3464E+11   2.3464E+11   2.3469E+11   0.0000E+00   0.0000E+00
   4.7036E+03   2.2488E+11   2.2488E+11   2.2488E+11   2.2488E+11   2.2488E+11   2.2488E+11   2.2488E+11   2.2488E+11   2.2493E+11   0.0000E+00   0.0000E+00
   5.0431E+03   2.0407E+11   2.0407E+11   2.0407E+11   2.0407E+11   2.0407E+11   2.0407E+11   2.0407E+11   2.0407E+11   2.0411E+11   0.0000E+00   0.0000E+00
   5.4070E+03   1.8647E+11   1.8647E+11   1.8647E+11   1.8647E+11   1.8647E+11   1.8647E+11   1.8647E+11   1.8647E+11   1.8651E+11   0.0000E+00   0.0000E+00
   5.7973E+03   1.8365E+11   1.8365E+11   1.8365E+11   1.8365E+11   1.8365E+11   1.8365E+11   1.8365E+11   1.8365E+11   1.8369E+11   0.0000E+00   0.0000E+00
   6.2156E+03   1.6439E+11   1.6439E+11   1.6439E+11   1.6439E+11   1.6439E+11   1.6439E+11   1.6439E+11   1.6439E+11   1.6442E+11   0.0000E+00   0.0000E+00
   6.6642E+03   1.5013E+11   1.5013E+11   1.5013E+11   1.5013E+11   1.5013E+11   1.5013E+11   1.5013E+11   1.5013E+11   1.5016E+11   0.0000E+00   0.0000E+00
   7.1451E+03   1.3517E+11   1.3517E+11   1.3517E+11   1.3517E+11   1.3517E+11   1.3517E+11   1.3517E+11   1.3517E+11   1.3520E+11   0.0000E+00   0.0000E+00
   7.6608E+03   1.2507E+11   1.2507E+11   1.2507E+11   1.2507E+11   1.2507E+11   1.2507E+11   1.2507E+11   1.2507E+11   1.2510E+11   0.0000E+00   0.0000E+00
   8.2136E+03   1.1403E+11   1.1403E+11   1.1403E+11   1.1403E+11   1.1403E+11   1.1403E+11   1.1403E+11   1.1403E+11   1.1405E+11   0.0000E+00   0.0000E+00
   8.8064E+03   9.4986E+10   9.4986E+10   9.4986E+10   9.4986E+10   9.4986E+10   9.4986E+10   9.4986E+10   9.4986E+10   9.5005E+10   0.0000E+00   0.0000E+00
   9.4420E+03   9.1810E+10   9.1810E+10   9.1810E+10   9.1810E+10   9.1810E+10   9.1810E+10   9.1810E+10   9.1810E+10   9.1829E+10   0.0000E+00   0.0000E+00
   1.0123E+04   8.3288E+10   8.3288E+10   8.3288E+10   8.3288E+10   8.3288E+10   8.3288E+10   8.3288E+10   8.3288E+10   8.3305E+10   0.0000E+00   0.0000E+00
   1.0854E+04   7.2593E+10   7.2593E+10   7.2593E+10   7.2593E+10   7.2593E+10   7.2593E+10   7.2593E+10   7.2593E+10   7.2608E+10   0.0000E+00   0.0000E+00
   1.1637E+04   6.5131E+10   6.5131E+10   6.5131E+10   6.5131E+10   6.5131E+10   6.5131E+10   6.5131E+10   6.5131E+10   6.5144E+10   0.0000E+00   0.0000E+00
   1.2477E+04   5.4752E+10   5.4752E+10   5.4752E+10   5.4752E+10   5.4752E+10   5.4752E+10   5.4752E+10   5.4752E+10   5.4763E+10   0.0000E+00   0.0000E+00
   1.3377E+04   4.9580E+10   4.9580E+10   4.9580E+10   4.9580E+10   4.9580E+10   4.9580E+10   4.9580E+10   4.9580E+10   4.9590E+10   0.0000E+00   0.0000E+00
   1.4343E+04   4.4834E+10   4.4834E+10   4.4834E+10   4.4834E+10   4.4834E+10   4.4834E+10   4.4834E+10   4.4834E+10   4.4843E+10   0.0000E+00   0.0000E+00
   1.5378E+04   3.9792E+10   3.9792E+10   3.9792E+10   3.9792E+10   3.9792E+10   3.9792E+10   3.9792E+10   3.9792E+10   3.9800E+10   0.0000E+00   0.0000E+00
   1.6488E+04   3.7685E+10   3.7685E+10   3.7685E+10   3.7685E+10   3.7685E+10   3.7685E+10   3.7685E+10   3.7685E+10   3.7693E+10   0.0000E+00   0.0000E+00
   1.7678E+04   3.3247E+10   3.3247E+10   3.3247E+10   3.3247E+10   3.3247E+10   3.3247E+10   3.3247E+10   3.3247E+10   3.3254E+10   0.0000E+00   0.0000E+00
   1.8953E+04   2.6545E+10   2.6545E+10   2.6545E+10   2.6545E+10   2.6545E+10   2.6545E+10   2.6545E+10   2.6545E+10   2.6550E+10   0.0000E+00   0.0000E+00
   2.0321E+04   2.3519E+10   2.3519E+10   2.3519E+10   2.3519E+10   2.3519E+10   2.3519E+10   2.3519E+10   2.3519E+10   2.3524E+10   0.0000E+00   0.0000E+00
   2.1788E+04   1.9213E+10   1.9213E+10   1.9213E+10   1.9213E+10   1.9213E+10   1.9213E+10   1.9213E+10   1.9213E+10   1.9217E+10   0.0000E+00   0.0000E+00
   2.3360E+04   1.7332E+10   1.7332E+10   1.7332E+10   1.7332E+10   1.7332E+10   1.7332E+10   1.7332E+10   1.7332E+10   1.7336E+10   0.0000E+00   0.0000E+00
   2.5046E+04   1.2007E+10   1.2007E+10   1.2007E+10   1.2007E+10   1.2007E+10   1.2007E+10   1.2007E+10   1.2007E+10   1.2009E+10   0.0000E+00   0.0000E+00
   2.6854E+04   1.1296E+10   1.1296E+10   1.1296E+10   1.1296E+10   1.1296E+10   1.1296E+10   1.1296E+10   1.1296E+10   1.1298E+10   0.0000E+00   0.0000E+00
   2.8792E+04   1.0436E+10   1.0436E+10   1.0436E+10   1.0436E+10   1.0436E+10   1.0436E+10   1.0436E+10   1.0436E+10   1.0438E+10   0.0000E+00   0.0000E+00
   3.0869E+04   8.0989E+09   8.0989E+09   8.0989E+09   8.0989E+09   8.0989E+09   8.0989E+09   8.0989E+09   8.0989E+09   8.1005E+09   0.0000E+00   0.0000E+00
   3.3097E+04   7.2685E+09   7.2685E+09   7.2685E+09   7.2685E+09   7.2685E+09   7.2685E+09   7.2685E+09   7.2685E+09   7.2700E+09   0.0000E+00   0.0000E+00
   3.5486E+04   6.7915E+09   6.7915E+09   6.7915E+09   6.7915E+09   6.7915E+09   6.7915E+09   6.7915E+09   6.7915E+09   6.7928E+09   0.0000E+00   0.0000E+00
   3.8047E+04   5.6301E+09   5.6301E+09   5.6301E+09   5.6301E+09   5.6301E+09   5.6301E+09   5.6301E+09   5.6301E+09   5.6312E+09   0.0000E+00   0.0000E+00
   4.0792E+04   5.1770E+09   5.1770E+09   5.1770E+09   5.1770E+09   5.1770E+09   5.1770E+09   5.1770E+09   5.1770E+09   5.1780E+09   0.0000E+00   0.0000E+00
   4.3736E+04   4.5575E+09   4.5575E+09   4.5575E+09   4.5575E+09   4.5575E+09   4.5575E+09   4.5575E+09   4.5575E+09   4.5585E+09   0.0000E+00   0.0000E+00
   4.6893E+04   3.9689E+09   3.9689E+09   3.9689E+09   3.9689E+09   3.9689E+09   3.9689E+09   3.9689E+09   3.9689E+09   3.9698E+09   0.0000E+00   0.0000E+00
   5.0277E+04   3.5725E+09   3.5725E+09   3.5725E+09   3.5725E+09   3.5725E+09   3.5725E+09   3.5725E+09   3.5725E+09   3.5733E+09   0.0000E+00   0.0000E+00
   5.3905E+04   3.2391E+09   3.2391E+09   3.2391E+09   3.2391E+09   3.2391E+09   3.2391E+09   3.2391E+09   3.2391E+09   3.2398E+09   0.0000E+00   0.0000E+00
   5.7795E+04   2.9560E+09   2.9560E+09   2.9560E+09   2.9560E+09   2.9560E+09   2.9560E+09   2.9560E+09   2.9560E+09   2.9566E+09   0.0000E+00   0.0000E+00
   6.1966E+04   2.6911E+09   2.6911E+09   2.6911E+09   2.6911E+09   2.6911E+09   2.6911E+09   2.6911E+09   2.6911E+09   2.6916E+09   0.0000E+00   0.0000E+00
   6.6438E+04   2.4455E+09   2.4455E+09   2.4455E+09   2.4455E+09   2.4455E+09   2.4455E+09   2.4455E+09   2.4455E+09   2.4460E+09   0.0000E+00   0.0000E+00
   7.1233E+04   2.2366E+09   2.2366E+09   2.2366E+09   2.2366E+09   2.2366E+09   2.2366E+09   2.2366E+09   2.2366E+09   2.2371E+09   0.0000E+00   0.0000E+00
   7.6374E+04   2.0430E+09   2.0430E+09   2.0430E+09   2.0430E+09   2.0430E+09   2.0430E+09   2.0430E+09   2.0430E+09   2.0435E+09   0.0000E+00   0.0000E+00
   8.1885E+04   1.8542E+09   1.8542E+09   1.8542E+09   1.8542E+09   1.8542E+09   1.8542E+09   1.8542E+09   1.8542E+09   1.8546E+09   0.0000E+00   0.0000E+00
   8.7795E+04   1.7131E+09   1.7131E+09   1.7131E+09   1.7131E+09   1.7131E+09   1.7131E+09   1.7131E+09   1.7131E+09   1.7134E+09   0.0000E+00   0.0000E+00
   9.4131E+04   1.5552E+09   1.5552E+09   1.5552E+09   1.5552E+09   1.5552E+09   1.5552E+09   1.5552E+09   1.5552E+09   1.5556E+09   0.0000E+00   0.0000E+00
   1.0092E+05   1.4230E+09   1.4230E+09   1.4230E+09   1.4230E+09   1.4230E+09   1.4230E+09   1.4230E+09   1.4230E+09   1.4233E+09   0.0000E+00   0.0000E+00
   1.0821E+05   1.2949E+09   1.2949E+09   1.2949E+09   1.2949E+09   1.2949E+09   1.2949E+09   1.2949E+09   1.2949E+09   1.2952E+09   0.0000E+00   0.0000E+00
   1.1602E+05   1.1717E+09   1.1717E+09   1.1717E+09   1.1717E+09   1.1717E+09   1.1717E+09   1.1717E+09   1.1717E+09   1.1719E+09   0.0000E+00   0.0000E+00
   1.2439E+05   1.0646E+09   1.0646E+09   1.0646E+09   1.0646E+09   1.0646E+09   1.0646E+09   1.0646E+09   1.0646E+09   1.0648E+09   0.0000E+00   0.0000E+00
   1.3337E+05   9.7661E+08   9.7661E+08   9.7661E+08   9.7661E+08   9.7661E+08   9.7661E+08   9.7661E+08   9.7661E+08   9.7681E+08   0.0000E+00   0.0000E+00
   1.4299E+05   8.9500E+08   8.9500E+08   8.9500E+08   8.9500E+08   8.9500E+08   8.9500E+08   8.9500E+08   8.9500E+08   8.9519E+08   0.0000E+00   0.0000E+00
   1.5331E+05   8.0567E+08   8.0567E+08   8.0567E+08   8.0567E+08   8.0567E+08   8.0567E+08   8.0567E+08   8.0567E+08   8.0583E+08   0.0000E+00   0.0000E+00
   1.6437E+05   7.3981E+08   7.3981E+08   7.3981E+08   7.3981E+08   7.3981E+08   7.3981E+08   7.3981E+08   7.3981E+08   7.3996E+08   0.0000E+00   0.0000E+00
   1.7624E+05   6.6624E+08   6.6624E+08   6.6624E+08   6.6624E+08   6.6624E+08   6.6624E+08   6.6624E+08   6.6624E+08   6.6638E+08   0.0000E+00   0.0000E+00
   1.8895E+05   5.9932E+08   5.9932E+08   5.9932E+08   5.9932E+08   5.9932E+08   5.9932E+08   5.9932E+08   5.9932E+08   5.9944E+08   0.0000E+00   0.0000E+00
   2.0259E+05   5.4520E+08   5.4520E+08   5.4520E+08   5.4520E+08   5.4520E+08   5.4520E+08   5.4520E+08   5.4520E+08   5.4531E+08   0.0000E+00   0.0000E+00
   2.1721E+05   4.9669E+08   4.9669E+08   4.9669E+08   4.9669E+08   4.9669E+08   4.9669E+08   4.9669E+08   4.9669E+08   4.9680E+08   0.0000E+00   0.0000E+00
   2.3289E+05   4.4715E+08   4.4715E+08   4.4715E+08   4.4715E+08   4.4715E+08   4.4715E+08   4.4715E+08   4.4715E+08   4.4724E+08   0.0000E+00   0.0000E+00
   2.4969E+05   3.9344E+08   3.9344E+08   3.9344E+08   3.9344E+08   3.9344E+08   3.9344E+08   3.9344E+08   3.9344E+08   3.9352E+08   0.0000E+00   0.0000E+00
   2.6771E+05   3.5424E+08   3.5424E+08   3.5424E+08   3.5424E+08   3.5424E+08   3.5424E+08   3.5424E+08   3.5424E+08   3.5432E+08   0.0000E+00   0.0000E+00
   2.8703E+05   3.1867E+08   3.1867E+08   3.1867E+08   3.1867E+08   3.1867E+08   3.1867E+08   3.1867E+08   3.1867E+08   3.1873E+08   0.0000E+00   0.0000E+00
   3.0775E+05   2.8071E+08   2.8071E+08   2.8071E+08   2.8071E+08   2.8071E+08   2.8071E+08   2.8071E+08   2.8071E+08   2.8076E+08   0.0000E+00   0.0000E+00
   3.2996E+05   2.4665E+08   2.4665E+08   2.4665E+08   2.4665E+08   2.4665E+08   2.4665E+08   2.4665E+08   2.4665E+08   2.4670E+08   0.0000E+00   0.0000E+00
   3.5377E+05   2.1453E+08   2.1453E+08   2.1453E+08   2.1453E+08   2.1453E+08   2.1453E+08   2.1453E+08   2.1453E+08   2.1457E+08   0.0000E+00   0.0000E+00
   3.7930E+05   1.9093E+08   1.9093E+08   1.9093E+08   1.9093E+08   1.9093E+08   1.9093E+08   1.9093E+08   1.9093E+08   1.9097E+08   0.0000E+00   0.0000E+00
   4.0667E+05   1.6607E+08   1.6607E+08   1.6607E+08   1.6607E+08   1.6607E+08   1.6607E+08   1.6607E+08   1.6607E+08   1.6611E+08   0.0000E+00   0.0000E+00
   4.3602E+05   1.4405E+08   1.4405E+08   1.4405E+08   1.4405E+08   1.4405E+08   1.4405E+08   1.4405E+08   1.4405E+08   1.4408E+08   0.0000E+00   0.0000E+00
   4.6749E+05   1.2279E+08   1.2279E+08   1.2279E+08   1.2279E+08   1.2279E+08   1.2279E+08   1.2279E+08   1.2279E+08   1.2281E+08   0.0000E+00   0.0000E+00
   5.0123E+05   1.0645E+08   1.0645E+08   1.0645E+08   1.0645E+08   1.0645E+08   1.0645E+08   1.0645E+08   1.0645E+08   1.0647E+08   0.0000E+00   0.0000E+00
   5.3740E+05   8.9422E+07   8.9422E+07   8.9422E+07   8.9422E+07   8.9422E+07   8.9422E+07   8.9422E+07   8.9422E+07   8.9441E+07   0.0000E+00   0.0000E+00
   5.7618E+05   7.5122E+07   7.5122E+07   7.5122E+07   7.5122E+07   7.5122E+07   7.5122E+07   7.5122E+07   7.5122E+07   7.5137E+07   0.0000E+00   0.0000E+00
   6.1776E+05   6.3109E+07   6.3109E+07   6.3109E+07   6.3109E+07   6.3109E+07   6.3109E+07   6.3109E+07   6.3109E+07   6.3121E+07   0.0000E+00   0.0000E+00
   6.6235E+05   5.1573E+07   5.1573E+07   5.1573E+07   5.1573E+07   5.1573E+07   5.1573E+07   5.1573E+07   5.1573E+07   5.1584E+07   0.0000E+00   0.0000E+00
   7.1015E+05   4.1163E+07   4.1163E+07   4.1163E+07   4.1163E+07   4.1163E+07   4.1163E+07   4.1163E+07   4.1163E+07   4.1171E+07   0.0000E+00   0.0000E+00
   7.6140E+05   3.3005E+07   3.3005E+07   3.3005E+07   3.3005E+07   3.3005E+07   3.3005E+07   3.3005E+07   3.3005E+07   3.3011E+07   0.0000E+00   0.0000E+00
   8.1635E+05   2.5425E+07   2.5425E+07   2.5425E+07   2.5425E+07   2.5425E+07   2.5425E+07   2.5425E+07   2.5425E+07   2.5430E+07   0.0000E+00   0.0000E+00
   8.7526E+05   1.9803E+07   1.9803E+07   1.9803E+07   1.9803E+07   1.9803E+07   1.9803E+07   1.9803E+07   1.9803E+07   1.9807E+07   0.0000E+00   0.0000E+00
   9.3842E+05   1.5246E+07   1.5246E+07   1.5246E+07   1.5246E+07   1.5246E+07   1.5246E+07   1.5246E+07   1.5246E+07   1.5249E+07   0.0000E+00   0.0000E+00
   1.0061E+06   1.0878E+07   1.0878E+07   1.0878E+07   1.0878E+07   1.0878E+07   1.0878E+07   1.0878E+07   1.0878E+07   1.0880E+07   0.0000E+00   0.0000E+00
   1.0788E+06   7.6781E+06   7.6781E+06   7.6781E+06   7.6781E+06   7.6781E+06   7.6781E+06   7.6781E+06   7.6781E+06   7.6796E+06   0.0000E+00   0.0000E+00
   1.1566E+06   5.4194E+06   5.4194E+06   5.4194E+06   5.4194E+06   5.4194E+06   5.4194E+06   5.4194E+06   5.4194E+06   5.4205E+06   0.0000E+00   0.0000E+00
   1.2401E+06   3.8251E+06   3.8251E+06   3.8251E+06   3.8251E+06   3.8251E+06   3.8251E+06   3.8251E+06   3.8251E+06   3.8259E+06   0.0000E+00   0.0000E+00
   1.3296E+06   2.6999E+06   2.6999E+06   2.6999E+06   2.6999E+06   2.6999E+06   2.6999E+06   2.6999E+06   2.6999E+06   2.7005E+06   0.0000E+00   0.0000E+00
   1.4255E+06   1.9057E+06   1.9057E+06   1.9057E+06   1.9057E+06   1.9057E+06   1.9057E+06   1.9057E+06   1.9057E+06   1.9061E+06   0.0000E+00   0.0000E+00
   1.5284E+06   1.3451E+06   1.3451E+06   1.3451E+06   1.3451E+06   1.3451E+06   1.3451E+06   1.3451E+06   1.3451E+06   1.3454E+06   0.0000E+00   0.0000E+00
   1.6387E+06   9.4941E+05   9.4941E+05   9.4941E+05   9.4941E+05   9.4941E+05   9.4941E+05   9.4941E+05   9.4941E+05   9.4961E+05   0.0000E+00   0.0000E+00
   1.7570E+06   6.7013E+05   6.7013E+05   6.7013E+05   6.7013E+05   6.7013E+05   6.7013E+05   6.7013E+05   6.7013E+05   6.7027E+05   0.0000E+00   0.0000E+00
   1.8838E+06   4.7301E+05   4.7301E+05   4.7301E+05   4.7301E+05   4.7301E+05   4.7301E+05   4.7301E+05   4.7301E+05   4.7310E+05   0.0000E+00   0.0000E+00
   2.0197E+06   3.3387E+05   3.3387E+05   3.3387E+05   3.3387E+05   3.3387E+05   3.3387E+05   3.3387E+05   3.3387E+05   3.3393E+05   0.0000E+00   0.0000E+00
   2.1655E+06   2.3566E+05   2.3566E+05   2.3566E+05   2.3566E+05   2.3566E+05   2.3566E+05   2.3566E+05   2.3566E+05   2.3571E+05   0.0000E+00   0.0000E+00
   2.3217E+06   1.6634E+05   1.6634E+05   1.6634E+05   1.6634E+05   1.6634E+05   1.6634E+05   1.6634E+05   1.6634E+05   1.6637E+05   0.0000E+00   0.0000E+00
   2.4893E+06   1.1741E+05   1.1741E+05   1.1741E+05   1.1741E+05   1.1741E+05   1.1741E+05   1.1741E+05   1.1741E+05   1.1743E+05   0.0000E+00   0.0000E+00
   2.6689E+06   8.2874E+04   8.2874E+04   8.2874E+04   8.2874E+04   8.2874E+04   8.2874E+04   8.2874E+04   8.2874E+04   8.2890E+04   0.0000E+00   0.0000E+00
   2.8616E+06   5.8497E+04   5.8497E+04   5.8497E+04   5.8497E+04   5.8497E+04   5.8497E+04   5.8497E+04   5.8497E+04   5.8509E+04   0.0000E+00   0.0000E+00
   3.0681E+06   4.1290E+04   4.1290E+04   4.1290E+04   4.1290E+04   4.1290E+04   4.1290E+04   4.1290E+04   4.1290E+04   4.1299E+04   0.0000E+00   0.0000E+00
   3.2895E+06   2.9145E+04   2.9145E+04   2.9145E+04   2.9145E+04   2.9145E+04   2.9145E+04   2.9145E+04   2.9145E+04   2.9151E+04   0.0000E+00   0.0000E+00
   3.5269E+06   2.0573E+04   2.0573E+04   2.0573E+04   2.0573E+04   2.0573E+04   2.0573E+04   2.0573E+04   2.0573E+04   2.0577E+04   0.0000E+00   0.0000E+00
   3.7814E+06   1.4522E+04   1.4522E+04   1.4522E+04   1.4522E+04   1.4522E+04   1.4522E+04   1.4522E+04   1.4522E+04   1.4525E+04   0.0000E+00   0.0000E+00
   4.0543E+06   1.0251E+04   1.0251E+04   1.0251E+04   1.0251E+04   1.0251E+04   1.0251E+04   1.0251E+04   1.0251E+04   1.0253E+04   0.0000E+00   0.0000E+00
   4.3469E+06   7.2355E+03   7.2355E+03   7.2355E+03   7.2355E+03   7.2355E+03   7.2355E+03   7.2355E+03   7.2355E+03   7.2370E+03   0.0000E+00   0.0000E+00
   4.6606E+06   5.1075E+03   5.1075E+03   5.1075E+03   5.1075E+03   5.1075E+03   5.1075E+03   5.1075E+03   5.1075E+03   5.1085E+03   0.0000E+00   0.0000E+00
   4.9969E+06   3.6053E+03   3.6053E+03   3.6053E+03   3.6053E+03   3.6053E+03   3.6053E+03   3.6053E+03   3.6053E+03   3.6061E+03   0.0000E+00   0.0000E+00
   5.3576E+06   2.5450E+03   2.5450E+03   2.5450E+03   2.5450E+03   2.5450E+03   2.5450E+03   2.5450E+03   2.5450E+03   2.5455E+03   0.0000E+00   0.0000E+00
   5.7442E+06   1.7965E+03   1.7965E+03   1.7965E+03   1.7965E+03   1.7965E+03   1.7965E+03   1.7965E+03   1.7965E+03   1.7969E+03   0.0000E+00   0.0000E+00
   6.1587E+06   1.2682E+03   1.2682E+03   1.2682E+03   1.2682E+03   1.2682E+03   1.2682E+03   1.2682E+03   1.2682E+03   1.2684E+03   0.0000E+00   0.0000E+00
   6.6032E+06   8.9522E+02   8.9522E+02   8.9522E+02   8.9522E+02   8.9522E+02   8.9522E+02   8.9522E+02   8.9522E+02   8.9540E+02   0.0000E+00   0.0000E+00
   7.0797E+06   6.3195E+02   6.3195E+02   6.3196E+02   6.3196E+02   6.3196E+02   6.3196E+02   6.3196E+02   6.3196E+02   6.3208E+02   0.0000E+00   0.0000E+00
   7.5907E+06   4.4612E+02   4.4612E+02   4.4612E+02   4.4612E+02   4.4612E+02   4.4612E+02   4.4612E+02   4.4612E+02   4.4621E+02   0.0000E+00   0.0000E+00
   8.1385E+06   3.1493E+02   3.1493E+02   3.1493E+02   3.1493E+02   3.1493E+02   3.1493E+02   3.1493E+02   3.1493E+02   3.1499E+02   0.0000E+00   0.0000E+00
   8.7258E+06   2.2233E+02   2.2233E+02   2.2233E+02   2.2233E+02   2.2233E+02   2.2233E+02   2.2233E+02   2.2233E+02   2.2237E+02   0.0000E+00   0.0000E+00
   9.3555E+06   1.5695E+02   1.5695E+02   1.5695E+02   1.5695E+02   1.5695E+02   1.5695E+02   1.5695E+02   1.5695E+02   1.5698E+02   0.0000E+00   0.0000E+00
   1.0031E+07   1.1080E+02   1.1080E+02   1.1080E+02   1.1080E+02   1.1080E+02   1.1080E+02   1.1080E+02   1.1080E+02   1.1083E+02   0.0000E+00   0.0000E+00
   1.0755E+07   7.8225E+01   7.8225E+01   7.8225E+01   7.8225E+01   7.8225E+01   7.8225E+01   7.8225E+01   7.8225E+01   7.8241E+01   0.0000E+00   0.0000E+00
   1.1531E+07   5.5226E+01   5.5226E+01   5.5226E+01   5.5226E+01   5.5226E+01   5.5226E+01   5.5226E+01   5.5226E+01   5.5238E+01   0.0000E+00   0.0000E+00
   1.2363E+07   3.8990E+01   3.8990E+01   3.8990E+01   3.8990E+01   3.8990E+01   3.8990E+01   3.8990E+01   3.8990E+01   3.8998E+01   0.0000E+00   0.0000E+00
   1.3255E+07   2.7528E+01   2.7528E+01   2.7528E+01   2.7528E+01   2.7528E+01   2.7528E+01   2.7528E+01   2.7528E+01   2.7533E+01   0.0000E+00   0.0000E+00
   1.4212E+07   1.9435E+01   1.9435E+01   1.9435E+01   1.9435E+01   1.9435E+01   1.9435E+01   1.9435E+01   1.9435E+01   1.9439E+01   0.0000E+00   0.0000E+00
   1.5237E+07   1.3722E+01   1.3722E+01   1.3722E+01   1.3722E+01   1.3722E+01   1.3722E+01   1.3722E+01   1.3722E+01   1.3725E+01   0.0000E+00   0.0000E+00
   1.6337E+07   9.6890E+00   9.6890E+00   9.6890E+00   9.6890E+00   9.6890E+00   9.6890E+00   9.6890E+00   9.6890E+00   9.6909E+00   0.0000E+00   0.0000E+00
   1.7516E+07   6.8412E+00   6.8412E+00   6.8412E+00   6.8412E+00   6.8412E+00   6.8412E+00   6.8412E+00   6.8412E+00   6.8426E+00   0.0000E+00   0.0000E+00
   1.8780E+07   4.8307E+00   4.8307E+00   4.8307E+00   4.8307E+00   4.8307E+00   4.8307E+00   4.8307E+00   4.8307E+00   4.8316E+00   0.0000E+00   0.0000E+00
   2.0135E+07   3.4110E+00   3.4110E+00   3.4110E+00   3.4110E+00   3.4110E+00   3.4110E+00   3.4110E+00   3.4110E+00   3.4117E+00   0.0000E+00   0.0000E+00
   2.1588E+07   2.4087E+00   2.4087E+00   2.4087E+00   2.4087E+00   2.4087E+00   2.4087E+00   2.4087E+00   2.4087E+00   2.4092E+00   0.0000E+00   0.0000E+00
   2.3146E+07   1.7010E+00   1.7010E+00   1.7010E+00   1.7010E+00   1.7010E+00   1.7010E+00   1.7010E+00   1.7010E+00   1.7013E+00   0.0000E+00   0.0000E+00
   2.4817E+07   1.2012E+00   1.2012E+00   1.2012E+00   1.2012E+00   1.2012E+00   1.2012E+00   1.2012E+00   1.2012E+00   1.2014E+00   0.0000E+00   0.0000E+00
   2.6608E+07   8.4833E-01   8.4833E-01   8.4833E-01   8.4833E-01   8.4833E-01   8.4833E-01   8.4833E-01   8.4833E-01   8.4850E-01   0.0000E+00   0.0000E+00
   2.8528E+07   5.9913E-01   5.9913E-01   5.9913E-01   5.9913E-01   5.9913E-01   5.9913E-01   5.9913E-01   5.9913E-01   5.9926E-01   0.0000E+00   0.0000E+00
   3.0587E+07   4.2316E-01   4.2316E-01   4.2316E-01   4.2316E-01   4.2316E-01   4.2316E-01   4.2316E-01   4.2316E-01   4.2324E-01   0.0000E+00   0.0000E+00
   3.2794E+07   2.9888E-01   2.9888E-01   2.9888E-01   2.9888E-01   2.9888E-01   2.9888E-01   2.9888E-01   2.9888E-01   2.9894E-01   0.0000E+00   0.0000E+00
   3.5161E+07   2.1112E-01   2.1112E-01   2.1112E-01   2.1112E-01   2.1112E-01   2.1112E-01   2.1112E-01   2.1112E-01   2.1116E-01   0.0000E+00   0.0000E+00
   3.7698E+07   1.4913E-01   1.4913E-01   1.4913E-01   1.4913E-01   1.4913E-01   1.4913E-01   1.4913E-01   1.4913E-01   1.4916E-01   0.0000E+00   0.0000E+00
   4.0419E+07   1.0535E-01   1.0535E-01   1.0535E-01   1.0535E-01   1.0535E-01   1.0535E-01   1.0535E-01   1.0535E-01   1.0538E-01   0.0000E+00   0.0000E+00
   4.3336E+07   7.4429E-02   7.4429E-02   7.4429E-02   7.4429E-02   7.4429E-02   7.4429E-02   7.4429E-02   7.4429E-02   7.4444E-02   0.0000E+00   0.0000E+00
   4.6463E+07   5.2586E-02   5.2586E-02   5.2586E-02   5.2586E-02   5.2586E-02   5.2586E-02   5.2586E-02   5.2586E-02   5.2597E-02   0.0000E+00   0.0000E+00
   4.9817E+07   3.7156E-02   3.7156E-02   3.7156E-02   3.7156E-02   3.7156E-02   3.7156E-02   3.7156E-02   3.7156E-02   3.7163E-02   0.0000E+00   0.0000E+00
   5.3412E+07   2.6256E-02   2.6256E-02   2.6256E-02   2.6256E-02   2.6256E-02   2.6256E-02   2.6256E-02   2.6256E-02   2.6261E-02   0.0000E+00   0.0000E+00
   5.7266E+07   1.8555E-02   1.8555E-02   1.8555E-02   1.8555E-02   1.8555E-02   1.8555E-02   1.8555E-02   1.8555E-02   1.8558E-02   0.0000E+00   0.0000E+00
   6.1399E+07   1.3113E-02   1.3113E-02   1.3113E-02   1.3113E-02   1.3113E-02   1.3113E-02   1.3113E-02   1.3113E-02   1.3116E-02   0.0000E+00   0.0000E+00
   6.5830E+07   9.2686E-03   9.2686E-03   9.2686E-03   9.2686E-03   9.2686E-03   9.2686E-03   9.2686E-03   9.2686E-03   9.2705E-03   0.0000E+00   0.0000E+00
   7.0581E+07   6.5519E-03   6.5519E-03   6.5519E-03   6.5519E-03   6.5519E-03   6.5519E-03   6.5519E-03   6.5519E-03   6.5532E-03   0.0000E+00   0.0000E+00
   7.5675E+07   4.6318E-03   4.6318E-03   4.6318E-03   4.6318E-03   4.6318E-03   4.6318E-03   4.6318E-03   4.6318E-03   4.6328E-03   0.0000E+00   0.0000E+00
   8.1136E+07   3.2749E-03   3.2749E-03   3.2749E-03   3.2749E-03   3.2749E-03   3.2749E-03   3.2749E-03   3.2749E-03   3.2755E-03   0.0000E+00   0.0000E+00
   8.6991E+07   2.3157E-03   2.3157E-03   2.3157E-03   2.3157E-03   2.3157E-03   2.3157E-03   2.3157E-03   2.3157E-03   2.3162E-03   0.0000E+00   0.0000E+00
   9.3269E+07   1.6377E-03   1.6377E-03   1.6377E-03   1.6377E-03   1.6377E-03   1.6377E-03   1.6377E-03   1.6377E-03   1.6380E-03   0.0000E+00   0.0000E+00
   1.0000E+08   1.1584E-03   1.1584E-03   1.1584E-03   1.1584E-03   1.1584E-03   1.1584E-03   1.1584E-03   1.1584E-03   1.1586E-03   0.0000E+00   0.0000E+00
