     3.008  4.644e+08
     5.013  1.177e+08
     7.018  4.731e+07
     9.023   3.36e+07
     11.03  3.532e+07
     13.03  3.211e+07
     15.04  2.917e+07
     17.04  2.577e+07
     19.05  1.818e+07
     21.05  1.872e+07
     23.06  1.816e+07
     25.06   1.61e+07
     27.07  1.598e+07
     29.07  1.355e+07
     31.08  1.274e+07
     33.08  1.305e+07
     35.09  1.067e+07
     37.09   8.88e+06
      39.1  9.438e+06
      41.1  9.708e+06
     43.11  8.584e+06
     45.11  9.479e+06
     47.12   7.69e+06
     49.12  5.908e+06
     51.13  5.265e+06
     53.14  4.744e+06
     55.14  2.847e+06
     57.15  2.525e+06
     59.15  3.157e+06
     61.16  2.121e+06
     63.16  1.929e+06
     65.17  1.371e+06
     67.17  1.219e+06
     69.18  9.057e+05
     71.18  1.047e+06
     73.19  5.661e+05
     75.19  1.001e+06
      77.2  7.119e+05
      79.2  6.468e+05
     81.21  4.322e+05
     83.21  6.358e+05
     85.22  5.587e+05
     87.22  6.847e+05
     89.23   6.43e+05
     91.23  2.734e+05
     93.24  4.174e+05
     95.24   1.31e+05
     97.25  2.234e+05
     99.25  3.015e+05
     101.3  8.934e+04
     103.3  4.203e+05
     105.3  1.851e+05
     107.3  4.028e+05
     109.3  1.417e+05
     111.3  1.925e+05
     113.3  2.455e+05
     115.3  2.532e+05
     117.3  1.025e+05
     119.3  8.767e+04
     121.3  8.279e+04
     123.3   9.91e+04
     125.3  4.904e+04
     127.3  9.528e+04
     129.3  6.975e+04
     131.3  1.968e+05
     133.3   2.39e+05
     135.3  1.394e+05
     137.3  4.623e+04
     139.4  2.652e+05
     141.4  3.115e+05
     143.4  2.126e+05
     145.4   3.14e+05
     147.4  6.245e+05
     149.4  6.999e+05
     151.4  2.867e+05
     153.4  1.509e+05
     155.4    1.3e+05
     157.4  6.757e+04
     159.4  1.392e+05
     161.4  9.474e+04
     163.4  7.586e+04
     165.4   1.88e+04
     167.4  5.508e+04
     169.4   5.36e+04
     171.4  1.784e+04
     173.4   1.71e+04
     175.4  6.966e+04
     177.5  1.775e+04
     179.5  3.465e+04
     181.5  3.468e+04
     183.5  6.616e+04
     185.5          0
     187.5  1.676e+04
     189.5  1.668e+04
     191.5          0
     193.5  1.848e+04
     195.5  1.503e+04
     197.5          0
     199.5          0
     201.5          0
     203.5          0
     205.5  1.484e+04
     207.5          0
     209.5          0
     211.5          0
     213.5          0
     215.5          0
     217.6          0
     219.6          0
     221.6          0
     223.6          0
     225.6          0
     227.6          0
     229.6          0
     231.6          0
     233.6          0
     235.6          0
     237.6          0
     239.6          0
     241.6          0
     243.6          0
     245.6          0
     247.6          0
     249.6          0
     251.6          0
     253.6          0
     255.7          0
     257.7          0
     259.7          0
     261.7          0
     263.7          0
     265.7          0
     267.7          0
     269.7          0
     271.7          0
     273.7          0
     275.7          0
     277.7          0
     279.7          0
     281.7          0
     283.7          0
     285.7          0
     287.7          0
     289.7          0
     291.7          0
     293.7          0
     295.8          0
     297.8          0
     299.8          0
     301.8          0
     303.8          0
     305.8          0
     307.8          0
     309.8          0
     311.8          0
     313.8          0
     315.8          0
     317.8          0
     319.8          0
     321.8          0
     323.8          0
     325.8          0
     327.8          0
     329.8          0
