     1.003  1.076e-16
     3.008  2.311e-17
     5.013  7.496e-18
     7.018  4.844e-18
     9.023  4.187e-18
     11.03  4.142e-18
     13.03  4.512e-18
     15.04  3.809e-18
     17.04  3.131e-18
     19.05  2.618e-18
     21.05   2.43e-18
     23.06   2.32e-18
     25.06  2.233e-18
     27.07   2.01e-18
     29.07  1.727e-18
     31.08  1.695e-18
     33.08  1.624e-18
     35.09  1.379e-18
     37.09  1.266e-18
      39.1  1.397e-18
      41.1  1.352e-18
     43.11  1.379e-18
     45.11  1.369e-18
     47.12  1.019e-18
     49.12  7.953e-19
     51.13  7.507e-19
     53.14  5.153e-19
     55.14  4.017e-19
     57.15  4.047e-19
     59.15  3.592e-19
     61.16  2.695e-19
     63.16  1.981e-19
     65.17  1.649e-19
     67.17  1.199e-19
     69.18  1.286e-19
     71.18  1.165e-19
     73.19  1.037e-19
     75.19  1.064e-19
      77.2   9.77e-20
      79.2  8.219e-20
     81.21   7.26e-20
     83.21  7.642e-20
     85.22    9.4e-20
     87.22  1.331e-19
     89.23  6.916e-20
     91.23      5e-20
     93.24  5.816e-20
     95.24  3.303e-20
     97.25  3.377e-20
     99.25  2.932e-20
     101.3  3.839e-20
     103.3  5.324e-20
     105.3  3.141e-20
     107.3  4.152e-20
     109.3  2.929e-20
     111.3  2.739e-20
     113.3  3.906e-20
     115.3  1.854e-20
     117.3  1.097e-20
     119.3  1.309e-20
     121.3  1.416e-20
     123.3  1.068e-20
     125.3  8.285e-21
     127.3   1.26e-20
     129.3  1.825e-20
     131.3   3.23e-20
     133.3  3.452e-20
     135.3  1.477e-20
     137.3  2.133e-20
     139.4  4.078e-20
     141.4   4.23e-20
     143.4  3.411e-20
     145.4  9.206e-20
     147.4  1.064e-19
     149.4  7.437e-20
     151.4  3.142e-20
     153.4  2.628e-20
     155.4  1.774e-20
     157.4  1.455e-20
     159.4  1.578e-20
     161.4  1.385e-20
     163.4  9.099e-21
     165.4   5.44e-21
     167.4  8.333e-21
     169.4  4.719e-21
     171.4   3.17e-21
     173.4  4.294e-21
     175.4  8.676e-21
     177.5  6.318e-21
     179.5  3.829e-21
     181.5  8.369e-21
     183.5   3.45e-21
     185.5  4.488e-22
     187.5  3.172e-21
     189.5  2.029e-21
     191.5  9.467e-22
     193.5  1.658e-21
     195.5  1.205e-21
     197.5  4.258e-22
     199.5  1.063e-23
     201.5  4.769e-22
     203.5  1.067e-21
     205.5  5.628e-22
     207.5      1e-23
     209.5      1e-23
     211.5      1e-23
     213.5      1e-23
     215.5      1e-23
     217.6      1e-23
     219.6      1e-23
     221.6      1e-23
     223.6      1e-23
     225.6      1e-23
     227.6      1e-23
     229.6      1e-23
     231.6      1e-23
     233.6      1e-23
     235.6      1e-23
     237.6      1e-23
     239.6      1e-23
     241.6      1e-23
     243.6      1e-23
     245.6      1e-23
     247.6      1e-23
     249.6      1e-23
     251.6      1e-23
     253.6      1e-23
     255.7      1e-23
     257.7      1e-23
     259.7      1e-23
     261.7      1e-23
     263.7      1e-23
     265.7      1e-23
     267.7      1e-23
     269.7      1e-23
     271.7      1e-23
     273.7      1e-23
     275.7      1e-23
     277.7      1e-23
     279.7      1e-23
     281.7      1e-23
     283.7      1e-23
     285.7      1e-23
     287.7      1e-23
     289.7      1e-23
     291.7      1e-23
     293.7      1e-23
     295.8      1e-23
     297.8      1e-23
     299.8      1e-23
     301.8      1e-23
     303.8      1e-23
     305.8      1e-23
     307.8      1e-23
     309.8      1e-23
     311.8      1e-23
     313.8      1e-23
     315.8      1e-23
     317.8      1e-23
     319.8      1e-23
     321.8      1e-23
     323.8      1e-23
     325.8      1e-23
     327.8      1e-23
     329.8      1e-23
