     1.003   6.21e+09
     3.008  2.381e+10
     5.013  3.124e+10
     7.018  3.542e+10
     9.023  3.924e+10
     11.03  4.415e+10
     13.03  4.942e+10
     15.04  5.495e+10
     17.04  6.048e+10
     19.05  6.485e+10
     21.05  6.981e+10
     23.06  7.509e+10
     25.06  8.017e+10
     27.07  8.562e+10
     29.07  9.059e+10
     31.08  9.557e+10
     33.08   1.01e+11
     35.09  1.057e+11
     37.09  1.099e+11
      39.1  1.145e+11
      41.1  1.196e+11
     43.11  1.242e+11
     45.11  1.296e+11
     47.12  1.342e+11
     49.12  1.378e+11
     51.13  1.412e+11
     53.14  1.444e+11
     55.14  1.464e+11
     57.15  1.482e+11
     59.15  1.505e+11
     61.16  1.522e+11
     63.16  1.537e+11
     65.17  1.548e+11
     67.17  1.559e+11
     69.18  1.567e+11
     71.18  1.576e+11
     73.19  1.581e+11
     75.19  1.591e+11
      77.2  1.598e+11
      79.2  1.604e+11
     81.21  1.608e+11
     83.21  1.615e+11
     85.22  1.621e+11
     87.22  1.629e+11
     89.23  1.636e+11
     91.23  1.639e+11
     93.24  1.644e+11
     95.24  1.645e+11
     97.25  1.648e+11
     99.25  1.652e+11
     101.3  1.653e+11
     103.3  1.659e+11
     105.3  1.661e+11
     107.3  1.666e+11
     109.3  1.668e+11
     111.3  1.671e+11
     113.3  1.675e+11
     115.3  1.678e+11
     117.3   1.68e+11
     119.3  1.681e+11
     121.3  1.682e+11
     123.3  1.684e+11
     125.3  1.685e+11
     127.3  1.686e+11
     129.3  1.687e+11
     131.3  1.691e+11
     133.3  1.695e+11
     135.3  1.697e+11
     137.3  1.698e+11
     139.4  1.703e+11
     141.4  1.708e+11
     143.4  1.712e+11
     145.4  1.718e+11
     147.4  1.729e+11
     149.4  1.742e+11
     151.4  1.748e+11
     153.4  1.751e+11
     155.4  1.753e+11
     157.4  1.755e+11
     159.4  1.757e+11
     161.4  1.759e+11
     163.4  1.761e+11
     165.4  1.761e+11
     167.4  1.763e+11
     169.4  1.764e+11
     171.4  1.764e+11
     173.4  1.764e+11
     175.4  1.766e+11
     177.5  1.766e+11
     179.5  1.767e+11
     181.5  1.768e+11
     183.5  1.769e+11
     185.5  1.769e+11
     187.5   1.77e+11
     189.5   1.77e+11
     191.5   1.77e+11
     193.5  1.771e+11
     195.5  1.771e+11
     197.5  1.771e+11
     199.5  1.771e+11
     201.5  1.771e+11
     203.5  1.771e+11
     205.5  1.771e+11
     207.5  1.771e+11
     209.5  1.771e+11
     211.5  1.771e+11
     213.5  1.771e+11
     215.5  1.771e+11
     217.6  1.771e+11
     219.6  1.771e+11
     221.6  1.771e+11
     223.6  1.771e+11
     225.6  1.771e+11
     227.6  1.771e+11
     229.6  1.771e+11
     231.6  1.771e+11
     233.6  1.771e+11
     235.6  1.771e+11
     237.6  1.771e+11
     239.6  1.771e+11
     241.6  1.771e+11
     243.6  1.771e+11
     245.6  1.771e+11
     247.6  1.771e+11
     249.6  1.771e+11
     251.6  1.771e+11
     253.6  1.771e+11
     255.7  1.771e+11
     257.7  1.771e+11
     259.7  1.771e+11
     261.7  1.771e+11
     263.7  1.771e+11
     265.7  1.771e+11
     267.7  1.771e+11
     269.7  1.771e+11
     271.7  1.771e+11
     273.7  1.771e+11
     275.7  1.771e+11
     277.7  1.771e+11
     279.7  1.771e+11
     281.7  1.771e+11
     283.7  1.771e+11
     285.7  1.771e+11
     287.7  1.771e+11
     289.7  1.771e+11
     291.7  1.771e+11
     293.7  1.771e+11
     295.8  1.771e+11
     297.8  1.771e+11
     299.8  1.771e+11
     301.8  1.771e+11
     303.8  1.771e+11
     305.8  1.771e+11
     307.8  1.771e+11
     309.8  1.771e+11
     311.8  1.771e+11
     313.8  1.771e+11
     315.8  1.771e+11
     317.8  1.771e+11
     319.8  1.771e+11
     321.8  1.771e+11
     323.8  1.771e+11
     325.8  1.771e+11
     327.8  1.771e+11
     329.8  1.771e+11
