     1.003      17.94
     3.008      19.61
     5.013      20.83
     7.018       21.3
     9.023      21.46
     11.03      21.47
     13.03      21.38
     15.04      21.56
     17.04      21.78
     19.05      21.97
     21.05      22.05
     23.06       22.1
     25.06      22.14
     27.07      22.26
     29.07      22.42
     31.08      22.44
     33.08      22.49
     35.09      22.67
     37.09      22.76
      39.1      22.65
      41.1      22.69
     43.11      22.67
     45.11      22.68
     47.12         23
     49.12      23.26
     51.13      23.33
     53.14      23.74
     55.14      24.01
     57.15         24
     59.15      24.13
     61.16      24.44
     63.16      24.77
     65.17      24.97
     67.17      25.32
     69.18      25.24
     71.18      25.35
     73.19      25.48
     75.19      25.45
      77.2      25.54
      79.2      25.73
     81.21      25.86
     83.21      25.81
     85.22      25.58
     87.22      25.21
     89.23      25.92
     91.23      26.27
     93.24       26.1
     95.24      26.72
     97.25      26.69
     99.25      26.85
     101.3      26.56
     103.3       26.2
     105.3      26.77
     107.3      26.47
     109.3      26.85
     111.3      26.92
     113.3      26.54
     115.3      27.35
     117.3      27.92
     119.3      27.72
     121.3      27.64
     123.3      27.95
     125.3      28.22
     127.3      27.77
     129.3      27.36
     131.3      26.74
     133.3      26.67
     135.3      27.59
     137.3      27.19
     139.4      26.49
     141.4      26.45
     143.4      26.68
     145.4      25.61
     147.4      25.45
     149.4      25.84
     151.4      26.77
     153.4      26.97
     155.4      27.39
     157.4      27.61
     159.4      27.52
     161.4      27.66
     163.4      28.12
     165.4      28.68
     167.4      28.21
     169.4      28.83
     171.4      29.26
     173.4      28.93
     175.4      28.17
     177.5      28.51
     179.5      29.06
     181.5      28.21
     183.5      29.17
     185.5      31.39
     187.5      29.26
     189.5      29.75
     191.5      30.58
     193.5      29.97
     195.5      30.31
     197.5      31.44
     199.5      35.45
     201.5      31.32
     203.5      30.45
     205.5      31.14
     207.5      35.52
     209.5      35.52
     211.5      35.52
     213.5      35.52
     215.5      35.52
     217.6      35.52
     219.6      35.52
     221.6      35.52
     223.6      35.52
     225.6      35.52
     227.6      35.52
     229.6      35.52
     231.6      35.52
     233.6      35.52
     235.6      35.52
     237.6      35.52
     239.6      35.52
     241.6      35.52
     243.6      35.52
     245.6      35.52
     247.6      35.52
     249.6      35.52
     251.6      35.52
     253.6      35.52
     255.7      35.52
     257.7      35.52
     259.7      35.52
     261.7      35.52
     263.7      35.52
     265.7      35.52
     267.7      35.52
     269.7      35.52
     271.7      35.52
     273.7      35.52
     275.7      35.52
     277.7      35.52
     279.7      35.52
     281.7      35.52
     283.7      35.52
     285.7      35.52
     287.7      35.52
     289.7      35.52
     291.7      35.52
     293.7      35.52
     295.8      35.52
     297.8      35.52
     299.8      35.52
     301.8      35.52
     303.8      35.52
     305.8      35.52
     307.8      35.52
     309.8      35.52
     311.8      35.52
     313.8      35.52
     315.8      35.52
     317.8      35.52
     319.8      35.52
     321.8      35.52
     323.8      35.52
     325.8      35.52
     327.8      35.52
     329.8      35.52
