     3.014  1.115e+09
     5.024  3.586e+08
     7.033  1.981e+08
     9.043  1.179e+08
     11.05  7.834e+07
     13.06  7.711e+07
     15.07  6.623e+07
     17.08  4.786e+07
     19.09    4.5e+07
      21.1   2.84e+07
     23.11   2.53e+07
     25.12  2.058e+07
     27.13  2.016e+07
     29.14  1.353e+07
     31.15  1.086e+07
     33.16  9.965e+06
     35.17   7.06e+06
     37.18  5.655e+06
     39.18  6.123e+06
     41.19  4.722e+06
      43.2  3.505e+06
     45.21  4.289e+06
     47.22  4.056e+06
     49.23  3.068e+06
     51.24  1.944e+06
     53.25  1.634e+06
     55.26  2.148e+06
     57.27  1.775e+06
     59.28  1.554e+06
     61.29  1.581e+06
      63.3   1.37e+06
     65.31  1.646e+06
     67.32  1.129e+06
     69.33  1.362e+06
     71.34  1.039e+06
     73.35    1.2e+06
     75.36  1.164e+06
     77.37  1.082e+06
     79.37  6.668e+05
     81.38  1.067e+06
     83.39  4.424e+05
      85.4   6.39e+05
     87.41  7.625e+05
     89.42  3.553e+05
     91.43  3.858e+05
     93.44  5.615e+05
     95.45  2.962e+05
     97.46  4.645e+05
     99.47  4.059e+05
     101.5  5.328e+05
     103.5   3.48e+05
     105.5    6.6e+05
     107.5    2.9e+05
     109.5  3.006e+05
     111.5  2.238e+05
     113.5   4.49e+05
     115.5  3.379e+05
     117.6  1.666e+05
     119.6  1.587e+05
     121.6  2.958e+05
     123.6   1.05e+05
     125.6  9.934e+04
     127.6  7.452e+04
     129.6  4.769e+04
     131.6  1.651e+05
     133.6  1.383e+05
     135.6  2.261e+05
     137.6  1.603e+05
     139.7  1.358e+05
     141.7  6.485e+04
     143.7  1.135e+05
     145.7  1.473e+05
     147.7  2.341e+05
     149.7  8.925e+04
     151.7  1.453e+05
     153.7   2.48e+05
     155.7  1.007e+05
     157.7  9.856e+04
     159.8  7.875e+04
     161.8  1.551e+05
     163.8  7.494e+04
     165.8  7.388e+04
     167.8  5.391e+04
     169.8  3.535e+04
     171.8  1.839e+04
     173.8  1.869e+04
     175.8          0
     177.8          0
     179.8  3.528e+04
     181.9  1.934e+04
     183.9  3.926e+04
     185.9  3.842e+04
     187.9  5.572e+04
     189.9  1.959e+04
     191.9  1.655e+04
     193.9          0
     195.9          0
     197.9  1.679e+04
     199.9  3.365e+04
       202          0
       204          0
       206          0
       208          0
       210          0
       212  1.593e+04
       214          0
       216          0
       218          0
       220          0
       222          0
     224.1          0
     226.1          0
     228.1  2.781e+04
     230.1          0
     232.1  1.577e+04
     234.1  5.283e+04
     236.1          0
     238.1   1.42e+04
     240.1   1.28e+04
     242.1  1.264e+04
     244.2  1.333e+04
     246.2          0
     248.2  1.215e+04
     250.2   4.75e+04
     252.2          0
     254.2          0
     256.2          0
     258.2          0
     260.2          0
     262.2  1.127e+04
     264.2          0
     266.3   2.24e+04
     268.3          0
     270.3          0
     272.3          0
     274.3          0
     276.3          0
     278.3          0
     280.3          0
     282.3          0
     284.3          0
     286.4          0
     288.4          0
     290.4          0
     292.4          0
     294.4          0
     296.4          0
     298.4          0
     300.4          0
     302.4          0
     304.4          0
     306.4          0
     308.5          0
     310.5          0
     312.5          0
     314.5          0
     316.5          0
     318.5          0
     320.5          0
     322.5          0
     324.5          0
     326.5          0
     328.6          0
     330.6          0
     332.6          0
     334.6          0
     336.6          0
     338.6          0
     340.6          0
     342.6          0
     344.6          0
     346.6          0
     348.6          0
     350.7          0
