     1.005   3.65e-16
     3.014   7.35e-17
     5.024  3.472e-17
     7.033   1.93e-17
     9.043   1.31e-17
     11.05  1.095e-17
     13.06  1.093e-17
     15.07  9.893e-18
     17.08  1.017e-17
     19.09  7.585e-18
      21.1  5.245e-18
     23.11  4.393e-18
     25.12  3.981e-18
     27.13  3.153e-18
     29.14  2.177e-18
     31.15  1.744e-18
     33.16  1.361e-18
     35.17  1.416e-18
     37.18  1.315e-18
     39.18  1.544e-18
     41.19  1.456e-18
      43.2   8.65e-19
     45.21  9.065e-19
     47.22  7.366e-19
     49.23  4.832e-19
     51.24  3.315e-19
     53.25   3.22e-19
     55.26  3.451e-19
     57.27  3.118e-19
     59.28  2.946e-19
     61.29  2.985e-19
      63.3  2.513e-19
     65.31  2.321e-19
     67.32  2.446e-19
     69.33  2.722e-19
     71.34  2.544e-19
     73.35  2.038e-19
     75.36  1.997e-19
     77.37  2.099e-19
     79.37  1.757e-19
     81.38   1.16e-19
     83.39  1.008e-19
      85.4   1.42e-19
     87.41  9.421e-20
     89.42  6.458e-20
     91.43  9.097e-20
     93.44  8.175e-20
     95.45  7.357e-20
     97.46  8.473e-20
     99.47  7.743e-20
     101.5  7.847e-20
     103.5  1.004e-19
     105.5  7.048e-20
     107.5  6.074e-20
     109.5  3.468e-20
     111.5   7.15e-20
     113.5  8.661e-20
     115.5  7.556e-20
     117.6   3.34e-20
     119.6  4.954e-20
     121.6  4.919e-20
     123.6  2.658e-20
     125.6  1.336e-20
     127.6  1.265e-20
     129.6  1.282e-20
     131.6  2.368e-20
     133.6  3.521e-20
     135.6   3.51e-20
     137.6  2.677e-20
     139.7  1.681e-20
     141.7  1.524e-20
     143.7  2.575e-20
     145.7  3.121e-20
     147.7   2.74e-20
     149.7  2.262e-20
     151.7  2.979e-20
     153.7  2.874e-20
     155.7  2.335e-20
     157.7  1.842e-20
     159.8  2.125e-20
     161.8  1.944e-20
     163.8  1.509e-20
     165.8  1.092e-20
     167.8  5.516e-21
     169.8  5.403e-21
     171.8  3.121e-21
     173.8  1.178e-21
     175.8  1.279e-22
     177.8  3.009e-21
     179.8  7.913e-21
     181.9  1.302e-20
     183.9  1.663e-20
     185.9  2.017e-20
     187.9  1.214e-20
     189.9  7.367e-21
     191.9  1.295e-21
     193.9  4.307e-23
     195.9  5.225e-21
     197.9  9.291e-21
     199.9   4.02e-21
       202  5.187e-22
       204      1e-23
       206      1e-23
       208   6.19e-23
       210  3.266e-21
       212  2.695e-21
       214  1.394e-22
       216      1e-23
       218      1e-23
       220      1e-23
       222      1e-23
     224.1  9.019e-22
     226.1  2.105e-21
     228.1  2.314e-21
     230.1  1.452e-21
     232.1  5.803e-21
     234.1  4.821e-21
     236.1  1.642e-21
     238.1  3.337e-21
     240.1  2.901e-21
     242.1  3.309e-21
     244.2    9.4e-22
     246.2   1.77e-21
     248.2  2.753e-20
     250.2  1.906e-20
     252.2  2.308e-21
     254.2  1.025e-23
     256.2  1.054e-23
     258.2  1.353e-22
     260.2  9.388e-22
     262.2  1.195e-21
     264.2  9.422e-22
     266.3  4.245e-21
     268.3  2.227e-22
     270.3      1e-23
     272.3      1e-23
     274.3      1e-23
     276.3      1e-23
     278.3      1e-23
     280.3      1e-23
     282.3      1e-23
     284.3      1e-23
     286.4      1e-23
     288.4      1e-23
     290.4      1e-23
     292.4      1e-23
     294.4      1e-23
     296.4      1e-23
     298.4      1e-23
     300.4      1e-23
     302.4      1e-23
     304.4      1e-23
     306.4      1e-23
     308.5      1e-23
     310.5      1e-23
     312.5      1e-23
     314.5      1e-23
     316.5      1e-23
     318.5      1e-23
     320.5      1e-23
     322.5      1e-23
     324.5      1e-23
     326.5      1e-23
     328.6      1e-23
     330.6      1e-23
     332.6      1e-23
     334.6      1e-23
     336.6      1e-23
     338.6      1e-23
     340.6      1e-23
     342.6      1e-23
     344.6      1e-23
     346.6      1e-23
     348.6      1e-23
     350.7      1e-23
