     1.005  2.804e+10
     3.014  7.048e+10
     5.024  9.323e+10
     7.033  1.108e+11
     9.043  1.243e+11
     11.05  1.352e+11
     13.06  1.479e+11
     15.07  1.605e+11
     17.08  1.708e+11
     19.09  1.817e+11
      21.1  1.893e+11
     23.11  1.966e+11
     25.12  2.032e+11
     27.13  2.101e+11
     29.14  2.151e+11
     31.15  2.193e+11
     33.16  2.235e+11
     35.17  2.266e+11
     37.18  2.293e+11
     39.18  2.323e+11
     41.19  2.348e+11
      43.2  2.367e+11
     45.21  2.391e+11
     47.22  2.415e+11
     49.23  2.435e+11
     51.24  2.447e+11
     53.25  2.458e+11
     55.26  2.473e+11
     57.27  2.486e+11
     59.28  2.498e+11
     61.29   2.51e+11
      63.3  2.521e+11
     65.31  2.534e+11
     67.32  2.544e+11
     69.33  2.556e+11
     71.34  2.565e+11
     73.35  2.576e+11
     75.36  2.587e+11
     77.37  2.598e+11
     79.37  2.605e+11
     81.38  2.616e+11
     83.39   2.62e+11
      85.4  2.627e+11
     87.41  2.636e+11
     89.42   2.64e+11
     91.43  2.644e+11
     93.44  2.651e+11
     95.45  2.654e+11
     97.46   2.66e+11
     99.47  2.665e+11
     101.5  2.672e+11
     103.5  2.676e+11
     105.5  2.685e+11
     107.5  2.689e+11
     109.5  2.693e+11
     111.5  2.696e+11
     113.5  2.703e+11
     115.5  2.708e+11
     117.6   2.71e+11
     119.6  2.713e+11
     121.6  2.717e+11
     123.6  2.719e+11
     125.6   2.72e+11
     127.6  2.722e+11
     129.6  2.722e+11
     131.6  2.725e+11
     133.6  2.727e+11
     135.6  2.731e+11
     137.6  2.734e+11
     139.7  2.737e+11
     141.7  2.738e+11
     143.7   2.74e+11
     145.7  2.742e+11
     147.7  2.747e+11
     149.7  2.749e+11
     151.7  2.751e+11
     153.7  2.756e+11
     155.7  2.758e+11
     157.7   2.76e+11
     159.8  2.762e+11
     161.8  2.765e+11
     163.8  2.766e+11
     165.8  2.768e+11
     167.8  2.769e+11
     169.8   2.77e+11
     171.8   2.77e+11
     173.8  2.771e+11
     175.8  2.771e+11
     177.8  2.771e+11
     179.8  2.771e+11
     181.9  2.772e+11
     183.9  2.773e+11
     185.9  2.774e+11
     187.9  2.775e+11
     189.9  2.775e+11
     191.9  2.776e+11
     193.9  2.776e+11
     195.9  2.776e+11
     197.9  2.776e+11
     199.9  2.777e+11
       202  2.777e+11
       204  2.777e+11
       206  2.777e+11
       208  2.777e+11
       210  2.777e+11
       212  2.778e+11
       214  2.778e+11
       216  2.778e+11
       218  2.778e+11
       220  2.778e+11
       222  2.778e+11
     224.1  2.778e+11
     226.1  2.778e+11
     228.1  2.778e+11
     230.1  2.778e+11
     232.1  2.779e+11
     234.1   2.78e+11
     236.1   2.78e+11
     238.1  2.781e+11
     240.1  2.781e+11
     242.1  2.782e+11
     244.2  2.782e+11
     246.2  2.782e+11
     248.2  2.782e+11
     250.2  2.784e+11
     252.2  2.784e+11
     254.2  2.784e+11
     256.2  2.784e+11
     258.2  2.784e+11
     260.2  2.784e+11
     262.2  2.784e+11
     264.2  2.784e+11
     266.3  2.785e+11
     268.3  2.785e+11
     270.3  2.785e+11
     272.3  2.785e+11
     274.3  2.785e+11
     276.3  2.785e+11
     278.3  2.785e+11
     280.3  2.785e+11
     282.3  2.785e+11
     284.3  2.785e+11
     286.4  2.785e+11
     288.4  2.785e+11
     290.4  2.785e+11
     292.4  2.785e+11
     294.4  2.785e+11
     296.4  2.785e+11
     298.4  2.785e+11
     300.4  2.785e+11
     302.4  2.785e+11
     304.4  2.785e+11
     306.4  2.785e+11
     308.5  2.785e+11
     310.5  2.785e+11
     312.5  2.785e+11
     314.5  2.785e+11
     316.5  2.785e+11
     318.5  2.785e+11
     320.5  2.785e+11
     322.5  2.785e+11
     324.5  2.785e+11
     326.5  2.785e+11
     328.6  2.785e+11
     330.6  2.785e+11
     332.6  2.785e+11
     334.6  2.785e+11
     336.6  2.785e+11
     338.6  2.785e+11
     340.6  2.785e+11
     342.6  2.785e+11
     344.6  2.785e+11
     346.6  2.785e+11
     348.6  2.785e+11
     350.7  2.785e+11
