     1.005      16.61
     3.014      18.35
     5.024      19.16
     7.033       19.8
     9.043      20.22
     11.05      20.42
     13.06      20.42
     15.07      20.53
     17.08       20.5
     19.09      20.82
      21.1      21.22
     23.11      21.41
     25.12      21.52
     27.13      21.77
     29.14      22.17
     31.15      22.41
     33.16      22.68
     35.17      22.64
     37.18      22.72
     39.18      22.54
     41.19      22.61
      43.2      23.17
     45.21      23.12
     47.22      23.35
     49.23      23.81
     51.24      24.21
     53.25      24.25
     55.26      24.17
     57.27      24.28
     59.28      24.34
     61.29      24.33
      63.3      24.52
     65.31       24.6
     67.32      24.55
     69.33      24.43
     71.34       24.5
     73.35      24.74
     75.36      24.77
     77.37      24.71
     79.37       24.9
     81.38      25.35
     83.39      25.51
      85.4      25.14
     87.41      25.58
     89.42      25.99
     91.43      25.62
     93.44      25.73
     95.45      25.85
     97.46       25.7
     99.47      25.79
     101.5      25.78
     103.5      25.51
     105.5       25.9
     107.5      26.06
     109.5      26.67
     111.5      25.88
     113.5      25.67
     115.5      25.82
     117.6      26.71
     119.6      26.28
     121.6      26.29
     123.6      26.95
     125.6       27.7
     127.6      27.76
     129.6      27.75
     131.6      27.08
     133.6      26.65
     135.6      26.65
     137.6      26.95
     139.7      27.45
     141.7      27.56
     143.7      26.99
     145.7      26.78
     147.7      26.92
     149.7      27.13
     151.7      26.83
     153.7      26.87
     155.7       27.1
     157.7      27.35
     159.8       27.2
     161.8      27.29
     163.8      27.57
     165.8      27.92
     167.8      28.66
     169.8      28.68
     171.8      29.28
     173.8      30.34
     175.8      32.75
     177.8      29.32
     179.8      28.27
     181.9      27.73
     183.9      27.46
     185.9      27.25
     187.9      27.81
     189.9      28.35
     191.9      30.24
     193.9      33.93
     195.9      28.72
     197.9       28.1
     199.9      29.01
       202      31.23
       204      35.52
       206      35.52
       208      33.54
       210      29.23
       212      29.44
       214      32.66
       216      35.52
       218      35.52
       220      35.52
       222      35.52
     224.1      30.63
     226.1      29.71
     228.1      29.61
     230.1      30.11
     232.1      28.61
     234.1      28.81
     236.1      29.98
     238.1      29.21
     240.1      29.36
     242.1      29.22
     244.2      30.58
     246.2       29.9
     248.2      26.92
     250.2      27.32
     252.2      29.61
     254.2      35.49
     256.2      35.46
     258.2      32.69
     260.2      30.58
     262.2      30.32
     264.2      30.58
     266.3      28.95
     268.3      32.15
     270.3      35.52
     272.3      35.52
     274.3      35.52
     276.3      35.52
     278.3      35.52
     280.3      35.52
     282.3      35.52
     284.3      35.52
     286.4      35.52
     288.4      35.52
     290.4      35.52
     292.4      35.52
     294.4      35.52
     296.4      35.52
     298.4      35.52
     300.4      35.52
     302.4      35.52
     304.4      35.52
     306.4      35.52
     308.5      35.52
     310.5      35.52
     312.5      35.52
     314.5      35.52
     316.5      35.52
     318.5      35.52
     320.5      35.52
     322.5      35.52
     324.5      35.52
     326.5      35.52
     328.6      35.52
     330.6      35.52
     332.6      35.52
     334.6      35.52
     336.6      35.52
     338.6      35.52
     340.6      35.52
     342.6      35.52
     344.6      35.52
     346.6      35.52
     348.6      35.52
     350.7      35.52
