     9.106  3.393e+08
     15.18  2.276e+08
     21.25  1.549e+08
     27.32  1.053e+08
     33.39  8.097e+07
     39.46  6.257e+07
     45.53  5.117e+07
      51.6   3.88e+07
     57.67  3.342e+07
     63.74  2.843e+07
     69.81   2.43e+07
     75.88  1.991e+07
     81.95  1.753e+07
     88.02  1.554e+07
     94.09  1.425e+07
     100.2  1.329e+07
     106.2  1.216e+07
     112.3  1.077e+07
     118.4  1.001e+07
     124.4  9.365e+06
     130.5  8.763e+06
     136.6  7.805e+06
     142.7  6.943e+06
     148.7  6.097e+06
     154.8  5.526e+06
     160.9  5.025e+06
     166.9  4.749e+06
       173  4.344e+06
     179.1  4.232e+06
     185.2   3.95e+06
     191.2   3.51e+06
     197.3  3.261e+06
     203.4  3.066e+06
     209.4  2.974e+06
     215.5  2.711e+06
     221.6  2.616e+06
     227.6  2.487e+06
     233.7  2.209e+06
     239.8  2.072e+06
     245.9  1.969e+06
     251.9  1.692e+06
       258  1.464e+06
     264.1  1.304e+06
     270.1  9.462e+05
     276.2  7.914e+05
     282.3  7.382e+05
     288.4  4.514e+05
     294.4   4.18e+05
     300.5   2.86e+05
     306.6  2.705e+05
     312.6  2.043e+05
     318.7   1.29e+05
     324.8  1.092e+05
     330.8  8.753e+04
     336.9  5.873e+04
       343   3.49e+04
     349.1   2.58e+04
