     3.035  8.068e-18
     9.106  5.047e-18
     15.18  3.511e-18
     21.25  2.511e-18
     27.32  1.861e-18
     33.39  1.632e-18
     39.46  1.203e-18
     45.53  8.575e-19
      51.6  7.368e-19
     57.67  5.517e-19
     63.74  5.009e-19
     69.81  3.878e-19
     75.88  3.187e-19
     81.95  2.878e-19
     88.02  2.552e-19
     94.09  2.206e-19
     100.2  2.149e-19
     106.2  1.962e-19
     112.3  1.751e-19
     118.4  1.731e-19
     124.4  1.738e-19
     130.5  1.386e-19
     136.6  1.206e-19
     142.7   1.06e-19
     148.7  9.492e-20
     154.8  8.518e-20
     160.9  8.246e-20
     166.9  7.135e-20
       173  7.321e-20
     179.1  6.466e-20
     185.2  6.091e-20
     191.2  5.554e-20
     197.3  5.166e-20
     203.4  5.007e-20
     209.4  5.332e-20
     215.5  5.772e-20
     221.6  4.162e-20
     227.6   3.66e-20
     233.7  3.144e-20
     239.8  3.067e-20
     245.9  2.837e-20
     251.9  2.955e-20
       258  3.045e-20
     264.1  3.034e-20
     270.1  2.323e-20
     276.2  2.535e-20
     282.3  2.154e-20
     288.4  1.941e-20
     294.4  1.891e-20
     300.5  1.734e-20
     306.6   1.77e-20
     312.6   1.54e-20
     318.7   1.33e-20
     324.8  1.191e-20
     330.8  1.421e-20
     336.9  1.094e-20
       343   1.83e-20
     349.1  9.609e-21
