     3.035  2.885e+10
     9.106  1.467e+11
     15.18  2.785e+11
     21.25   4.04e+11
     27.32  5.137e+11
     33.39  6.169e+11
     39.46   7.11e+11
     45.53  7.999e+11
      51.6  8.762e+11
     57.67  9.498e+11
     63.74  1.019e+12
     69.81  1.084e+12
     75.88  1.141e+12
     81.95  1.196e+12
     88.02  1.248e+12
     94.09  1.299e+12
     100.2   1.35e+12
     106.2  1.399e+12
     112.3  1.446e+12
     118.4  1.491e+12
     124.4  1.535e+12
     130.5  1.579e+12
     136.6  1.619e+12
     142.7  1.657e+12
     148.7  1.692e+12
     154.8  1.724e+12
     160.9  1.755e+12
     166.9  1.786e+12
       173  1.814e+12
     179.1  1.843e+12
     185.2  1.871e+12
     191.2  1.897e+12
     197.3  1.921e+12
     203.4  1.945e+12
     209.4  1.969e+12
     215.5  1.991e+12
     221.6  2.013e+12
     227.6  2.035e+12
     233.7  2.054e+12
     239.8  2.073e+12
     245.9  2.092e+12
     251.9  2.108e+12
       258  2.122e+12
     264.1  2.136e+12
     270.1  2.145e+12
     276.2  2.154e+12
     282.3  2.162e+12
     288.4  2.167e+12
     294.4  2.171e+12
     300.5  2.175e+12
     306.6  2.178e+12
     312.6   2.18e+12
     318.7  2.182e+12
     324.8  2.183e+12
     330.8  2.184e+12
     336.9  2.185e+12
       343  2.185e+12
     349.1  2.186e+12
