     3.035      20.75
     9.106      21.26
     15.18      21.65
     21.25      22.02
     27.32      22.34
     33.39      22.48
     39.46      22.82
     45.53      23.18
      51.6      23.35
     57.67      23.66
     63.74      23.77
     69.81      24.04
     75.88      24.26
     81.95      24.37
     88.02       24.5
     94.09      24.66
     100.2      24.69
     106.2      24.78
     112.3      24.91
     118.4      24.92
     124.4      24.92
     130.5      25.16
     136.6      25.31
     142.7      25.45
     148.7      25.57
     154.8      25.69
     160.9      25.73
     166.9      25.88
       173      25.85
     179.1      25.99
     185.2      26.05
     191.2      26.15
     197.3      26.23
     203.4      26.27
     209.4       26.2
     215.5      26.11
     221.6      26.47
     227.6      26.61
     233.7      26.77
     239.8       26.8
     245.9      26.88
     251.9      26.84
       258      26.81
     264.1      26.81
     270.1       27.1
     276.2      27.01
     282.3      27.18
     288.4       27.3
     294.4      27.32
     300.5      27.42
     306.6       27.4
     312.6      27.55
     318.7      27.71
     324.8      27.83
     330.8      27.63
     336.9      27.92
       343      27.36
     349.1      28.06
