     13.89  4.809e-18
     21.66   4.34e-18
     29.44  3.088e-18
     37.21  2.006e-18
     44.99   1.24e-18
     52.76  9.487e-19
     60.54  7.207e-19
     68.31   6.59e-19
     76.09  5.346e-19
     83.86  4.433e-19
     91.64  3.286e-19
     99.41   2.77e-19
     107.2  2.445e-19
       115  2.076e-19
     122.7  1.896e-19
     130.5  1.496e-19
     138.3  1.456e-19
     146.1  1.009e-19
     153.8  9.394e-20
     161.6  8.452e-20
     169.4  7.328e-20
     177.2  6.832e-20
     184.9   6.34e-20
     192.7  5.599e-20
     200.5  5.316e-20
     208.3  5.118e-20
       216  4.845e-20
     223.8  3.466e-20
     231.6  3.882e-20
     239.4  3.048e-20
     247.1  3.437e-20
     254.9   2.98e-20
     262.7  2.547e-20
     270.5  2.647e-20
     278.2  2.229e-20
       286  2.408e-20
     293.8  1.609e-20
     301.6  1.754e-20
     309.3  2.382e-20
     317.1   2.02e-20
     324.9  1.093e-20
     332.7  9.845e-21
     340.4  6.121e-21
     348.2  1.916e-20
