     13.89      21.31
     21.66      21.42
     29.44      21.79
     37.21      22.26
     44.99      22.78
     52.76      23.07
     60.54      23.37
     68.31      23.47
     76.09       23.7
     83.86       23.9
     91.64      24.22
     99.41      24.41
     107.2      24.55
       115      24.72
     122.7      24.82
     130.5      25.08
     138.3      25.11
     146.1      25.51
     153.8      25.58
     161.6       25.7
     169.4      25.85
     177.2      25.93
     184.9      26.01
     192.7      26.15
     200.5       26.2
     208.3      26.24
       216       26.3
     223.8      26.67
     231.6      26.54
     239.4      26.81
     247.1      26.68
     254.9      26.83
     262.7         27
     270.5      26.96
     278.2      27.15
       286      27.06
     293.8       27.5
     301.6      27.41
     309.3      27.07
     317.1      27.25
     324.9      27.92
     332.7      28.03
     340.4      28.55
     348.2      27.31
