     2.001  3.401e-17
     6.002  5.895e-18
        10  3.906e-18
        14  2.658e-18
        18  2.035e-18
     22.01  1.635e-18
     26.01  1.288e-18
     30.01  1.096e-18
     34.01  8.758e-19
     38.01  7.607e-19
     42.01   6.69e-19
     46.01  5.544e-19
     50.01  5.017e-19
     54.01  4.396e-19
     58.02  4.224e-19
     62.02  3.716e-19
     66.02  3.421e-19
     70.02   2.82e-19
     74.02  2.587e-19
     78.02  2.443e-19
     82.02  2.239e-19
     86.02  2.095e-19
     90.02  1.901e-19
     94.03  1.751e-19
     98.03  1.641e-19
       102  1.498e-19
       106  1.422e-19
       110  1.357e-19
       114  1.293e-19
       118  1.227e-19
       122  1.136e-19
       126  1.127e-19
       130  1.085e-19
       134  1.058e-19
       138   1.01e-19
       142   9.81e-20
       146  1.049e-19
       150  9.259e-20
       154  8.792e-20
       158  7.891e-20
       162   7.71e-20
       166  7.651e-20
       170  7.408e-20
       174  6.937e-20
       178  6.458e-20
     182.1  6.287e-20
     186.1  5.853e-20
     190.1  5.714e-20
     194.1  5.491e-20
     198.1  5.215e-20
     202.1  5.524e-20
     206.1   5.31e-20
     210.1  4.978e-20
     214.1   4.84e-20
     218.1   4.79e-20
     222.1  4.969e-20
     226.1  5.113e-20
     230.1   4.79e-20
     234.1  4.545e-20
     238.1  4.348e-20
     242.1   4.34e-20
     246.1  4.391e-20
     250.1  4.485e-20
     254.1  3.849e-20
     258.1  3.863e-20
     262.1  3.431e-20
     266.1  3.226e-20
     270.1  3.186e-20
     274.1   2.98e-20
     278.1  2.878e-20
     282.1  2.957e-20
     286.1  2.794e-20
     290.1  2.796e-20
     294.1  2.486e-20
     298.1  2.376e-20
     302.1  2.361e-20
     306.1  2.218e-20
     310.1  2.364e-20
     314.1  2.285e-20
     318.1  2.345e-20
     322.1  2.361e-20
     326.1   2.28e-20
     330.1  2.126e-20
     334.1  1.964e-20
     338.1   1.89e-20
     342.1  2.082e-20
     346.1  2.004e-20
     350.1  1.759e-20
