     2.001      19.19
     6.002      21.09
        10      21.54
        14      21.95
        18      22.24
     22.01      22.48
     26.01      22.74
     30.01      22.92
     34.01      23.16
     38.01      23.31
     42.01      23.45
     46.01      23.66
     50.01      23.76
     54.01      23.91
     58.02      23.95
     62.02      24.09
     66.02      24.18
     70.02      24.39
     74.02      24.48
     78.02      24.55
     82.02      24.64
     86.02      24.71
     90.02      24.82
     94.03      24.91
     98.03      24.98
       102      25.08
       106      25.13
       110      25.18
       114      25.24
       118      25.29
       122      25.38
       126      25.39
       130      25.43
       134      25.45
       138      25.51
       142      25.54
       146      25.46
       150       25.6
       154      25.66
       158      25.77
       162       25.8
       166      25.81
       170      25.84
       174      25.91
       178      25.99
     182.1      26.02
     186.1       26.1
     190.1      26.12
     194.1      26.17
     198.1      26.22
     202.1      26.16
     206.1       26.2
     210.1      26.27
     214.1       26.3
     218.1      26.32
     222.1      26.28
     226.1      26.24
     230.1      26.32
     234.1      26.37
     238.1      26.42
     242.1      26.42
     246.1      26.41
     250.1      26.39
     254.1      26.55
     258.1      26.55
     262.1      26.68
     266.1      26.74
     270.1      26.76
     274.1      26.83
     278.1      26.87
     282.1      26.84
     286.1       26.9
     290.1       26.9
     294.1      27.03
     298.1      27.08
     302.1      27.08
     306.1      27.15
     310.1      27.08
     314.1      27.12
     318.1      27.09
     322.1      27.08
     326.1      27.12
     330.1       27.2
     334.1      27.28
     338.1      27.32
     342.1      27.22
     346.1      27.26
     350.1       27.4
