     11.94  3.319e-18
     15.83   2.32e-18
     19.72  1.833e-18
     23.61  1.485e-18
     27.49  1.172e-18
     31.38  1.034e-18
     35.27  8.284e-19
     39.16  7.327e-19
     43.04  6.525e-19
     46.93  5.454e-19
     50.82  4.874e-19
     54.71  4.328e-19
     58.59  4.145e-19
     62.48  3.696e-19
     66.37  3.387e-19
     70.26  2.806e-19
     74.14  2.571e-19
     78.03  2.443e-19
     81.92  2.244e-19
     85.81  2.095e-19
     89.69   1.92e-19
     93.58   1.77e-19
     97.47  1.654e-19
     101.4  1.513e-19
     105.2  1.435e-19
     109.1  1.381e-19
       113  1.304e-19
     116.9  1.252e-19
     120.8   1.16e-19
     124.7   1.13e-19
     128.6  1.103e-19
     132.5  1.074e-19
     136.3  1.026e-19
     140.2  9.906e-20
     144.1  1.048e-19
       148  9.587e-20
     151.9  9.328e-20
     155.8  8.072e-20
     159.7  7.903e-20
     163.6  7.529e-20
     167.4  7.693e-20
     171.3  7.268e-20
     175.2  6.764e-20
     179.1   6.43e-20
       183  6.242e-20
     186.9  5.762e-20
     190.8  5.665e-20
     194.7   5.46e-20
     198.5  5.248e-20
     202.4  5.498e-20
     206.3  5.302e-20
     210.2  4.977e-20
     214.1  4.837e-20
       218  4.801e-20
     221.9  4.964e-20
     225.8   5.07e-20
     229.6  4.851e-20
     233.5  4.577e-20
     237.4   4.35e-20
     241.3  4.356e-20
     245.2  4.229e-20
     249.1  4.485e-20
       253  4.169e-20
     256.9  3.907e-20
     260.7  3.558e-20
     264.6  3.294e-20
     268.5  3.215e-20
     272.4  3.023e-20
     276.3  2.899e-20
     280.2  2.927e-20
     284.1  2.934e-20
       288  2.683e-20
     291.8  2.774e-20
     295.7  2.414e-20
     299.6  2.387e-20
     303.5  2.293e-20
     307.4  2.282e-20
     311.3  2.304e-20
     315.2  2.339e-20
     319.1   2.36e-20
     322.9  2.347e-20
     326.8  2.239e-20
     330.7  2.081e-20
     334.6  1.919e-20
     338.5   1.89e-20
     342.4  2.082e-20
     346.3  2.004e-20
     350.2  1.759e-20
