     11.94      21.71
     15.83       22.1
     19.72      22.36
     23.61      22.59
     27.49      22.84
     31.38      22.98
     35.27      23.22
     39.16      23.35
     43.04      23.48
     46.93      23.67
     50.82       23.8
     54.71      23.93
     58.59      23.97
     62.48       24.1
     66.37      24.19
     70.26       24.4
     74.14      24.49
     78.03      24.55
     81.92      24.64
     85.81      24.71
     89.69      24.81
     93.58       24.9
     97.47      24.97
     101.4      25.07
     105.2      25.12
     109.1      25.17
       113      25.23
     116.9      25.27
     120.8      25.36
     124.7      25.38
     128.6      25.41
     132.5      25.44
     136.3      25.49
     140.2      25.53
     144.1      25.47
       148      25.56
     151.9      25.59
     155.8      25.75
     159.7      25.77
     163.6      25.82
     167.4       25.8
     171.3      25.86
     175.2      25.94
     179.1         26
       183      26.03
     186.9      26.11
     190.8      26.13
     194.7      26.17
     198.5      26.22
     202.4      26.17
     206.3      26.21
     210.2      26.27
     214.1       26.3
       218      26.31
     221.9      26.28
     225.8      26.25
     229.6       26.3
     233.5      26.36
     237.4      26.42
     241.3      26.42
     245.2      26.45
     249.1      26.39
       253      26.47
     256.9      26.54
     260.7      26.64
     264.6      26.72
     268.5      26.75
     272.4      26.81
     276.3      26.86
     280.2      26.85
     284.1      26.85
       288      26.94
     291.8      26.91
     295.7      27.06
     299.6      27.07
     303.5      27.11
     307.4      27.12
     311.3      27.11
     315.2      27.09
     319.1      27.08
     322.9      27.09
     326.8      27.14
     330.7      27.22
     334.6      27.31
     338.5      27.33
     342.4      27.22
     346.3      27.26
     350.2       27.4
