     13.89  2.706e-18
     21.66  1.641e-18
     29.44  1.099e-18
     37.21  7.801e-19
     44.99  5.951e-19
     52.76  4.596e-19
     60.54  3.915e-19
     68.31  3.089e-19
     76.09  2.504e-19
     83.86   2.17e-19
     91.64   1.84e-19
     99.41  1.584e-19
     107.2  1.408e-19
       115  1.277e-19
     122.7  1.145e-19
     130.5  1.089e-19
     138.3  1.008e-19
     146.1  1.002e-19
     153.8  8.685e-20
     161.6  7.716e-20
     169.4  7.473e-20
     177.2  6.597e-20
     184.9  5.998e-20
     192.7  5.561e-20
     200.5  5.375e-20
     208.3  5.142e-20
       216  4.819e-20
     223.8  5.018e-20
     231.6  4.711e-20
     239.4  4.353e-20
     247.1  4.357e-20
     254.9  4.048e-20
     262.7   3.43e-20
     270.5  3.122e-20
     278.2  2.913e-20
       286  2.813e-20
     293.8    2.6e-20
     301.6  2.344e-20
     309.3  2.293e-20
     317.1  2.349e-20
     324.9  2.297e-20
     332.7  2.013e-20
     340.4  1.974e-20
     348.2  1.943e-20
