     13.89      21.94
     21.66      22.48
     29.44      22.91
     37.21      23.29
     44.99      23.58
     52.76      23.86
     60.54      24.03
     68.31      24.29
     76.09      24.52
     83.86      24.67
     91.64      24.85
     99.41      25.02
     107.2      25.14
       115      25.25
     122.7      25.37
     130.5      25.42
     138.3      25.51
     146.1      25.51
     153.8      25.67
     161.6       25.8
     169.4      25.83
     177.2      25.97
     184.9      26.07
     192.7      26.15
     200.5      26.19
     208.3      26.24
       216      26.31
     223.8      26.26
     231.6      26.33
     239.4      26.42
     247.1      26.42
     254.9       26.5
     262.7      26.68
     270.5      26.78
     278.2      26.86
       286      26.89
     293.8      26.98
     301.6      27.09
     309.3      27.12
     317.1      27.09
     324.9      27.11
     332.7      27.26
     340.4      27.28
     348.2      27.29
