        12  2.749e+08
     20.01  1.682e+08
     28.01  1.046e+08
     36.01   7.34e+07
     44.01  5.408e+07
     52.01  3.937e+07
     60.02  3.155e+07
     68.02  2.588e+07
     76.02  2.024e+07
     84.02  1.693e+07
     92.03  1.459e+07
       100   1.34e+07
       108  1.176e+07
       116  1.038e+07
       124  9.378e+06
       132  8.608e+06
       140  7.355e+06
       148  6.324e+06
       156  5.433e+06
       164  4.926e+06
       172  4.464e+06
       180  4.173e+06
     188.1  3.797e+06
     196.1   3.32e+06
     204.1  3.055e+06
     212.1  2.854e+06
     220.1  2.646e+06
     228.1  2.517e+06
     236.1  2.152e+06
     244.1  2.009e+06
     252.1  1.739e+06
     260.1  1.427e+06
     268.1  1.136e+06
     276.1      8e+05
     284.1  6.783e+05
     292.1  4.352e+05
     300.1   3.18e+05
     308.1  2.626e+05
     316.1   1.75e+05
     324.1  1.078e+05
     332.1  8.527e+04
     340.1  4.361e+04
     348.1  3.297e+04
