     4.001  7.255e-18
        12  4.137e-18
     20.01  2.704e-18
     28.01  1.811e-18
     36.01  1.453e-18
     44.01  9.405e-19
     52.01  7.128e-19
     60.02  4.999e-19
     68.02  4.457e-19
     76.02  3.137e-19
     84.02  2.784e-19
     92.03  2.327e-19
       100   2.13e-19
       108  1.881e-19
       116   1.73e-19
       124  1.723e-19
       132  1.337e-19
       140  1.123e-19
       148   9.63e-20
       156  8.535e-20
       164  7.601e-20
       172  7.208e-20
       180  6.431e-20
     188.1  5.827e-20
     196.1  5.192e-20
     204.1  5.037e-20
     212.1   6.13e-20
     220.1  4.181e-20
     228.1  3.603e-20
     236.1  3.088e-20
     244.1  2.907e-20
     252.1  2.948e-20
     260.1  3.079e-20
     268.1   2.59e-20
     276.1   2.49e-20
     284.1  2.048e-20
     292.1  1.914e-20
     300.1  1.778e-20
     308.1  1.643e-20
     316.1  1.472e-20
     324.1  1.241e-20
     332.1  1.288e-20
     340.1   1.46e-20
     348.1  1.272e-20
