     4.001  4.366e+10
        12  2.096e+11
     20.01  3.788e+11
     28.01  5.261e+11
     36.01   6.59e+11
     44.01  7.786e+11
     52.01  8.816e+11
     60.02  9.768e+11
     68.02  1.065e+12
     76.02  1.143e+12
     84.02  1.214e+12
     92.03  1.282e+12
       100  1.349e+12
       108  1.413e+12
       116  1.474e+12
       124  1.532e+12
       132  1.589e+12
       140  1.641e+12
       148  1.688e+12
       156  1.731e+12
       164  1.771e+12
       172   1.81e+12
       180  1.848e+12
     188.1  1.884e+12
     196.1  1.916e+12
     204.1  1.948e+12
     212.1  1.978e+12
     220.1  2.007e+12
     228.1  2.036e+12
     236.1  2.062e+12
     244.1  2.086e+12
     252.1  2.108e+12
     260.1  2.127e+12
     268.1  2.142e+12
     276.1  2.154e+12
     284.1  2.163e+12
     292.1   2.17e+12
     300.1  2.174e+12
     308.1  2.178e+12
     316.1  2.181e+12
     324.1  2.183e+12
     332.1  2.184e+12
     340.1  2.185e+12
     348.1  2.186e+12
