     4.001      20.86
        12      21.47
     20.01      21.94
     28.01      22.37
     36.01      22.61
     44.01      23.08
     52.01      23.38
     60.02      23.77
     68.02      23.89
     76.02      24.27
     84.02       24.4
     92.03       24.6
       100      24.69
       108      24.83
       116      24.92
       124      24.93
       132       25.2
       140      25.39
       148      25.56
       156      25.69
       164      25.81
       172      25.87
       180         26
     188.1       26.1
     196.1      26.23
     204.1      26.26
     212.1      26.05
     220.1      26.46
     228.1      26.62
     236.1      26.79
     244.1      26.86
     252.1      26.84
     260.1      26.79
     268.1      26.98
     276.1      27.03
     284.1      27.24
     292.1      27.31
     300.1      27.39
     308.1      27.48
     316.1       27.6
     324.1      27.78
     332.1      27.74
     340.1      27.61
     348.1      27.75
