     3.029  6.836e+08
     5.049  1.796e+08
     7.069  7.798e+07
     9.088   3.61e+07
     11.11  2.074e+07
     13.13  1.116e+07
     15.15  1.171e+07
     17.17  6.286e+06
     19.19  5.206e+06
     21.21  4.774e+06
     23.23  5.256e+06
     25.25  4.279e+06
     27.26  3.886e+06
     29.28  3.479e+06
      31.3  3.385e+06
     33.32  3.865e+06
     35.34  3.543e+06
     37.36  1.757e+06
     39.38  1.401e+06
      41.4  1.997e+06
     43.42  1.727e+06
     45.44  1.132e+06
     47.46  1.598e+06
     49.48  2.101e+06
      51.5  1.197e+06
     53.52  1.678e+06
     55.54  1.608e+06
     57.56   1.38e+06
     59.58   1.13e+06
      61.6  1.256e+06
     63.62  1.175e+06
     65.64  8.898e+05
     67.66  9.384e+05
     69.68  9.357e+05
      71.7  1.121e+06
     73.72  1.437e+06
     75.74  1.055e+06
     77.75  1.308e+06
     79.77  1.311e+06
     81.79  9.348e+05
     83.81  7.049e+05
     85.83  6.531e+05
     87.85  1.258e+06
     89.87  4.563e+05
     91.89  6.327e+05
     93.91  4.602e+05
     95.93   2.51e+05
     97.95  2.914e+05
     99.97  4.009e+05
       102  5.529e+05
       104  3.366e+05
       106  5.568e+05
       108  8.869e+05
     110.1  1.114e+06
     112.1  9.749e+05
     114.1  1.051e+06
     116.1  6.188e+05
     118.1  8.825e+05
     120.2   5.64e+05
     122.2  2.557e+05
     124.2  1.271e+05
     126.2  1.475e+05
     128.2  9.521e+04
     130.3  6.914e+04
     132.3  2.429e+04
     134.3          0
     136.3  4.456e+04
     138.3  4.413e+04
     140.4  2.136e+04
     142.4          0
     144.4          0
     146.4  6.112e+04
     148.4          0
     150.5          0
     152.5          0
     154.5          0
     156.5          0
     158.5          0
     160.6          0
     162.6          0
     164.6          0
     166.6          0
     168.6          0
     170.7          0
     172.7          0
     174.7          0
     176.7          0
     178.7          0
     180.8          0
     182.8          0
     184.8          0
     186.8          0
     188.8          0
     190.9          0
     192.9          0
     194.9          0
