      1.01  1.732e-16
     3.029  2.128e-17
     5.049  7.717e-18
     7.069  4.594e-18
     9.088  2.573e-18
     11.11  1.414e-18
     13.13  8.105e-19
     15.15  7.747e-19
     17.17  5.099e-19
     19.19  3.322e-19
     21.21  2.562e-19
     23.23   2.18e-19
     25.25  1.818e-19
     27.26  1.881e-19
     29.28  1.324e-19
      31.3  1.672e-19
     33.32  1.703e-19
     35.34  1.408e-19
     37.36  6.837e-20
     39.38    1.4e-19
      41.4  3.295e-19
     43.42  1.584e-19
     45.44  1.243e-19
     47.46  1.343e-19
     49.48  1.545e-19
      51.5  1.223e-19
     53.52  8.535e-20
     55.54  7.508e-20
     57.56  5.568e-20
     59.58  7.601e-20
      61.6  6.394e-20
     63.62  7.805e-20
     65.64  5.047e-20
     67.66  5.342e-20
     69.68  5.289e-20
      71.7   6.98e-20
     73.72   6.81e-20
     75.74  5.927e-20
     77.75  9.162e-20
     79.77  7.994e-20
     81.79  6.024e-20
     83.81  9.067e-20
     85.83  1.455e-19
     87.85  7.974e-20
     89.87  3.621e-20
     91.89  3.683e-20
     93.91  2.938e-20
     95.93  2.021e-20
     97.95  2.531e-20
     99.97  3.105e-20
       102  3.208e-20
       104  2.844e-20
       106  4.284e-20
       108  6.848e-20
     110.1  6.627e-20
     112.1  5.175e-20
     114.1  4.314e-20
     116.1  5.101e-20
     118.1  4.826e-20
     120.2  2.091e-20
     122.2  1.404e-20
     124.2  8.637e-21
     126.2  5.183e-21
     128.2  4.264e-21
     130.3  2.176e-21
     132.3  1.309e-21
     134.3  8.811e-22
     136.3  1.941e-21
     138.3   2.25e-21
     140.4  5.532e-23
     142.4  4.211e-23
     144.4  1.717e-21
     146.4  2.469e-21
     148.4  3.474e-23
     150.5      1e-23
     152.5      1e-23
     154.5      1e-23
     156.5      1e-23
     158.5      1e-23
     160.6      1e-23
     162.6      1e-23
     164.6      1e-23
     166.6      1e-23
     168.6      1e-23
     170.7      1e-23
     172.7      1e-23
     174.7      1e-23
     176.7      1e-23
     178.7      1e-23
     180.8      1e-23
     182.8      1e-23
     184.8      1e-23
     186.8      1e-23
     188.8      1e-23
     190.9      1e-23
     192.9      1e-23
     194.9      1e-23
