      1.01  1.978e+10
     3.029  4.606e+10
     5.049  5.757e+10
     7.069  6.456e+10
     9.088  6.873e+10
     11.11  7.165e+10
     13.13  7.351e+10
     15.15  7.576e+10
     17.17  7.713e+10
     19.19  7.839e+10
     21.21  7.968e+10
     23.23  8.123e+10
     25.25   8.26e+10
     27.26  8.394e+10
     29.28  8.524e+10
      31.3  8.658e+10
     33.32  8.822e+10
     35.34   8.98e+10
     37.36  9.064e+10
     39.38  9.134e+10
      41.4  9.239e+10
     43.42  9.334e+10
     45.44  9.399e+10
     47.46  9.495e+10
     49.48  9.627e+10
      51.5  9.706e+10
     53.52  9.819e+10
     55.54  9.933e+10
     57.56  1.003e+11
     59.58  1.012e+11
      61.6  1.022e+11
     63.62  1.031e+11
     65.64  1.039e+11
     67.66  1.047e+11
     69.68  1.055e+11
      71.7  1.065e+11
     73.72  1.079e+11
     75.74  1.089e+11
     77.75  1.102e+11
     79.77  1.115e+11
     81.79  1.125e+11
     83.81  1.132e+11
     85.83  1.139e+11
     87.85  1.153e+11
     89.87  1.158e+11
     91.89  1.166e+11
     93.91  1.171e+11
     95.93  1.174e+11
     97.95  1.178e+11
     99.97  1.183e+11
       102   1.19e+11
       104  1.195e+11
       106  1.202e+11
       108  1.214e+11
     110.1   1.23e+11
     112.1  1.244e+11
     114.1  1.259e+11
     116.1  1.268e+11
     118.1  1.281e+11
     120.2   1.29e+11
     122.2  1.294e+11
     124.2  1.296e+11
     126.2  1.298e+11
     128.2    1.3e+11
     130.3  1.301e+11
     132.3  1.301e+11
     134.3  1.301e+11
     136.3  1.302e+11
     138.3  1.303e+11
     140.4  1.303e+11
     142.4  1.303e+11
     144.4  1.303e+11
     146.4  1.304e+11
     148.4  1.304e+11
     150.5  1.304e+11
     152.5  1.304e+11
     154.5  1.304e+11
     156.5  1.304e+11
     158.5  1.304e+11
     160.6  1.304e+11
     162.6  1.304e+11
     164.6  1.304e+11
     166.6  1.304e+11
     168.6  1.304e+11
     170.7  1.304e+11
     172.7  1.304e+11
     174.7  1.304e+11
     176.7  1.304e+11
     178.7  1.304e+11
     180.8  1.304e+11
     182.8  1.304e+11
     184.8  1.304e+11
     186.8  1.304e+11
     188.8  1.304e+11
     190.9  1.304e+11
     192.9  1.304e+11
     194.9  1.304e+11
