      1.01      17.42
     3.029       19.7
     5.049       20.8
     7.069      21.36
     9.088      21.99
     11.11      22.64
     13.13      23.24
     15.15      23.29
     17.17      23.75
     19.19      24.21
     21.21      24.49
     23.23      24.67
     25.25      24.87
     27.26      24.83
     29.28      25.21
      31.3      24.96
     33.32      24.94
     35.34      25.14
     37.36      25.93
     39.38      25.15
      41.4      24.22
     43.42      25.02
     45.44      25.28
     47.46       25.2
     49.48      25.04
      51.5       25.3
     53.52      25.69
     55.54      25.83
     57.56      26.15
     59.58      25.81
      61.6         26
     63.62      25.79
     65.64      26.26
     67.66       26.2
     69.68      26.21
      71.7      25.91
     73.72      25.93
     75.74      26.08
     77.75      25.61
     79.77      25.76
     81.79      26.07
     83.81      25.62
     85.83      25.11
     87.85      25.76
     89.87      26.62
     91.89       26.6
     93.91      26.85
     95.93      27.25
     97.95      27.01
     99.97      26.79
       102      26.75
       104      26.88
       106      26.44
       108      25.93
     110.1      25.96
     112.1      26.23
     114.1      26.43
     116.1      26.25
     118.1      26.31
     120.2      27.22
     122.2      27.65
     124.2      28.18
     126.2      28.73
     128.2      28.94
     130.3      29.67
     132.3      30.22
     134.3      30.65
     136.3       29.8
     138.3      29.64
     140.4      33.66
     142.4      33.96
     144.4      29.93
     146.4      29.53
     148.4      34.16
     150.5      35.52
     152.5      35.52
     154.5      35.52
     156.5      35.52
     158.5      35.52
     160.6      35.52
     162.6      35.52
     164.6      35.52
     166.6      35.52
     168.6      35.52
     170.7      35.52
     172.7      35.52
     174.7      35.52
     176.7      35.52
     178.7      35.52
     180.8      35.52
     182.8      35.52
     184.8      35.52
     186.8      35.52
     188.8      35.52
     190.9      35.52
     192.9      35.52
     194.9      35.52
