     3.003   8.43e+08
     5.006  1.677e+08
     7.008  8.995e+07
      9.01  5.799e+07
     11.01  3.648e+07
     13.01  2.471e+07
     15.02  1.789e+07
     17.02  1.188e+07
     19.02  7.149e+06
     21.02  4.313e+06
     23.03  3.186e+06
     25.03  4.235e+06
     27.03  3.765e+06
     29.03  3.614e+06
     31.03  3.276e+06
     33.04   4.45e+06
     35.04  2.868e+06
     37.04  2.663e+06
     39.04  2.387e+06
     41.05  1.893e+06
     43.05  2.573e+06
     45.05  1.491e+06
     47.05  1.175e+06
     49.05  7.396e+05
     51.06   3.82e+05
     53.06  4.055e+05
     55.06  5.615e+05
     57.06  1.123e+05
     59.07  5.749e+05
     61.07  3.027e+05
     63.07  3.105e+05
     65.07  5.103e+05
     67.07  1.154e+06
     69.08  6.189e+05
     71.08  8.559e+04
     73.08   1.68e+05
     75.08  2.702e+05
     77.08  3.887e+04
     79.09  2.031e+05
     81.09  1.489e+05
     83.09  1.849e+05
     85.09  1.441e+05
      87.1  7.129e+04
      89.1  3.341e+04
      91.1  9.821e+04
      93.1  3.415e+04
      95.1  3.402e+04
     97.11  2.053e+05
     99.11  1.217e+05
     101.1  3.195e+04
     103.1  5.849e+04
     105.1  5.816e+04
     107.1  1.123e+05
     109.1  1.383e+05
     111.1  1.076e+05
     113.1  1.067e+05
     115.1  1.558e+05
     117.1  1.296e+05
     119.1  7.504e+04
     121.1  1.742e+05
     123.1  1.715e+05
     125.1  1.071e+05
     127.1  9.416e+04
     129.1  2.296e+04
     131.1  4.627e+04
     133.1  2.205e+04
     135.1  6.723e+04
     137.2  4.413e+04
     139.2  4.202e+04
     141.2  6.352e+04
     143.2  2.106e+04
     145.2  6.222e+04
     147.2          0
     149.2  3.977e+04
     151.2  5.864e+04
     153.2  1.971e+04
     155.2   7.61e+04
     157.2  1.863e+04
     159.2  1.964e+04
     161.2  5.567e+04
     163.2          0
     165.2  2.101e+04
     167.2  1.744e+04
     169.2  5.285e+04
     171.2  3.449e+04
     173.2  5.129e+04
     175.2  5.146e+04
     177.2    8.7e+04
     179.2  5.059e+04
     181.2  1.646e+05
     183.2  9.796e+04
     185.2  3.341e+04
     187.2          0
     189.2  4.762e+04
     191.2  3.153e+04
     193.2  3.055e+04
     195.2  4.516e+04
     197.2  1.484e+04
     199.2  3.349e+04
     201.2   1.47e+04
     203.2          0
     205.2  1.446e+04
     207.2  2.887e+04
     209.2  1.425e+04
     211.2          0
     213.2          0
     215.2          0
     217.2          0
     219.2          0
     221.2          0
     223.2          0
     225.2          0
     227.3          0
     229.3          0
     231.3          0
     233.3          0
     235.3          0
     237.3          0
     239.3          0
     241.3          0
     243.3          0
     245.3          0
     247.3          0
     249.3          0
     251.3          0
     253.3          0
     255.3          0
     257.3          0
     259.3          0
     261.3          0
     263.3          0
     265.3          0
     267.3          0
     269.3          0
     271.3          0
     273.3          0
