     1.001  2.935e-16
     3.003  2.905e-17
     5.006  1.167e-17
     7.008  5.622e-18
      9.01  4.697e-18
     11.01  3.513e-18
     13.01  1.533e-18
     15.02  1.319e-18
     17.02  7.627e-19
     19.02   4.88e-19
     21.02  2.917e-19
     23.03  3.039e-19
     25.03  4.283e-19
     27.03  2.606e-19
     29.03  2.596e-19
     31.03  3.181e-19
     33.04  3.281e-19
     35.04  2.321e-19
     37.04  1.811e-19
     39.04  1.756e-19
     41.05  1.839e-19
     43.05  1.622e-19
     45.05  1.311e-19
     47.05  9.128e-20
     49.05  3.897e-20
     51.06  4.115e-20
     53.06  3.412e-20
     55.06  3.655e-20
     57.06  3.167e-20
     59.07  3.206e-20
     61.07  4.095e-20
     63.07  5.025e-20
     65.07  6.556e-20
     67.07  8.323e-20
     69.08  3.433e-20
     71.08  1.043e-20
     73.08  2.417e-20
     75.08  1.562e-20
     77.08  1.034e-20
     79.09  1.735e-20
     81.09  1.475e-20
     83.09   1.11e-20
     85.09  1.441e-20
      87.1  4.847e-21
      89.1  5.795e-21
      91.1  4.589e-21
      93.1  3.279e-21
      95.1  1.088e-20
     97.11  1.706e-20
     99.11  7.916e-21
     101.1  3.775e-21
     103.1  5.696e-21
     105.1  7.948e-21
     107.1   8.81e-21
     109.1  1.367e-20
     111.1  6.196e-21
     113.1  8.718e-21
     115.1   1.13e-20
     117.1  1.078e-20
     119.1  7.785e-21
     121.1  1.148e-20
     123.1  1.274e-20
     125.1  5.697e-21
     127.1    5.5e-21
     129.1  2.384e-21
     131.1  2.368e-21
     133.1  2.805e-21
     135.1  4.144e-21
     137.2  3.181e-21
     139.2  4.359e-21
     141.2  1.849e-21
     143.2  3.536e-21
     145.2  1.928e-21
     147.2  9.723e-22
     149.2  2.805e-21
     151.2  3.942e-21
     153.2  4.189e-21
     155.2  3.218e-21
     157.2   1.41e-21
     159.2  1.601e-21
     161.2  2.483e-21
     163.2   6.04e-22
     165.2   1.98e-21
     167.2  2.184e-21
     169.2  2.654e-21
     171.2  2.359e-21
     173.2  5.058e-21
     175.2  4.274e-21
     177.2  5.414e-21
     179.2  7.932e-21
     181.2  7.536e-21
     183.2  4.902e-21
     185.2  1.633e-21
     187.2  1.166e-21
     189.2   3.21e-21
     191.2  2.641e-21
     193.2   3.14e-21
     195.2  1.898e-21
     197.2  1.152e-21
     199.2  2.761e-21
     201.2  4.224e-22
     203.2  1.351e-21
     205.2  2.908e-21
     207.2  1.061e-21
     209.2  1.451e-21
     211.2  6.537e-23
     213.2      1e-23
     215.2      1e-23
     217.2      1e-23
     219.2      1e-23
     221.2      1e-23
     223.2      1e-23
     225.2      1e-23
     227.3      1e-23
     229.3      1e-23
     231.3      1e-23
     233.3      1e-23
     235.3      1e-23
     237.3      1e-23
     239.3      1e-23
     241.3      1e-23
     243.3      1e-23
     245.3      1e-23
     247.3      1e-23
     249.3      1e-23
     251.3      1e-23
     253.3      1e-23
     255.3      1e-23
     257.3      1e-23
     259.3      1e-23
     261.3      1e-23
     263.3      1e-23
     265.3      1e-23
     267.3      1e-23
     269.3      1e-23
     271.3      1e-23
     273.3      1e-23
