     1.001  2.032e+10
     3.003  5.217e+10
     5.006  6.273e+10
     7.008  7.066e+10
      9.01  7.723e+10
     11.01  8.228e+10
     13.01  8.633e+10
     15.02  8.971e+10
     17.02  9.225e+10
     19.02  9.396e+10
     21.02   9.51e+10
     23.03  9.603e+10
     25.03  9.736e+10
     27.03  9.864e+10
     29.03  9.996e+10
     31.03  1.012e+11
     33.04  1.031e+11
     35.04  1.044e+11
     37.04  1.056e+11
     39.04  1.068e+11
     41.05  1.077e+11
     43.05  1.091e+11
     45.05    1.1e+11
     47.05  1.107e+11
     49.05  1.111e+11
     51.06  1.114e+11
     53.06  1.117e+11
     55.06   1.12e+11
     57.06  1.121e+11
     59.07  1.125e+11
     61.07  1.128e+11
     63.07   1.13e+11
     65.07  1.134e+11
     67.07  1.144e+11
     69.08   1.15e+11
     71.08   1.15e+11
     73.08  1.152e+11
     75.08  1.154e+11
     77.08  1.155e+11
     79.09  1.157e+11
     81.09  1.158e+11
     83.09   1.16e+11
     85.09  1.162e+11
      87.1  1.163e+11
      89.1  1.163e+11
      91.1  1.164e+11
      93.1  1.164e+11
      95.1  1.165e+11
     97.11  1.167e+11
     99.11  1.169e+11
     101.1  1.169e+11
     103.1   1.17e+11
     105.1  1.171e+11
     107.1  1.172e+11
     109.1  1.174e+11
     111.1  1.176e+11
     113.1  1.177e+11
     115.1   1.18e+11
     117.1  1.181e+11
     119.1  1.183e+11
     121.1  1.185e+11
     123.1  1.188e+11
     125.1   1.19e+11
     127.1  1.191e+11
     129.1  1.191e+11
     131.1  1.192e+11
     133.1  1.193e+11
     135.1  1.194e+11
     137.2  1.194e+11
     139.2  1.195e+11
     141.2  1.196e+11
     143.2  1.197e+11
     145.2  1.198e+11
     147.2  1.198e+11
     149.2  1.199e+11
     151.2    1.2e+11
     153.2    1.2e+11
     155.2  1.202e+11
     157.2  1.202e+11
     159.2  1.202e+11
     161.2  1.203e+11
     163.2  1.203e+11
     165.2  1.204e+11
     167.2  1.204e+11
     169.2  1.205e+11
     171.2  1.206e+11
     173.2  1.207e+11
     175.2  1.208e+11
     177.2   1.21e+11
     179.2  1.211e+11
     181.2  1.215e+11
     183.2  1.218e+11
     185.2  1.218e+11
     187.2  1.218e+11
     189.2  1.219e+11
     191.2   1.22e+11
     193.2  1.221e+11
     195.2  1.222e+11
     197.2  1.222e+11
     199.2  1.223e+11
     201.2  1.224e+11
     203.2  1.224e+11
     205.2  1.224e+11
     207.2  1.225e+11
     209.2  1.225e+11
     211.2  1.225e+11
     213.2  1.225e+11
     215.2  1.225e+11
     217.2  1.225e+11
     219.2  1.225e+11
     221.2  1.225e+11
     223.2  1.225e+11
     225.2  1.225e+11
     227.3  1.225e+11
     229.3  1.225e+11
     231.3  1.225e+11
     233.3  1.225e+11
     235.3  1.225e+11
     237.3  1.225e+11
     239.3  1.225e+11
     241.3  1.225e+11
     243.3  1.225e+11
     245.3  1.225e+11
     247.3  1.225e+11
     249.3  1.225e+11
     251.3  1.225e+11
     253.3  1.225e+11
     255.3  1.225e+11
     257.3  1.225e+11
     259.3  1.225e+11
     261.3  1.225e+11
     263.3  1.225e+11
     265.3  1.225e+11
     267.3  1.225e+11
     269.3  1.225e+11
     271.3  1.225e+11
     273.3  1.225e+11
