     1.001      16.85
     3.003      19.36
     5.006      20.35
     7.008      21.14
      9.01      21.34
     11.01      21.65
     13.01      22.55
     15.02      22.72
     17.02      23.31
     19.02      23.79
     21.02      24.35
     23.03      24.31
     25.03      23.94
     27.03      24.48
     29.03      24.48
     31.03      24.26
     33.04      24.23
     35.04       24.6
     37.04      24.87
     39.04       24.9
     41.05      24.85
     43.05      24.99
     45.05      25.22
     47.05      25.62
     49.05      26.54
     51.06      26.48
     53.06      26.68
     55.06      26.61
     57.06      26.76
     59.07      26.75
     61.07      26.49
     63.07      26.26
     65.07      25.97
     67.07      25.72
     69.08      26.68
     71.08      27.97
     73.08      27.06
     75.08      27.53
     77.08      27.98
     79.09      27.42
     81.09      27.59
     83.09       27.9
     85.09      27.62
      87.1       28.8
      89.1      28.61
      91.1      28.86
      93.1      29.23
      95.1      27.92
     97.11      27.44
     99.11      28.27
     101.1      29.07
     103.1      28.63
     105.1      28.27
     107.1      28.15
     109.1      27.68
     111.1      28.54
     113.1      28.17
     115.1      27.88
     117.1      27.93
     119.1      28.29
     121.1      27.87
     123.1      27.75
     125.1      28.63
     127.1      28.67
     129.1      29.57
     131.1      29.58
     133.1       29.4
     135.1      28.97
     137.2      29.26
     139.2      28.92
     141.2      29.85
     143.2      29.14
     145.2       29.8
     147.2      30.55
     149.2       29.4
     151.2      29.03
     153.2      28.96
     155.2      29.25
     157.2      30.14
     159.2         30
     161.2      29.53
     163.2      31.06
     165.2      29.77
     167.2      29.67
     169.2      29.46
     171.2      29.58
     173.2      28.76
     175.2      28.94
     177.2      28.68
     179.2      28.27
     181.2      28.32
     183.2      28.79
     185.2      29.98
     187.2      30.35
     189.2      29.25
     191.2      29.46
     193.2      29.27
     195.2      29.82
     197.2      30.36
     199.2      29.41
     201.2      31.45
     203.2      30.19
     205.2      29.36
     207.2      30.45
     209.2      30.11
     211.2      33.48
     213.2      35.52
     215.2      35.52
     217.2      35.52
     219.2      35.52
     221.2      35.52
     223.2      35.52
     225.2      35.52
     227.3      35.52
     229.3      35.52
     231.3      35.52
     233.3      35.52
     235.3      35.52
     237.3      35.52
     239.3      35.52
     241.3      35.52
     243.3      35.52
     245.3      35.52
     247.3      35.52
     249.3      35.52
     251.3      35.52
     253.3      35.52
     255.3      35.52
     257.3      35.52
     259.3      35.52
     261.3      35.52
     263.3      35.52
     265.3      35.52
     267.3      35.52
     269.3      35.52
     271.3      35.52
     273.3      35.52
