     16.92  3.288e-18
     20.75  2.664e-18
     24.58  2.008e-18
     28.41  1.829e-18
     32.24  1.606e-18
     36.07  1.543e-18
      39.9   1.19e-18
     43.73  9.277e-19
     47.56  7.944e-19
     51.39  7.344e-19
     55.22  6.187e-19
     59.05   5.06e-19
     62.88  4.962e-19
     66.71  5.035e-19
     70.54  3.484e-19
     74.38  3.263e-19
     78.21  3.027e-19
     82.04  2.908e-19
     85.87  2.636e-19
      89.7  2.466e-19
     93.53  2.238e-19
     97.36   2.12e-19
     101.2  2.155e-19
       105  2.059e-19
     108.9  1.823e-19
     112.7  1.753e-19
     116.5  1.738e-19
     120.3  1.701e-19
     124.2  1.839e-19
       128   1.47e-19
     131.8  1.341e-19
     135.7  1.221e-19
     139.5  1.161e-19
     143.3  1.032e-19
     147.2  9.761e-20
       151   8.98e-20
     154.8  8.473e-20
     158.6   8.63e-20
     162.5  7.951e-20
     166.3  7.103e-20
     170.1  6.948e-20
       174  7.481e-20
     177.8  6.629e-20
     181.6  6.243e-20
     185.5  6.079e-20
     189.3  5.749e-20
     193.1  5.366e-20
       197  5.303e-20
     200.8  4.944e-20
     204.6      5e-20
     208.4  5.115e-20
     212.3  6.752e-20
     216.1  5.069e-20
     219.9  4.198e-20
     223.8  3.965e-20
     227.6  3.719e-20
     231.4  3.257e-20
     235.3  3.096e-20
     239.1   3.02e-20
     242.9  3.061e-20
     246.8  2.756e-20
     250.6  2.872e-20
     254.4  3.071e-20
     258.2  2.976e-20
     262.1  3.173e-20
     265.9  2.884e-20
     269.7  2.318e-20
     273.6  2.408e-20
     277.4  2.551e-20
     281.2  2.233e-20
     285.1  1.975e-20
     288.9  1.811e-20
     292.7  2.081e-20
     296.6  1.735e-20
     300.4  1.698e-20
     304.2  2.014e-20
       308  1.581e-20
     311.9   1.38e-20
     315.7   1.59e-20
     319.5   1.38e-20
     323.4  1.029e-20
     327.2  1.467e-20
       331  1.446e-20
     334.9  8.654e-21
     338.7  1.351e-20
     342.5  1.788e-20
     346.4  1.377e-20
     350.2   9.59e-21
