     16.92      21.72
     20.75      21.95
     24.58      22.26
     28.41      22.36
     32.24       22.5
     36.07      22.55
      39.9      22.83
     43.73       23.1
     47.56      23.27
     51.39      23.35
     55.22      23.54
     59.05      23.76
     62.88      23.78
     66.71      23.76
     70.54      24.16
     74.38      24.23
     78.21      24.31
     82.04      24.36
     85.87      24.46
      89.7      24.54
     93.53      24.64
     97.36       24.7
     101.2      24.68
       105      24.73
     108.9      24.86
     112.7      24.91
     116.5      24.92
     120.3      24.94
     124.2      24.85
       128       25.1
     131.8       25.2
     135.7       25.3
     139.5      25.35
     143.3      25.48
     147.2      25.54
       151      25.63
     154.8       25.7
     158.6      25.68
     162.5      25.77
     166.3      25.89
     170.1      25.91
       174      25.83
     177.8      25.96
     181.6      26.03
     185.5      26.06
     189.3      26.12
     193.1      26.19
       197       26.2
     200.8      26.28
     204.6      26.27
     208.4      26.24
     212.3      25.94
     216.1      26.25
     219.9      26.46
     223.8      26.52
     227.6      26.59
     231.4      26.73
     235.3      26.79
     239.1      26.82
     242.9       26.8
     246.8      26.92
     250.6      26.87
     254.4       26.8
     258.2      26.83
     262.1      26.76
     265.9      26.87
     269.7       27.1
     273.6      27.06
     277.4         27
     281.2      27.14
     285.1      27.28
     288.9      27.37
     292.7      27.22
     296.6      27.42
     300.4      27.44
     304.2      27.26
       308      27.52
     311.9      27.67
     315.7      27.51
     319.5      27.67
     323.4      27.99
     327.2       27.6
       331      27.62
     334.9      28.17
     338.7      27.69
     342.5      27.39
     346.4      27.67
     350.2      28.06
