     12.95  2.924e-18
     18.85  1.916e-18
     24.75  1.379e-18
     30.64  1.062e-18
     36.54  7.962e-19
     42.44  6.522e-19
     48.34  5.251e-19
     54.24  4.378e-19
     60.13  3.933e-19
     66.03  3.453e-19
     71.93  2.705e-19
     77.83  2.449e-19
     83.73  2.178e-19
     89.63  1.919e-19
     95.52  1.713e-19
     101.4   1.52e-19
     107.3  1.401e-19
     113.2  1.304e-19
     119.1  1.199e-19
       125  1.125e-19
     130.9  1.084e-19
     136.8   1.02e-19
     142.7  1.019e-19
     148.6  9.653e-20
     154.5  8.541e-20
     160.4    7.8e-20
     166.3  7.606e-20
     172.2  7.147e-20
     178.1  6.508e-20
       184  6.084e-20
     189.9  5.691e-20
     195.8  5.355e-20
     201.7  5.451e-20
     207.6  5.185e-20
     213.5  4.846e-20
     219.4   4.88e-20
     225.3  5.042e-20
     231.2  4.713e-20
     237.1  4.403e-20
       243  4.298e-20
     248.9   4.51e-20
     254.8  3.913e-20
     260.7  3.575e-20
     266.6  3.234e-20
     272.5  3.056e-20
     278.4  2.893e-20
     284.3  2.882e-20
     290.2  2.778e-20
     296.1  2.379e-20
       302  2.354e-20
     307.9  2.325e-20
     313.8  2.277e-20
     319.7   2.35e-20
     325.6  2.316e-20
     331.5  2.033e-20
     337.4  1.897e-20
     343.2   2.08e-20
     349.1  1.888e-20
