     12.95      21.85
     18.85      22.31
     24.75      22.67
     30.64      22.95
     36.54      23.26
     42.44      23.48
     48.34      23.72
     54.24      23.91
     60.13      24.03
     66.03      24.17
     71.93      24.44
     77.83      24.54
     83.73      24.67
     89.63      24.81
     95.52      24.93
     101.4      25.06
     107.3      25.15
     113.2      25.23
     119.1      25.32
       125      25.39
     130.9      25.43
     136.8      25.49
     142.7       25.5
     148.6      25.55
     154.5      25.69
     160.4      25.79
     166.3      25.81
     172.2      25.88
     178.1      25.98
       184      26.06
     189.9      26.13
     195.8      26.19
     201.7      26.17
     207.6      26.23
     213.5       26.3
     219.4       26.3
     225.3      26.26
     231.2      26.33
     237.1      26.41
       243      26.43
     248.9      26.38
     254.8      26.53
     260.7      26.63
     266.6      26.74
     272.5       26.8
     278.4      26.86
     284.3      26.87
     290.2      26.91
     296.1      27.07
       302      27.09
     307.9       27.1
     313.8      27.12
     319.7      27.09
     325.6       27.1
     331.5      27.25
     337.4      27.32
     343.2      27.22
     349.1      27.33
