     7.958  3.318e+08
      9.93  2.666e+08
      11.9  2.163e+08
     13.87  1.798e+08
     15.85   1.51e+08
     17.82  1.343e+08
     19.79  1.173e+08
     21.76  1.061e+08
     23.74   9.67e+07
     25.71  8.658e+07
     27.68  7.781e+07
     29.65  7.082e+07
     31.62  6.478e+07
      33.6  6.175e+07
     35.57  5.801e+07
     37.54  5.265e+07
     39.51  4.929e+07
     41.48  4.679e+07
     43.46  4.436e+07
     45.43  4.027e+07
      47.4  3.775e+07
     49.37  3.627e+07
     51.35  3.413e+07
     53.32   3.23e+07
     55.29   3.12e+07
     57.26  2.898e+07
     59.23  2.732e+07
     61.21  2.598e+07
     63.18  2.685e+07
     65.15  2.415e+07
     67.12  2.296e+07
     69.09  2.187e+07
     71.07   2.04e+07
     73.04  2.024e+07
     75.01  1.893e+07
     76.98  1.881e+07
     78.96  1.795e+07
     80.93   1.74e+07
      82.9   1.66e+07
     84.87  1.644e+07
     86.84  1.516e+07
     88.82  1.455e+07
     90.79  1.401e+07
     92.76  1.345e+07
     94.73  1.296e+07
      96.7   1.24e+07
     98.68  1.225e+07
     100.6  1.132e+07
     102.6  1.096e+07
     104.6  1.068e+07
     106.6  1.086e+07
     108.5  1.007e+07
     110.5  1.014e+07
     112.5  9.611e+06
     114.5  9.468e+06
     116.4    9.3e+06
     118.4  9.006e+06
     120.4  8.934e+06
     122.3  8.313e+06
     124.3  8.132e+06
     126.3  8.146e+06
     128.3  7.801e+06
     130.2  8.066e+06
     132.2  7.758e+06
     134.2  7.928e+06
     136.1  7.452e+06
     138.1  7.486e+06
     140.1  7.446e+06
     142.1  7.317e+06
       144  7.011e+06
       146  6.973e+06
       148  6.649e+06
       150  6.466e+06
     151.9  6.192e+06
     153.9  6.145e+06
     155.9  5.971e+06
     157.8  5.858e+06
     159.8  5.856e+06
     161.8  5.772e+06
     163.8  5.629e+06
     165.7  5.352e+06
     167.7  5.499e+06
     169.7  5.508e+06
     171.6  5.341e+06
     173.6  5.233e+06
     175.6  5.204e+06
     177.6  4.801e+06
     179.5  4.665e+06
     181.5  4.627e+06
     183.5   4.57e+06
     185.5  4.505e+06
     187.4  4.201e+06
     189.4  4.166e+06
     191.4  4.053e+06
     193.3  4.126e+06
     195.3  4.145e+06
     197.3  3.998e+06
     199.3  3.762e+06
     201.2  3.926e+06
     203.2  3.989e+06
     205.2  3.826e+06
     207.1  3.942e+06
     209.1  3.733e+06
     211.1  3.686e+06
     213.1  3.701e+06
       215  3.488e+06
       217  3.691e+06
       219  3.545e+06
     220.9  3.631e+06
     222.9   3.52e+06
     224.9  3.641e+06
     226.9  3.851e+06
     228.8  3.742e+06
     230.8  3.604e+06
     232.8  3.483e+06
     234.8  3.303e+06
     236.7  3.141e+06
     238.7  3.011e+06
     240.7  2.997e+06
     242.6  3.004e+06
     244.6  2.841e+06
     246.6  2.838e+06
     248.6  2.745e+06
     250.5  2.766e+06
     252.5  2.322e+06
     254.5   2.17e+06
     256.4  2.135e+06
     258.4  2.001e+06
     260.4  1.778e+06
     262.4  1.652e+06
     264.3  1.509e+06
     266.3  1.309e+06
     268.3  1.293e+06
     270.3  1.149e+06
     272.2  1.107e+06
     274.2  9.963e+05
     276.2  9.611e+05
     278.1  8.905e+05
     280.1  8.719e+05
     282.1  8.558e+05
     284.1  8.493e+05
       286  7.394e+05
       288  6.893e+05
       290  6.546e+05
     291.9  6.573e+05
     293.9  5.687e+05
     295.9  5.131e+05
     297.9  4.812e+05
     299.8  4.566e+05
     301.8  4.279e+05
     303.8  3.928e+05
     305.8  3.446e+05
     307.7  3.502e+05
     309.7  3.524e+05
     311.7  3.182e+05
     313.6  2.943e+05
     315.6  2.723e+05
     317.6  2.721e+05
     319.6  2.207e+05
     321.5  2.215e+05
     323.5  1.921e+05
     325.5   1.86e+05
     327.4   1.53e+05
     329.4  1.315e+05
     331.4  1.197e+05
     333.4  1.153e+05
     335.3  1.048e+05
     337.3  8.627e+04
     339.3  8.167e+04
     341.3   6.86e+04
     343.2  5.067e+04
     345.2  4.315e+04
     347.2  3.432e+04
     349.1  3.275e+04
     351.1  1.627e+04
