     5.986  6.726e+10
     7.958  9.999e+10
      9.93  1.328e+11
      11.9  1.647e+11
     13.87  1.956e+11
     15.85  2.253e+11
     17.82  2.549e+11
     19.79  2.837e+11
     21.76  3.123e+11
     23.74  3.407e+11
     25.71  3.683e+11
     27.68   3.95e+11
     29.65   4.21e+11
     31.62  4.464e+11
      33.6  4.721e+11
     35.57  4.977e+11
     37.54  5.222e+11
     39.51  5.463e+11
     41.48  5.703e+11
     43.46  5.942e+11
     45.43  6.169e+11
      47.4  6.391e+11
     49.37  6.613e+11
     51.35   6.83e+11
     53.32  7.043e+11
     55.29  7.257e+11
     57.26  7.463e+11
     59.23  7.663e+11
     61.21   7.86e+11
     63.18   8.07e+11
     65.15  8.265e+11
     67.12  8.456e+11
     69.09  8.643e+11
     71.07  8.823e+11
     73.04  9.006e+11
     75.01  9.182e+11
     76.98  9.362e+11
     78.96  9.537e+11
     80.93  9.712e+11
      82.9  9.882e+11
     84.87  1.006e+12
     86.84  1.022e+12
     88.82  1.038e+12
     90.79  1.054e+12
     92.76  1.069e+12
     94.73  1.084e+12
      96.7  1.099e+12
     98.68  1.114e+12
     100.6  1.128e+12
     102.6  1.142e+12
     104.6  1.156e+12
     106.6   1.17e+12
     108.5  1.184e+12
     110.5  1.198e+12
     112.5  1.211e+12
     114.5  1.225e+12
     116.4  1.238e+12
     118.4  1.251e+12
     120.4  1.265e+12
     122.3  1.277e+12
     124.3   1.29e+12
     126.3  1.302e+12
     128.3  1.315e+12
     130.2  1.328e+12
     132.2  1.341e+12
     134.2  1.354e+12
     136.1  1.366e+12
     138.1  1.379e+12
     140.1  1.392e+12
     142.1  1.405e+12
       144  1.417e+12
       146   1.43e+12
       148  1.442e+12
       150  1.454e+12
     151.9  1.466e+12
     153.9  1.478e+12
     155.9  1.489e+12
     157.8  1.501e+12
     159.8  1.512e+12
     161.8  1.524e+12
     163.8  1.535e+12
     165.7  1.546e+12
     167.7  1.558e+12
     169.7  1.569e+12
     171.6  1.581e+12
     173.6  1.592e+12
     175.6  1.603e+12
     177.6  1.614e+12
     179.5  1.624e+12
     181.5  1.635e+12
     183.5  1.645e+12
     185.5  1.655e+12
     187.4  1.665e+12
     189.4  1.675e+12
     191.4  1.684e+12
     193.3  1.694e+12
     195.3  1.704e+12
     197.3  1.714e+12
     199.3  1.723e+12
     201.2  1.733e+12
     203.2  1.743e+12
     205.2  1.753e+12
     207.1  1.763e+12
     209.1  1.773e+12
     211.1  1.782e+12
     213.1  1.792e+12
       215  1.801e+12
       217  1.811e+12
       219  1.821e+12
     220.9  1.831e+12
     222.9  1.841e+12
     224.9  1.851e+12
     226.9  1.862e+12
     228.8  1.872e+12
     230.8  1.883e+12
     232.8  1.893e+12
     234.8  1.902e+12
     236.7  1.911e+12
     238.7   1.92e+12
     240.7  1.929e+12
     242.6  1.938e+12
     244.6  1.947e+12
     246.6  1.956e+12
     248.6  1.964e+12
     250.5  1.973e+12
     252.5   1.98e+12
     254.5  1.987e+12
     256.4  1.993e+12
     258.4      2e+12
     260.4  2.006e+12
     262.4  2.011e+12
     264.3  2.016e+12
     266.3   2.02e+12
     268.3  2.025e+12
     270.3  2.028e+12
     272.2  2.032e+12
     274.2  2.036e+12
     276.2  2.039e+12
     278.1  2.042e+12
     280.1  2.045e+12
     282.1  2.048e+12
     284.1  2.051e+12
       286  2.054e+12
       288  2.056e+12
       290  2.058e+12
     291.9  2.061e+12
     293.9  2.063e+12
     295.9  2.065e+12
     297.9  2.066e+12
     299.8  2.068e+12
     301.8   2.07e+12
     303.8  2.071e+12
     305.8  2.073e+12
     307.7  2.074e+12
     309.7  2.075e+12
     311.7  2.076e+12
     313.6  2.078e+12
     315.6  2.079e+12
     317.6   2.08e+12
     319.6  2.081e+12
     321.5  2.081e+12
     323.5  2.082e+12
     325.5  2.083e+12
     327.4  2.084e+12
     329.4  2.084e+12
     331.4  2.085e+12
     333.4  2.085e+12
     335.3  2.086e+12
     337.3  2.086e+12
     339.3  2.086e+12
     341.3  2.087e+12
     343.2  2.087e+12
     345.2  2.087e+12
     347.2  2.087e+12
     349.1  2.087e+12
     351.1  2.087e+12
