     4.001  4.894e-17
        12  2.782e-18
     20.01  1.983e-18
     28.01  2.243e-18
     36.01   1.02e-18
     44.01  7.856e-19
     52.01  6.532e-19
     60.02  4.973e-19
     68.02  4.283e-19
     76.02  3.657e-19
     84.02  4.226e-19
     92.03  3.235e-19
       100  2.748e-19
       108  2.487e-19
       116  1.837e-19
       124  1.465e-19
       132  1.382e-19
       140  1.231e-19
       148   1.05e-19
       156  1.046e-19
       164  9.074e-20
       172  8.443e-20
       180  1.136e-19
     188.1  9.139e-20
     196.1  5.507e-20
     204.1  5.732e-20
     212.1  4.769e-20
     220.1  4.224e-20
     228.1  3.299e-20
     236.1   3.12e-20
     244.1  3.119e-20
     252.1  2.992e-20
     260.1  3.215e-20
     268.1  2.927e-20
     276.1  4.218e-20
     284.1  3.322e-20
     292.1  3.487e-20
     300.1  6.226e-20
     308.1  3.009e-20
     316.1  5.641e-20
     324.1  1.734e-20
     332.1  1.445e-20
     340.1   1.07e-20
     348.1  3.003e-20
