         4  8.876e-18
        12  2.103e-18
        20  1.179e-18
        28  1.158e-18
        36  6.212e-19
        44  4.298e-19
        52  3.383e-19
        60  2.608e-19
     68.01  1.935e-19
     76.01  1.657e-19
     84.01   1.34e-19
     92.01  1.076e-19
       100  8.097e-20
       108  6.673e-20
       116   6.56e-20
       124  6.307e-20
       132  4.113e-20
       140  4.096e-20
       148  4.068e-20
       156  3.536e-20
       164  3.462e-20
       172  2.961e-20
       180  2.873e-20
       188  2.465e-20
       196  2.145e-20
       204  2.252e-20
       212  1.317e-20
       220  1.607e-20
       228  1.158e-20
       236   1.18e-20
       244  9.122e-21
       252   1.16e-20
       260  8.875e-21
       268  1.029e-20
       276  9.152e-21
       284  1.006e-20
       292  4.407e-21
       300  5.893e-21
       308  6.698e-21
       316  5.454e-21
       324  4.158e-21
       332  1.957e-21
       340  6.476e-22
       348  2.343e-21
