     4.092  9.847e-15
     12.28  2.892e-17
     20.46  9.831e-18
     28.65  5.317e-18
     36.83  2.871e-18
     45.01  1.926e-18
      53.2  1.559e-18
     61.38  1.183e-18
     69.57  8.701e-19
     77.75  9.435e-19
     85.94  9.716e-19
     94.12  5.866e-19
     102.3  3.847e-19
     110.5  3.226e-19
     118.7  3.162e-19
     126.9  2.846e-19
       135  2.975e-19
     143.2  3.444e-19
     151.4  3.035e-19
     159.6  2.055e-19
     167.8   2.49e-19
       176  1.782e-19
     184.1  1.212e-19
     192.3  1.506e-19
     200.5  1.106e-19
     208.7  1.262e-19
     216.9  2.567e-19
     225.1  1.442e-19
     233.3  6.738e-20
     241.4  5.027e-20
     249.6  4.928e-20
     257.8  4.386e-20
       266  7.079e-20
     274.2  4.369e-20
     282.4  1.274e-20
     290.5  1.188e-20
     298.7  1.388e-20
     306.9  2.933e-20
     315.1  3.091e-20
     323.3  9.219e-21
     331.5  6.707e-21
     339.7   1.01e-20
     347.8  2.002e-20
