     4.093  3.053e-18
     12.28  1.003e-18
     20.46  5.653e-19
     28.65  3.448e-19
     36.83  2.363e-19
     45.02  1.834e-19
      53.2  1.455e-19
     61.39  1.051e-19
     69.58   7.32e-20
     77.76  6.159e-20
     85.95  4.406e-20
     94.13  3.611e-20
     102.3  3.089e-20
     110.5  2.831e-20
     118.7  2.218e-20
     126.9  2.221e-20
     135.1  1.603e-20
     143.2  1.249e-20
     151.4  1.156e-20
     159.6  9.725e-21
     167.8  7.293e-21
       176  8.093e-21
     184.2  7.008e-21
     192.4  5.094e-21
     200.5  6.419e-21
     208.7  6.005e-21
     216.9  4.645e-21
     225.1  4.702e-21
     233.3  3.938e-21
     241.5  3.825e-21
     249.7  2.808e-21
     257.8   3.31e-21
       266  3.448e-21
     274.2  2.532e-21
     282.4   2.13e-21
     290.6  1.491e-21
     298.8  2.502e-21
       307  2.726e-21
     315.1  1.806e-21
     323.3  1.286e-21
     331.5  6.681e-22
     339.7  1.929e-21
     347.9      1e-23
