     4.001  4.374e-17
        12  3.981e-18
     20.01  3.107e-18
     28.01  1.931e-18
     36.01  1.431e-18
     44.01  1.144e-18
     52.01  9.063e-19
     60.02  7.659e-19
     68.02  6.235e-19
     76.02   5.03e-19
     84.02  4.814e-19
     92.03  3.835e-19
       100  3.503e-19
       108  3.046e-19
       116  2.497e-19
       124  2.279e-19
       132  2.821e-19
       140  2.156e-19
       148  2.114e-19
       156  1.809e-19
       164  1.697e-19
       172  1.623e-19
       180  1.601e-19
     188.1  1.611e-19
     196.1  1.383e-19
     204.1  1.085e-19
     212.1  1.076e-19
     220.1  1.007e-19
     228.1   1.03e-19
     236.1  9.451e-20
     244.1  9.681e-20
     252.1  9.848e-20
     260.1  1.011e-19
     268.1  8.631e-20
     276.1  8.153e-20
     284.1  8.271e-20
     292.1  7.632e-20
     300.1  6.041e-20
     308.1  5.147e-20
     316.1  5.251e-20
     324.1  4.909e-20
     332.1  4.446e-20
     340.1  2.825e-20
     348.1  4.676e-20
