     4.001  1.383e-17
        12   1.98e-18
     20.01  1.318e-18
     28.01  8.204e-19
     36.01  6.053e-19
     44.01  4.818e-19
     52.01  3.334e-19
     60.02  2.519e-19
     68.02  2.116e-19
     76.02  1.683e-19
     84.02  1.547e-19
     92.03  1.217e-19
       100  9.955e-20
       108  8.783e-20
       116  6.816e-20
       124  6.525e-20
       132  5.067e-20
       140  4.772e-20
       148  4.803e-20
       156  3.765e-20
       164  3.757e-20
       172  3.458e-20
       180  3.387e-20
     188.1  3.604e-20
     196.1  3.409e-20
     204.1  2.598e-20
     212.1  2.324e-20
     220.1  3.041e-20
     228.1  2.727e-20
     236.1  5.729e-20
     244.1  6.067e-20
     252.1  3.769e-20
     260.1    1.9e-20
     268.1  1.359e-20
     276.1  1.381e-20
     284.1  1.151e-20
     292.1  1.069e-20
     300.1  1.126e-20
     308.1  1.066e-20
     316.1  1.154e-20
     324.1  1.001e-20
     332.1  8.954e-21
     340.1  4.196e-21
     348.1      9e-21
