     4.001   1.12e-17
        12  4.924e-18
     20.01  3.432e-18
     28.01  1.602e-18
     36.01  9.316e-19
     44.01  6.818e-19
     52.01  4.802e-19
     60.02  3.682e-19
     68.02  3.025e-19
     76.02  2.582e-19
     84.02  2.336e-19
     92.03  1.809e-19
       100  1.483e-19
       108  1.617e-19
       116  1.427e-19
       124  1.346e-19
       132  1.371e-19
       140  1.599e-19
       148  1.489e-19
       156  9.993e-20
       164  6.257e-20
       172  6.117e-20
       180  8.926e-20
     188.1  2.259e-19
     196.1  1.397e-19
     204.1  8.481e-20
     212.1  6.974e-20
     220.1  5.973e-20
     228.1  8.287e-20
     236.1  1.289e-19
     244.1  3.821e-20
     252.1  3.335e-20
     260.1  2.782e-20
     268.1  2.571e-20
     276.1  2.168e-20
     284.1  2.024e-20
     292.1   2.77e-20
     300.1  2.661e-20
     308.1  2.121e-20
     316.1  8.708e-21
     324.1  5.617e-21
     332.1  1.535e-20
     340.1  9.148e-21
     348.1  5.359e-21
