     4.002  2.522e-17
     12.01   4.88e-18
     20.01  4.432e-18
     28.01  4.133e-18
     36.02  3.667e-18
     44.02  3.239e-18
     52.02  2.815e-18
     60.03   2.03e-18
     68.03  2.179e-18
     76.03  2.078e-18
     84.04  2.288e-18
     92.04  1.597e-18
       100  1.257e-18
       108  1.067e-18
     116.1  9.646e-19
     124.1  1.206e-18
     132.1  7.489e-19
     140.1  4.888e-19
     148.1  4.567e-19
     156.1  3.148e-19
     164.1  4.314e-19
     172.1  2.754e-19
     180.1  2.365e-19
     188.1  2.133e-19
     196.1  1.441e-19
     204.1  1.173e-19
     212.1  8.255e-20
     220.1  7.347e-20
     228.1  7.383e-20
     236.1  6.401e-20
     244.1  2.842e-20
     252.1  2.532e-20
     260.1  2.751e-20
     268.1  1.895e-20
     276.1  9.423e-21
     284.1  9.295e-21
     292.1  7.375e-23
     300.1  2.305e-21
     308.1  1.941e-21
     316.1   6.02e-21
     324.1  1.426e-22
     332.1  5.079e-21
     340.1  3.729e-21
     348.2  1.905e-21
