     4.001  4.424e-18
        12  1.543e-18
     20.01  9.441e-19
     28.01  7.523e-19
     36.01  5.933e-19
     44.01  4.525e-19
     52.01  3.259e-19
     60.02  2.363e-19
     68.02  1.916e-19
     76.02   1.35e-19
     84.02  1.003e-19
     92.03  8.227e-20
       100   6.83e-20
       108  5.897e-20
       116  4.936e-20
       124  4.063e-20
       132  4.147e-20
       140  3.786e-20
       148  2.909e-20
       156  2.847e-20
       164   2.51e-20
       172   2.98e-20
       180  2.824e-20
     188.1  2.884e-20
     196.1  3.228e-20
     204.1  3.339e-20
     212.1  2.459e-20
     220.1   1.42e-20
     228.1  1.336e-20
     236.1  1.288e-20
     244.1  1.097e-20
     252.1  9.494e-21
     260.1  9.243e-21
     268.1  8.428e-21
     276.1  7.519e-21
     284.1   6.98e-21
     292.1  7.333e-21
     300.1  7.059e-21
     308.1  4.836e-21
     316.1  6.497e-21
     324.1  3.976e-21
     332.1   4.34e-21
     340.1  3.186e-21
     348.1  4.102e-21
