     4.001  7.934e-18
        12  4.761e-18
     20.01  3.371e-18
     28.01  2.882e-18
     36.01  1.804e-18
     44.01  1.561e-18
     52.01   1.18e-18
     60.02  9.013e-19
     68.02  8.624e-19
     76.02  6.702e-19
     84.02  5.309e-19
     92.03  5.119e-19
       100  3.854e-19
       108   3.29e-19
       116  2.796e-19
       124  2.487e-19
       132  1.848e-19
       140  1.572e-19
       148  1.485e-19
       156   1.39e-19
       164  1.156e-19
       172  9.654e-20
       180  8.872e-20
     188.1  8.123e-20
     196.1  6.959e-20
     204.1  5.916e-20
     212.1  5.684e-20
     220.1  4.966e-20
     228.1  4.839e-20
     236.1    4.9e-20
     244.1   4.44e-20
     252.1  3.786e-20
     260.1  3.218e-20
     268.1  3.217e-20
     276.1  2.726e-20
     284.1  2.212e-20
     292.1   2.68e-20
     300.1  2.983e-20
     308.1  3.053e-20
     316.1  2.538e-20
     324.1  2.072e-20
     332.1  1.451e-20
     340.1  1.903e-20
     348.1  1.641e-20
