     4.001  4.914e-18
        12  2.215e-18
     20.01  1.303e-18
     28.01  8.209e-19
     36.01  5.915e-19
     44.01  5.015e-19
     52.01  4.219e-19
     60.02  2.878e-19
     68.02  3.471e-19
     76.02  2.244e-19
     84.02  1.433e-19
     92.03  1.147e-19
       100  9.267e-20
       108  8.455e-20
       116  6.425e-20
       124  5.287e-20
       132  4.982e-20
       140  4.506e-20
       148  3.893e-20
       156  3.792e-20
       164  3.215e-20
       172    3.4e-20
       180  3.468e-20
     188.1  3.404e-20
     196.1  3.074e-20
     204.1  2.469e-20
     212.1  2.095e-20
     220.1  1.587e-20
     228.1   1.89e-20
     236.1  1.537e-20
     244.1  1.087e-20
     252.1  1.194e-20
     260.1  8.626e-21
     268.1  7.875e-21
     276.1  7.866e-21
     284.1  8.157e-21
     292.1  6.523e-21
     300.1  7.733e-21
     308.1  7.264e-21
     316.1  8.503e-21
     324.1  7.266e-21
     332.1  7.974e-21
     340.1  7.731e-21
     348.1  9.033e-21
