     4.001  6.126e-18
        12  2.642e-18
     20.01  1.398e-18
     28.01  1.431e-18
     36.01  7.596e-19
     44.01  5.413e-19
     52.01  4.167e-19
     60.02  3.072e-19
     68.02  2.636e-19
     76.02    2.2e-19
     84.02  1.936e-19
     92.03   2.53e-19
       100  1.434e-19
       108  1.083e-19
       116   9.88e-20
       124  8.051e-20
       132  6.934e-20
       140  6.088e-20
       148  5.673e-20
       156  4.999e-20
       164  4.388e-20
       172  4.316e-20
       180  3.739e-20
     188.1  3.374e-20
     196.1   3.15e-20
     204.1   3.78e-20
     212.1  3.066e-20
     220.1  3.047e-20
     228.1  2.659e-20
     236.1  2.635e-20
     244.1   3.41e-20
     252.1  2.907e-20
     260.1  8.923e-20
     268.1  2.611e-20
     276.1   1.58e-20
     284.1  9.981e-21
     292.1  7.267e-21
     300.1  7.731e-21
     308.1  6.785e-21
     316.1  7.427e-21
     324.1  1.192e-20
     332.1  9.923e-21
     340.1   1.05e-20
     348.1  8.977e-21
