     4.093   4.25e-17
     12.28  7.941e-18
     20.46  4.349e-18
     28.65  3.293e-18
     36.84  2.353e-18
     45.02  1.249e-18
     53.21  9.728e-19
     61.39   1.25e-18
     69.58  9.681e-19
     77.76  5.681e-19
     85.95   3.58e-19
     94.14  2.231e-19
     102.3  1.921e-19
     110.5    1.7e-19
     118.7  1.322e-19
     126.9  1.355e-19
     135.1  1.194e-19
     143.2  8.492e-20
     151.4  9.805e-20
     159.6  9.758e-20
     167.8  7.112e-20
       176   4.06e-20
     184.2  2.935e-20
     192.4   1.37e-20
     200.5  1.322e-20
     208.7  1.127e-20
     216.9  9.583e-21
     225.1  9.651e-21
     233.3  8.542e-21
     241.5  1.215e-20
     249.7  2.316e-20
     257.8  1.901e-20
       266  1.428e-20
     274.2  1.221e-20
     282.4  6.325e-20
     290.6  1.388e-20
     298.8  6.674e-22
       307      1e-23
     315.1  1.168e-23
     323.3  3.318e-21
     331.5  3.471e-21
     339.7      1e-23
     347.9      1e-23
