     4.001  7.818e-18
        12  2.008e-18
     20.01  1.224e-18
     28.01  8.926e-19
     36.01   5.61e-19
     44.01  3.887e-19
     52.01  2.851e-19
     60.02  3.572e-19
     68.02  2.179e-19
     76.02  2.147e-19
     84.02  2.354e-19
     92.03  1.515e-19
       100  1.357e-19
       108   1.06e-19
       116  7.574e-20
       124  6.225e-20
       132  5.575e-20
       140  6.223e-20
       148  5.078e-20
       156  5.047e-20
       164  3.731e-20
       172  2.815e-20
       180  2.463e-20
     188.1  2.474e-20
     196.1  2.894e-20
     204.1  1.962e-20
     212.1  2.064e-20
     220.1  2.065e-20
     228.1  1.183e-20
     236.1  1.037e-20
     244.1  1.032e-20
     252.1  8.836e-21
     260.1  1.112e-20
     268.1  8.722e-21
     276.1  7.305e-21
     284.1  6.126e-21
     292.1  6.466e-21
     300.1  3.144e-21
     308.1  2.765e-21
     316.1  3.282e-21
     324.1  3.799e-21
     332.1  1.489e-21
     340.1   6.35e-21
     348.1  7.287e-21
