     4.001  6.417e-18
        12  3.397e-18
     20.01  2.524e-18
     28.01  1.602e-18
     36.01  1.065e-18
     44.01  8.721e-19
     52.01  7.497e-19
     60.02  6.162e-19
     68.02  5.272e-19
     76.02  5.005e-19
     84.02  4.135e-19
     92.03  3.719e-19
       100  3.965e-19
       108  3.495e-19
       116  2.908e-19
       124  2.694e-19
       132  2.448e-19
       140  2.712e-19
       148  3.005e-19
       156   3.36e-19
       164  2.043e-19
       172  1.446e-19
       180  1.435e-19
     188.1  1.129e-19
     196.1  9.575e-20
     204.1  8.163e-20
     212.1   7.15e-20
     220.1  7.474e-20
     228.1  6.258e-20
     236.1  7.711e-20
     244.1  9.397e-20
     252.1  5.769e-20
     260.1   5.59e-20
     268.1  5.007e-20
     276.1  3.943e-20
     284.1  3.808e-20
     292.1  2.435e-20
     300.1  2.886e-20
     308.1  2.488e-20
     316.1  2.189e-20
     324.1   1.59e-20
     332.1  1.502e-20
     340.1  2.106e-20
     348.1  1.564e-20
