     4.093  5.041e-18
     12.28   1.86e-18
     20.46  1.384e-18
     28.65  1.053e-18
     36.83  7.013e-19
     45.02  7.017e-19
      53.2  5.323e-19
     61.39  3.799e-19
     69.58  3.436e-19
     77.76  2.167e-19
     85.95  1.682e-19
     94.13  1.364e-19
     102.3   1.19e-19
     110.5  9.937e-20
     118.7  8.855e-20
     126.9  8.139e-20
     135.1  8.421e-20
     143.2  6.994e-20
     151.4  4.857e-20
     159.6  4.406e-20
     167.8  3.757e-20
       176  3.497e-20
     184.2  3.218e-20
     192.4  2.499e-20
     200.5  2.324e-20
     208.7  2.317e-20
     216.9  1.974e-20
     225.1    1.7e-20
     233.3  1.932e-20
     241.5  1.894e-20
     249.7  1.752e-20
     257.8  1.735e-20
       266   1.69e-20
     274.2   1.48e-20
     282.4  9.622e-21
     290.6  8.406e-21
     298.8  5.371e-21
       307   5.86e-21
     315.1  3.826e-21
     323.3  6.888e-21
     331.5  3.046e-21
     339.7  4.904e-21
     347.9  5.091e-21
