     4.091   7.12e-17
     12.27  1.205e-17
     20.45  6.771e-18
     28.63  4.927e-18
     36.82  3.507e-18
        45  1.922e-18
     53.18  1.294e-18
     61.36  1.401e-18
     69.54  9.167e-19
     77.72  6.902e-19
      85.9  5.878e-19
     94.09  6.993e-19
     102.3  6.165e-19
     110.4  4.951e-19
     118.6  3.528e-19
     126.8  3.477e-19
       135  3.698e-19
     143.2  2.744e-19
     151.4  2.204e-19
     159.5  1.638e-19
     167.7  1.357e-19
     175.9  1.192e-19
     184.1  8.091e-20
     192.3  5.326e-20
     200.4  5.563e-20
     208.6  4.491e-20
     216.8  8.923e-20
       225  2.817e-20
     233.2  2.409e-20
     241.4  2.103e-20
     249.5  2.095e-20
     257.7  2.016e-20
     265.9  2.538e-20
     274.1  1.807e-20
     282.3  8.104e-21
     290.4  5.955e-21
     298.6  4.756e-21
     306.8  5.111e-21
       315  8.534e-21
     323.2  2.583e-21
     331.3      1e-23
     339.5  1.983e-21
     347.7      1e-23
