     4.093  4.731e-18
     12.28   1.99e-18
     20.46  1.182e-18
     28.65  7.777e-19
     36.83  5.495e-19
     45.02  3.378e-19
      53.2  2.958e-19
     61.39  3.552e-19
     69.58  1.385e-19
     77.76  1.223e-19
     85.95  9.473e-20
     94.13  6.129e-20
     102.3  4.899e-20
     110.5  4.325e-20
     118.7  4.084e-20
     126.9  3.449e-20
     135.1  2.802e-20
     143.2  2.474e-20
     151.4  1.942e-20
     159.6  1.765e-20
     167.8  1.657e-20
       176  1.421e-20
     184.2  1.223e-20
     192.4  1.133e-20
     200.5  8.839e-21
     208.7  7.682e-21
     216.9  6.586e-21
     225.1  6.023e-21
     233.3   5.81e-21
     241.5  4.835e-21
     249.7  6.029e-21
     257.8  4.073e-21
       266  3.397e-21
     274.2  2.738e-21
     282.4  1.882e-21
     290.6  2.062e-21
     298.8  2.296e-21
       307  1.911e-21
     315.1   2.91e-21
     323.3  1.607e-21
     331.5  2.503e-21
     339.7  1.138e-21
     347.9  2.219e-23
