     4.001  5.519e-18
        12  1.992e-18
     20.01  1.119e-18
     28.01  7.812e-19
     36.01  5.336e-19
     44.01  3.743e-19
     52.01  2.991e-19
     60.02  2.571e-19
     68.02  2.089e-19
     76.02  1.753e-19
     84.02  1.848e-19
     92.03  1.607e-19
       100  1.419e-19
       108  2.132e-19
       116  9.001e-20
       124  7.322e-20
       132  6.545e-20
       140  6.437e-20
       148  8.174e-20
       156  1.388e-19
       164  8.828e-20
       172  5.182e-20
       180  5.107e-20
     188.1  4.939e-20
     196.1   3.55e-20
     204.1  3.078e-20
     212.1  2.624e-20
     220.1  2.484e-20
     228.1  2.166e-20
     236.1  2.104e-20
     244.1  2.107e-20
     252.1  1.948e-20
     260.1  1.546e-20
     268.1  1.426e-20
     276.1  1.445e-20
     284.1  1.557e-20
     292.1   1.44e-20
     300.1  1.385e-20
     308.1   1.08e-20
     316.1   9.47e-21
     324.1  1.111e-20
     332.1  1.121e-20
     340.1  7.003e-21
     348.1  8.423e-21
