         4  1.265e-17
        12  1.503e-18
        20  1.511e-18
        28  1.031e-18
        36  4.528e-19
        44   2.42e-19
        52  1.489e-19
        60  8.908e-20
     68.01  5.938e-20
     76.01  4.958e-20
     84.01  3.698e-20
     92.01  4.194e-20
       100  3.796e-20
       108   3.68e-20
       116  2.459e-20
       124  3.248e-20
       132  2.723e-20
       140  2.684e-20
       148  2.317e-20
       156  1.988e-20
       164  2.077e-20
       172  1.621e-20
       180  1.803e-20
       188  1.512e-20
       196  6.224e-20
       204  6.404e-20
       212  3.345e-20
       220  9.937e-21
       228  8.222e-21
       236   6.74e-21
       244  5.388e-21
       252  5.733e-21
       260  5.188e-21
       268  3.395e-21
       276  3.264e-21
       284  6.422e-21
       292  3.613e-21
       300  6.866e-21
       308  5.017e-21
       316  4.278e-21
       324  8.392e-22
       332  3.685e-22
       340      1e-23
       348  1.609e-21
