     4.091  5.217e-18
     12.27  1.373e-18
     20.46  7.805e-19
     28.64  5.238e-19
     36.82  3.036e-19
        45  2.138e-19
     53.19  1.489e-19
     61.37   9.47e-20
     69.55  6.933e-20
     77.73  5.987e-20
     85.92  4.628e-20
      94.1  3.639e-20
     102.3  3.024e-20
     110.5  2.546e-20
     118.6  2.448e-20
     126.8  2.157e-20
       135  1.851e-20
     143.2  1.913e-20
     151.4  1.616e-20
     159.6  1.354e-20
     167.7  1.081e-20
     175.9  7.286e-21
     184.1  6.522e-21
     192.3  6.762e-21
     200.5  6.057e-21
     208.7  5.052e-21
     216.8  4.198e-21
       225  4.458e-21
     233.2  3.563e-21
     241.4  2.427e-21
     249.6  2.507e-21
     257.7  3.055e-21
     265.9  2.398e-21
     274.1  3.508e-21
     282.3  3.207e-21
     290.5  2.297e-21
     298.7  2.972e-21
     306.8  1.936e-21
       315  2.566e-21
     323.2   2.72e-21
     331.4  4.324e-21
     339.6  9.533e-22
     347.8      1e-23
