     4.001  1.885e-15
        12  4.467e-18
     20.01  3.449e-18
     28.01  2.771e-18
     36.01  1.576e-18
     44.01  1.166e-18
     52.01  9.968e-19
     60.02  7.735e-19
     68.02  6.542e-19
     76.02   5.63e-19
     84.02  5.086e-19
     92.03  4.924e-19
       100  5.841e-19
       108  4.962e-19
       116   3.66e-19
       124  3.196e-19
       132  2.856e-19
       140  2.477e-19
       148  2.408e-19
       156   2.18e-19
       164  1.827e-19
       172  1.733e-19
       180  1.545e-19
     188.1  1.337e-19
     196.1  1.316e-19
     204.1  1.155e-19
     212.1  9.856e-20
     220.1  1.012e-19
     228.1      9e-20
     236.1  7.794e-20
     244.1  6.687e-20
     252.1   7.36e-20
     260.1  6.796e-20
     268.1  6.919e-20
     276.1  7.463e-20
     284.1  7.801e-20
     292.1  7.394e-20
     300.1  8.651e-20
     308.1  5.824e-20
     316.1  4.305e-20
     324.1  3.157e-20
     332.1  3.647e-20
     340.1  4.137e-20
     348.1   2.65e-20
