     4.088  4.167e-18
     12.26  1.263e-18
     20.44   5.99e-19
     28.61  3.401e-19
     36.79   2.28e-19
     44.97  1.567e-19
     53.14  1.212e-19
     61.32  9.391e-20
     69.49  7.846e-20
     77.67  6.126e-20
     85.84  4.757e-20
     94.02  4.006e-20
     102.2  3.254e-20
     110.4  2.981e-20
     118.5  1.995e-20
     126.7  1.871e-20
     134.9  1.678e-20
     143.1  1.484e-20
     151.2  2.319e-20
     159.4  1.411e-20
     167.6  1.242e-20
     175.8  7.382e-21
     183.9  4.867e-21
     192.1  4.678e-21
     200.3  8.053e-21
     208.5  6.177e-21
     216.7  5.001e-21
     224.8  4.327e-21
       233  3.734e-21
     241.2  2.922e-21
     249.4  3.438e-21
     257.5  2.682e-21
     265.7  2.643e-21
     273.9  1.792e-21
     282.1  1.435e-21
     290.2  1.894e-21
     298.4  1.246e-21
     306.6  1.247e-21
     314.8  2.352e-21
     322.9  1.527e-21
     331.1  5.561e-22
     339.3   6.58e-22
     347.5      1e-23
