     4.001    4.2e-18
        12  1.474e-18
     20.01  8.311e-19
     28.01  5.584e-19
     36.01  3.802e-19
     44.01  2.552e-19
     52.01  1.915e-19
     60.02  1.446e-19
     68.02  1.236e-19
     76.02  8.719e-20
     84.02   6.38e-20
     92.03  4.575e-20
       100  3.678e-20
       108  3.227e-20
       116  2.584e-20
       124  2.516e-20
       132   1.83e-20
       140  2.262e-20
       148  1.826e-20
       156  1.324e-20
       164  1.323e-20
       172  1.035e-20
       180  8.183e-21
     188.1  6.263e-21
     196.1  5.675e-21
     204.1   4.36e-21
     212.1  4.572e-21
     220.1  3.529e-21
     228.1  2.504e-21
     236.1  2.902e-21
     244.1  3.228e-21
     252.1   2.86e-21
     260.1  2.008e-21
     268.1  1.775e-21
     276.1  1.318e-21
     284.1  7.938e-22
     292.1  6.955e-22
     300.1  1.407e-21
     308.1  1.059e-21
     316.1  5.849e-22
     324.1  4.884e-22
     332.1  4.043e-22
     340.1  2.155e-23
     348.1  1.133e-21
