     4.001  3.758e-17
        12   4.47e-18
     20.01   2.96e-18
     28.01   2.43e-18
     36.01  2.029e-18
     44.01   1.62e-18
     52.01  1.274e-18
     60.02  9.389e-19
     68.02  7.458e-19
     76.02  6.401e-19
     84.02    5.4e-19
     92.03  4.894e-19
       100  3.967e-19
       108  3.366e-19
       116  2.875e-19
       124  2.685e-19
       132  2.315e-19
       140  2.393e-19
       148  2.237e-19
       156  2.094e-19
       164  1.584e-19
       172  1.512e-19
       180  1.416e-19
     188.1  1.405e-19
     196.1  1.288e-19
     204.1  1.636e-19
     212.1  1.881e-19
     220.1  1.022e-19
     228.1  1.046e-19
     236.1  9.275e-20
     244.1   9.43e-20
     252.1  9.574e-20
     260.1   8.61e-20
     268.1  6.523e-20
     276.1  7.789e-20
     284.1  9.211e-20
     292.1  6.355e-20
     300.1  6.599e-20
     308.1  4.825e-20
     316.1  4.057e-20
     324.1  5.031e-20
     332.1  4.002e-20
     340.1  3.238e-20
     348.1  2.715e-20
