     4.001   1.23e-17
        12  4.487e-18
     20.01  2.815e-18
     28.01  1.774e-18
     36.01   1.31e-18
     44.01  9.621e-19
     52.01  7.165e-19
     60.02  5.496e-19
     68.02  4.333e-19
     76.02  3.653e-19
     84.02  3.307e-19
     92.03  2.582e-19
       100  2.137e-19
       108  1.717e-19
       116  1.458e-19
       124  1.349e-19
       132   1.53e-19
       140  9.109e-20
       148  9.038e-20
       156  8.272e-20
       164  6.978e-20
       172  6.562e-20
       180  6.175e-20
     188.1  5.323e-20
     196.1  4.815e-20
     204.1  3.733e-20
     212.1  4.694e-20
     220.1  3.988e-20
     228.1  3.285e-20
     236.1  2.728e-20
     244.1  2.192e-20
     252.1  2.251e-20
     260.1  2.104e-20
     268.1  1.823e-20
     276.1  1.696e-20
     284.1  1.358e-20
     292.1  1.577e-20
     300.1  1.711e-20
     308.1  1.699e-20
     316.1  1.464e-20
     324.1  1.953e-20
     332.1   1.15e-20
     340.1  1.169e-20
     348.1  3.736e-21
