     4.001  5.112e-18
        12  3.109e-18
     20.01  2.347e-18
     28.01    1.6e-18
     36.01  1.218e-18
     44.01  1.076e-18
     52.01  8.781e-19
     60.02  7.941e-19
     68.02  7.472e-19
     76.02  5.445e-19
     84.02  4.045e-19
     92.03  3.377e-19
       100  2.921e-19
       108  2.304e-19
       116  1.963e-19
       124  1.963e-19
       132  1.512e-19
       140  1.406e-19
       148  1.512e-19
       156  1.181e-19
       164  1.426e-19
       172   2.06e-19
       180  1.361e-19
     188.1  8.688e-20
     196.1  7.095e-20
     204.1  7.013e-20
     212.1  6.908e-20
     220.1  7.279e-20
     228.1   1.27e-19
     236.1  6.641e-20
     244.1  7.271e-20
     252.1  3.972e-20
     260.1  2.707e-20
     268.1  2.385e-20
     276.1  2.373e-20
     284.1  2.821e-20
     292.1  2.592e-20
     300.1  2.675e-20
     308.1  2.503e-20
     316.1  1.469e-20
     324.1  2.522e-20
     332.1  1.754e-20
     340.1  1.206e-20
     348.1  8.403e-21
