     4.092  5.273e-18
     12.28  1.666e-18
     20.46  7.501e-19
     28.64  4.115e-19
     36.83  4.535e-19
     45.01  1.424e-19
      53.2  9.959e-20
     61.38  7.269e-20
     69.56  4.376e-20
     77.75  4.445e-20
     85.93  3.918e-20
     94.12   3.03e-20
     102.3  2.547e-20
     110.5  2.003e-20
     118.7   1.47e-20
     126.9  1.178e-20
       135  9.838e-21
     143.2  7.083e-21
     151.4  4.893e-21
     159.6  5.728e-21
     167.8  4.973e-21
       176  3.441e-21
     184.1  3.028e-21
     192.3  3.408e-21
     200.5  2.658e-21
     208.7  2.577e-21
     216.9  2.222e-21
     225.1  1.925e-21
     233.2  1.301e-21
     241.4  1.516e-21
     249.6  1.254e-21
     257.8   7.24e-22
       266  3.077e-22
     274.2  4.094e-22
     282.3  3.724e-22
     290.5  2.643e-22
     298.7  4.759e-22
     306.9  2.519e-22
     315.1  3.143e-22
     323.3      1e-23
     331.5  1.963e-22
     339.6  3.235e-22
     347.8      1e-23
