     4.002      19.51
     12.01       21.3
     20.01       21.4
     28.01      21.48
     36.02      21.61
     44.02      21.74
     52.02      21.89
     60.03      22.25
     68.03      22.17
     76.03      22.22
     84.04      22.12
     92.04      22.51
       100      22.77
       108      22.95
     116.1      23.06
     124.1      22.81
     132.1      23.33
     140.1      23.79
     148.1      23.87
     156.1      24.27
     164.1      23.93
     172.1      24.42
     180.1      24.58
     188.1      24.69
     196.1      25.12
     204.1      25.34
     212.1      25.72
     220.1      25.85
     228.1      25.85
     236.1         26
     244.1      26.88
     252.1      27.01
     260.1      26.92
     268.1      27.32
     276.1      28.08
     284.1       28.1
     292.1      33.35
     300.1      29.61
     308.1       29.8
     316.1      28.57
     324.1      32.63
     332.1      28.75
     340.1      29.09
     348.2      29.82
