     4.001      20.77
        12      21.32
     20.01       21.7
     28.01      21.87
     36.01      22.38
     44.01      22.53
     52.01      22.84
     60.02      23.13
     68.02      23.18
     76.02      23.45
     84.02       23.7
     92.03      23.74
       100      24.05
       108      24.22
       116       24.4
       124      24.53
       132      24.85
       140      25.02
       148      25.09
       156      25.16
       164      25.36
       172      25.55
       180      25.65
     188.1      25.74
     196.1      25.91
     204.1      26.09
     212.1      26.13
     220.1      26.28
     228.1       26.3
     236.1      26.29
     244.1       26.4
     252.1      26.57
     260.1      26.75
     268.1      26.75
     276.1      26.93
     284.1      27.15
     292.1      26.95
     300.1      26.83
     308.1       26.8
     316.1         27
     324.1      27.22
     332.1      27.61
     340.1      27.32
     348.1      27.48
