         4      20.26
        12      22.57
        20      22.57
        28      22.98
        36      23.88
        44      24.56
        52      25.08
        60      25.64
     68.01      26.08
     76.01      26.28
     84.01       26.6
     92.01      26.46
       100      26.57
       108       26.6
       116      27.04
       124      26.74
       132      26.93
       140      26.94
       148       27.1
       156      27.27
       164      27.22
       172      27.49
       180      27.38
       188      27.57
       196      26.03
       204         26
       212      26.71
       220      28.02
       228      28.23
       236      28.44
       244      28.69
       252      28.62
       260      28.73
       268      29.19
       276      29.23
       284       28.5
       292      29.12
       300      28.42
       308      28.76
       316      28.94
       324      30.71
       332       31.6
       340      35.52
       348         30
