     4.001       21.4
        12      22.54
     20.01      23.08
     28.01      23.33
     36.01      23.58
     44.01      23.88
     52.01      24.23
     60.02      24.58
     68.02      24.81
     76.02      25.19
     84.02      25.51
     92.03      25.73
       100      25.93
       108      26.09
       116      26.28
       124      26.49
       132      26.47
       140      26.57
       148      26.86
       156      26.88
       164      27.02
       172      26.83
       180      26.89
     188.1      26.87
     196.1      26.74
     204.1      26.71
     212.1      27.04
     220.1      27.64
     228.1       27.7
     236.1      27.74
     244.1      27.92
     252.1      28.07
     260.1       28.1
     268.1       28.2
     276.1      28.33
     284.1      28.41
     292.1      28.35
     300.1      28.39
     308.1      28.81
     316.1      28.48
     324.1      29.02
     332.1      28.92
     340.1      29.26
     348.1      28.98
