     4.001      21.29
        12      22.15
     20.01      22.73
     28.01      23.23
     36.01      23.59
     44.01      23.77
     52.01      23.95
     60.02      24.37
     68.02      24.16
     76.02      24.64
     84.02      25.13
     92.03      25.37
       100       25.6
       108       25.7
       116         26
       124      26.21
       132      26.27
       140      26.38
       148      26.54
       156      26.57
       164      26.75
       172      26.69
       180      26.67
     188.1      26.69
     196.1       26.8
     204.1      27.03
     212.1      27.21
     220.1      27.51
     228.1      27.32
     236.1      27.55
     244.1      27.93
     252.1      27.82
     260.1      28.18
     268.1      28.28
     276.1      28.28
     284.1      28.24
     292.1      28.48
     300.1       28.3
     308.1      28.36
     316.1      28.19
     324.1      28.36
     332.1      28.26
     340.1       28.3
     348.1      28.13
