     4.092      13.03
     12.28      19.36
     20.46      20.53
     28.65       21.2
     36.83      21.87
     45.01       22.3
      53.2      22.53
     61.38      22.83
     69.57      23.17
     77.75      23.08
     85.94      23.05
     94.12       23.6
     102.3      24.05
     110.5      24.24
     118.7      24.27
     126.9      24.38
       135      24.33
     143.2      24.17
     151.4      24.31
     159.6      24.73
     167.8      24.53
       176      24.89
     184.1      25.31
     192.3      25.07
     200.5      25.41
     208.7      25.26
     216.9      24.49
     225.1      25.12
     233.3      25.94
     241.4      26.26
     249.6      26.28
     257.8      26.41
       266      25.89
     274.2      26.42
     282.4      27.75
     290.5      27.83
     298.7      27.66
     306.9      26.85
     315.1      26.79
     323.3       28.1
     331.5      28.45
     339.7      28.01
     347.8      27.26
