     4.001      18.79
        12      21.91
     20.01      22.27
     28.01      22.14
     36.01      22.99
     44.01      23.28
     52.01      23.48
     60.02      23.77
     68.02      23.94
     76.02      24.11
     84.02      23.95
     92.03      24.24
       100      24.42
       108      24.53
       116      24.86
       124       25.1
       132      25.16
       140      25.29
       148      25.46
       156      25.47
       164      25.62
       172       25.7
       180      25.38
     188.1      25.61
     196.1      26.16
     204.1      26.12
     212.1      26.32
     220.1      26.45
     228.1      26.72
     236.1      26.78
     244.1      26.78
     252.1      26.83
     260.1      26.75
     268.1      26.85
     276.1      26.45
     284.1      26.71
     292.1      26.66
     300.1      26.03
     308.1      26.82
     316.1      26.14
     324.1      27.42
     332.1      27.62
     340.1      27.94
     348.1      26.82
