     4.001      20.29
        12      21.39
     20.01      21.89
     28.01      22.39
     36.01      22.72
     44.01      23.06
     52.01      23.38
     60.02      23.67
     68.02      23.92
     76.02      24.11
     84.02      24.22
     92.03      24.49
       100      24.69
       108      24.93
       116      25.11
       124      25.19
       132      25.05
       140      25.62
       148      25.63
       156      25.72
       164      25.91
       172      25.97
       180      26.04
     188.1       26.2
     196.1      26.31
     204.1      26.59
     212.1      26.34
     220.1      26.51
     228.1      26.72
     236.1      26.93
     244.1      27.16
     252.1      27.13
     260.1      27.21
     268.1      27.36
     276.1      27.44
     284.1      27.68
     292.1      27.52
     300.1      27.43
     308.1      27.44
     316.1       27.6
     324.1      27.29
     332.1      27.86
     340.1      27.85
     348.1      29.09
