     4.001      21.05
        12      21.96
     20.01      22.65
     28.01      22.63
     36.01      23.31
     44.01      23.68
     52.01      23.97
     60.02       24.3
     68.02      24.46
     76.02      24.66
     84.02       24.8
     92.03      24.51
       100      25.12
       108      25.43
       116      25.53
       124      25.75
       132      25.91
       140      26.05
       148      26.13
       156      26.27
       164      26.41
       172      26.43
       180      26.58
     188.1       26.7
     196.1      26.77
     204.1      26.57
     212.1       26.8
     220.1      26.81
     228.1      26.95
     236.1      26.96
     244.1      26.68
     252.1      26.86
     260.1      25.64
     268.1      26.97
     276.1      27.52
     284.1      28.02
     292.1      28.36
     300.1       28.3
     308.1      28.44
     316.1      28.34
     324.1      27.83
     332.1      28.02
     340.1      27.96
     348.1      28.13
