     4.001      20.16
        12      22.27
     20.01      22.72
     28.01      23.23
     36.01      23.56
     44.01      23.81
     52.01      24.21
     60.02      24.51
     68.02       24.7
     76.02      24.95
     84.02      25.04
     92.03       25.3
       100      25.52
       108      25.66
       116      25.93
       124      25.98
       132      26.25
       140      26.32
       148      26.31
       156      26.58
       164      26.58
       172      26.67
       180      26.69
     188.1      26.62
     196.1      26.68
     204.1      26.98
     212.1       27.1
     220.1      26.81
     228.1      26.93
     236.1      26.12
     244.1      26.06
     252.1      26.58
     260.1      27.32
     268.1      27.68
     276.1      27.67
     284.1      27.86
     292.1      27.94
     300.1      27.89
     308.1      27.95
     316.1      27.86
     324.1      28.02
     332.1      28.14
     340.1      28.96
     348.1      28.13
