     4.091      18.38
     12.27      20.31
     20.45      20.94
     28.63      21.28
     36.82      21.65
        45      22.31
     53.18      22.74
     61.36      22.65
     69.54      23.11
     77.72      23.42
      85.9      23.59
     94.09       23.4
     102.3      23.54
     110.4      23.78
     118.6      24.15
     126.8      24.16
       135       24.1
     143.2      24.42
     151.4      24.66
     159.5      24.98
     167.7      25.18
     175.9      25.32
     184.1      25.75
     192.3       26.2
     200.4      26.15
     208.6      26.39
     216.8      25.64
       225      26.89
     233.2      27.06
     241.4      27.21
     249.5      27.21
     257.7      27.25
     265.9         27
     274.1      27.37
     282.3      28.24
     290.4      28.58
     298.6      28.82
     306.8      28.74
       315      28.19
     323.2      29.49
     331.3      35.52
     339.5      29.77
     347.7      35.52
