     4.093       21.8
     12.28      23.01
     20.46      23.64
     28.65      24.17
     36.83      24.58
     45.02      24.86
      53.2      25.11
     61.39      25.46
     69.58      25.85
     77.76      26.04
     85.95      26.41
     94.13      26.62
     102.3      26.79
     110.5      26.89
     118.7      27.15
     126.9      27.15
     135.1       27.5
     143.2      27.77
     151.4      27.86
     159.6      28.05
     167.8      28.36
       176      28.25
     184.2       28.4
     192.4      28.75
     200.5       28.5
     208.7      28.57
     216.9      28.85
     225.1      28.84
     233.3      29.03
     241.5      29.06
     249.7       29.4
     257.8      29.22
       266      29.17
     274.2      29.51
     282.4       29.7
     290.6      30.08
     298.8      29.52
       307      29.43
     315.1      29.87
     323.3      30.24
     331.5      30.95
     339.7       29.8
     347.9      35.52
