     4.093      21.33
     12.28      22.27
     20.46      22.83
     28.65      23.29
     36.83      23.67
     45.02      24.19
      53.2      24.34
     61.39      24.14
     69.58      25.16
     77.76       25.3
     85.95      25.57
     94.13      26.05
     102.3      26.29
     110.5      26.43
     118.7      26.49
     126.9      26.67
     135.1       26.9
     143.2      27.03
     151.4       27.3
     159.6       27.4
     167.8      27.47
       176      27.63
     184.2       27.8
     192.4      27.88
     200.5      28.15
     208.7       28.3
     216.9      28.47
     225.1      28.57
     233.3      28.61
     241.5      28.81
     249.7      28.57
     257.8      28.99
       266      29.19
     274.2      29.42
     282.4      29.83
     290.6      29.73
     298.8      29.61
       307      29.81
     315.1      29.36
     323.3         30
     331.5      29.52
     339.7      30.38
     347.9      34.65
