     4.092      21.21
     12.28      22.46
     20.46      23.33
     28.64      23.98
     36.83      23.87
     45.01      25.13
      53.2      25.52
     61.38      25.86
     69.56      26.41
     77.75       26.4
     85.93      26.53
     94.12      26.81
     102.3         27
     110.5      27.26
     118.7       27.6
     126.9      27.84
       135      28.03
     143.2      28.39
     151.4      28.79
     159.6      28.62
     167.8      28.77
       176      29.17
     184.1      29.31
     192.3      29.18
     200.5      29.45
     208.7      29.49
     216.9      29.65
     225.1      29.81
     233.2      30.23
     241.4      30.06
     249.6      30.27
     257.8      30.87
       266       31.8
     274.2      31.49
     282.3      31.59
     290.5      31.96
     298.7      31.32
     306.9      32.01
     315.1      31.77
     323.3      35.52
     331.5      32.28
     339.6      31.74
     347.8      35.52
