     4.001      19.08
        12      21.39
     20.01      21.84
     28.01      22.05
     36.01      22.25
     44.01      22.49
     52.01      22.75
     60.02      23.08
     68.02      23.33
     76.02       23.5
     84.02      23.69
     92.03      23.79
       100      24.02
       108       24.2
       116      24.37
       124      24.44
       132       24.6
       140      24.57
       148      24.64
       156      24.71
       164      25.02
       172      25.07
       180      25.14
     188.1      25.15
     196.1      25.24
     204.1      24.98
     212.1      24.83
     220.1      25.49
     228.1      25.47
     236.1       25.6
     244.1      25.58
     252.1      25.56
     260.1      25.68
     268.1      25.98
     276.1      25.79
     284.1      25.61
     292.1      26.01
     300.1      25.97
     308.1      26.31
     316.1       26.5
     324.1      26.26
     332.1      26.51
     340.1      26.74
     348.1      26.93
