     4.001         21
        12      21.69
     20.01      22.01
     28.01       22.5
     36.01      22.95
     44.01      23.16
     52.01      23.33
     60.02      23.54
     68.02      23.71
     76.02      23.77
     84.02      23.97
     92.03      24.09
       100      24.02
       108      24.16
       116      24.36
       124      24.44
       132      24.54
       140      24.43
       148      24.32
       156       24.2
       164      24.74
       172      25.12
       180      25.12
     188.1      25.38
     196.1      25.56
     204.1      25.74
     212.1      25.88
     220.1      25.83
     228.1      26.03
     236.1       25.8
     244.1      25.58
     252.1      26.11
     260.1      26.15
     268.1      26.27
     276.1      26.53
     284.1      26.56
     292.1      27.05
     300.1      26.87
     308.1      27.03
     316.1      27.17
     324.1      27.51
     332.1      27.57
     340.1      27.21
     348.1      27.53
