     4.001      20.39
        12      21.29
     20.01      21.68
     28.01       22.5
     36.01      23.09
     44.01      23.43
     52.01      23.81
     60.02       24.1
     68.02      24.31
     76.02      24.49
     84.02      24.59
     92.03      24.87
       100      25.09
       108      24.99
       116      25.13
       124      25.19
       132      25.17
       140      25.01
       148      25.08
       156      25.52
       164      26.03
       172      26.05
       180      25.64
     188.1      24.63
     196.1      25.15
     204.1       25.7
     212.1      25.91
     220.1      26.08
     228.1      25.72
     236.1      25.24
     244.1      26.56
     252.1      26.71
     260.1      26.91
     268.1      26.99
     276.1      27.18
     284.1      27.25
     292.1      26.91
     300.1      26.95
     308.1       27.2
     316.1      28.17
     324.1      28.64
     332.1      27.55
     340.1      28.11
     348.1      28.69
