         4      20.65
        12      22.21
        20      22.84
        28      22.86
        36      23.53
        44      23.93
        52      24.19
        60      24.48
     68.01       24.8
     76.01      24.97
     84.01       25.2
     92.01      25.44
       100      25.75
       108      25.96
       116      25.97
       124      26.02
       132      26.48
       140      26.49
       148      26.49
       156      26.64
       164      26.67
       172      26.84
       180      26.87
       188      27.04
       196      27.19
       204      27.13
       212      27.72
       220       27.5
       228      27.86
       236      27.84
       244      28.12
       252      27.85
       260      28.15
       268      27.98
       276      28.11
       284      28.01
       292      28.91
       300      28.59
       308      28.45
       316      28.67
       324      28.97
       332      29.79
       340      30.99
       348      29.59
