     4.001      18.91
        12      21.52
     20.01      21.79
     28.01       22.3
     36.01      22.63
     44.01      22.87
     52.01      23.12
     60.02      23.31
     68.02      23.53
     76.02      23.76
     84.02      23.81
     92.03      24.06
       100      24.16
       108      24.31
       116      24.52
       124      24.62
       132      24.39
       140      24.68
       148       24.7
       156      24.87
       164      24.94
       172      24.99
       180      25.01
     188.1         25
     196.1      25.16
     204.1      25.43
     212.1      25.44
     220.1      25.51
     228.1      25.48
     236.1      25.58
     244.1      25.55
     252.1      25.53
     260.1       25.5
     268.1      25.68
     276.1      25.74
     284.1      25.72
     292.1      25.81
     300.1      26.06
     308.1      26.24
     316.1      26.22
     324.1      26.29
     332.1       26.4
     340.1      26.89
     348.1      26.34
