     4.088      21.47
     12.26      22.76
     20.44      23.57
     28.61      24.19
     36.79      24.62
     44.97      25.03
     53.14      25.31
     61.32      25.58
     69.49      25.78
     77.67      26.05
     85.84      26.32
     94.02      26.51
     102.2      26.74
     110.4      26.83
     118.5      27.27
     126.7      27.34
     134.9      27.45
     143.1      27.59
     151.2       27.1
     159.4      27.64
     167.6      27.78
     175.8      28.35
     183.9       28.8
     192.1      28.84
     200.3      28.25
     208.5      28.54
     216.7      28.77
     224.8      28.93
       233      29.09
     241.2      29.35
     249.4      29.18
     257.5      29.45
     265.7      29.46
     273.9      29.88
     282.1      30.12
     290.2      29.82
     298.4      30.28
     306.6      30.28
     314.8      29.59
     322.9      30.06
     331.1      31.15
     339.3      30.97
     347.5      35.52
