     4.001      21.46
        12      22.59
     20.01      23.22
     28.01      23.65
     36.01      24.07
     44.01       24.5
     52.01      24.81
     60.02      25.12
     68.02      25.29
     76.02      25.66
     84.02         26
     92.03      26.37
       100       26.6
       108      26.74
       116      26.99
       124      27.01
       132      27.36
       140      27.13
       148      27.36
       156      27.71
       164      27.71
       172      27.98
       180      28.23
     188.1      28.52
     196.1      28.63
     204.1      28.92
     212.1      28.87
     220.1      29.15
     228.1      29.52
     236.1      29.36
     244.1      29.24
     252.1      29.38
     260.1      29.76
     268.1      29.89
     276.1      30.22
     284.1      30.77
     292.1      30.91
     300.1      30.15
     308.1      30.45
     316.1       31.1
     324.1      31.29
     332.1       31.5
     340.1      34.68
     348.1      30.38
