     4.001      21.16
        12      22.27
     20.01      22.89
     28.01      23.28
     36.01       23.7
     44.01      24.08
     52.01      24.33
     60.02      24.49
     68.02      24.72
     76.02      24.91
     84.02      24.85
     92.03         25
       100      25.14
       108      24.69
       116      25.63
       124      25.85
       132      25.98
       140      25.99
       148      25.73
       156      25.16
       164      25.65
       172      26.23
       180      26.25
     188.1      26.28
     196.1      26.64
     204.1       26.8
     212.1      26.97
     220.1      27.03
     228.1      27.18
     236.1      27.21
     244.1      27.21
     252.1      27.29
     260.1      27.54
     268.1      27.63
     276.1      27.62
     284.1      27.54
     292.1      27.62
     300.1      27.66
     308.1      27.93
     316.1      28.08
     324.1       27.9
     332.1      27.89
     340.1       28.4
     348.1       28.2
