     4.093      21.26
     12.28      22.34
     20.46      22.66
     28.65      22.96
     36.83       23.4
     45.02       23.4
      53.2       23.7
     61.39      24.07
     69.58      24.18
     77.76      24.68
     85.95      24.95
     94.13      25.18
     102.3      25.33
     110.5      25.52
     118.7      25.65
     126.9      25.74
     135.1       25.7
     143.2       25.9
     151.4       26.3
     159.6      26.41
     167.8      26.58
       176      26.66
     184.2      26.75
     192.4      27.02
     200.5       27.1
     208.7       27.1
     216.9      27.28
     225.1      27.44
     233.3       27.3
     241.5      27.32
     249.7      27.41
     257.8      27.42
       266      27.45
     274.2      27.59
     282.4      28.06
     290.6       28.2
     298.8      28.69
       307       28.6
     315.1      29.06
     323.3      28.42
     331.5      29.31
     339.7      28.79
     347.9      28.75
