     4.001      14.83
        12      21.39
     20.01      21.67
     28.01      21.91
     36.01      22.52
     44.01      22.85
     52.01      23.02
     60.02      23.29
     68.02      23.48
     76.02      23.64
     84.02      23.75
     92.03      23.79
       100       23.6
       108      23.78
       116      24.11
       124      24.25
       132      24.38
       140      24.53
       148      24.56
       156      24.67
       164      24.86
       172      24.92
       180      25.04
     188.1       25.2
     196.1      25.22
     204.1      25.36
     212.1      25.53
     220.1       25.5
     228.1      25.63
     236.1      25.79
     244.1      25.95
     252.1      25.85
     260.1      25.94
     268.1      25.92
     276.1      25.83
     284.1      25.79
     292.1      25.84
     300.1      25.67
     308.1       26.1
     316.1      26.43
     324.1      26.77
     332.1      26.61
     340.1      26.47
     348.1      26.96
