     4.093      18.95
     12.28      20.77
     20.46      21.42
     28.65      21.72
     36.84      22.09
     45.02      22.77
     53.21      23.05
     61.39      22.77
     69.58      23.05
     77.76      23.63
     85.95      24.13
     94.14      24.64
     102.3      24.81
     110.5      24.94
     118.7      25.21
     126.9      25.19
     135.1      25.32
     143.2      25.69
     151.4      25.54
     159.6      25.54
     167.8      25.89
       176      26.49
     184.2      26.85
     192.4      27.67
     200.5      27.71
     208.7      27.89
     216.9      28.06
     225.1      28.05
     233.3      28.19
     241.5      27.81
     249.7       27.1
     257.8      27.32
       266      27.63
     274.2       27.8
     282.4      26.01
     290.6      27.66
     298.8      30.96
       307      35.52
     315.1      35.35
     323.3      29.21
     331.5      29.16
     339.7      35.52
     347.9      35.52
