     4.091      21.22
     12.27      22.67
     20.46      23.29
     28.64      23.72
     36.82      24.31
        45      24.69
     53.19      25.08
     61.37      25.58
     69.55      25.91
     77.73      26.07
     85.92      26.35
      94.1      26.61
     102.3      26.81
     110.5         27
     118.6      27.04
     126.8      27.18
       135      27.35
     143.2      27.31
     151.4       27.5
     159.6      27.69
     167.7      27.93
     175.9      28.36
     184.1      28.48
     192.3      28.44
     200.5      28.56
     208.7      28.76
     216.8      28.96
       225      28.89
     233.2      29.14
     241.4      29.55
     249.6      29.52
     257.7       29.3
     265.9      29.57
     274.1      29.15
     282.3      29.25
     290.5      29.61
     298.7      29.33
     306.8       29.8
       315      29.49
     323.2      29.43
     331.4      28.93
     339.6      30.57
     347.8      35.52
