     4.001      21.24
        12      21.78
     20.01      22.09
     28.01      22.51
     36.01       22.8
     44.01      22.94
     52.01      23.16
     60.02      23.27
     68.02      23.33
     76.02      23.68
     84.02         24
     92.03      24.19
       100      24.35
       108      24.61
       116      24.78
       124      24.78
       132      25.07
       140      25.15
       148      25.07
       156      25.34
       164      25.13
       172      24.73
       180      25.18
     188.1      25.67
     196.1      25.89
     204.1       25.9
     212.1      25.92
     220.1      25.86
     228.1      25.26
     236.1      25.96
     244.1      25.86
     252.1      26.52
     260.1      26.93
     268.1      27.07
     276.1      27.08
     284.1      26.89
     292.1      26.98
     300.1      26.95
     308.1      27.02
     316.1       27.6
     324.1      27.01
     332.1      27.41
     340.1      27.81
     348.1      28.21
