     8.944  5.554e-18
     16.83  4.891e-18
     24.72  4.081e-18
     32.61  2.213e-18
      40.5  1.827e-18
     48.39  1.034e-18
     56.28   8.51e-19
     64.16  6.643e-19
     72.05  5.833e-19
     79.94  5.182e-19
     87.83  3.731e-19
     95.72  2.969e-19
     103.6  2.576e-19
     111.5  2.195e-19
     119.4  2.045e-19
     127.3  1.634e-19
     135.2  1.473e-19
       143  1.205e-19
     150.9  9.331e-20
     158.8  8.832e-20
     166.7  7.672e-20
     174.6  6.994e-20
     182.5  6.534e-20
     190.4  5.818e-20
     198.3  5.135e-20
     206.2  5.287e-20
       214  5.197e-20
     221.9  3.593e-20
     229.8  3.866e-20
     237.7  3.094e-20
     245.6  3.455e-20
     253.5  3.029e-20
     261.4  2.514e-20
     269.3  2.759e-20
     277.2  2.343e-20
       285  2.257e-20
     292.9  1.779e-20
     300.8  1.668e-20
     308.7  2.351e-20
     316.6  2.096e-20
     324.5  1.099e-20
     332.4  9.994e-21
     340.3   6.06e-21
     348.2  1.916e-20
