     8.944      21.15
     16.83      21.29
     24.72      21.49
     32.61      22.15
      40.5      22.36
     48.39      22.98
     56.28      23.19
     64.16      23.46
     72.05       23.6
     79.94      23.73
     87.83      24.09
     95.72      24.33
     103.6      24.49
     111.5      24.66
     119.4      24.74
     127.3      24.98
     135.2       25.1
       143      25.31
     150.9      25.59
     158.8      25.65
     166.7       25.8
     174.6       25.9
     182.5      25.98
     190.4       26.1
     198.3      26.24
     206.2      26.21
       214      26.23
     221.9      26.63
     229.8      26.55
     237.7      26.79
     245.6      26.67
     253.5      26.81
     261.4      27.02
     269.3      26.91
     277.2      27.09
       285      27.13
     292.9      27.39
     300.8      27.46
     308.7      27.09
     316.6      27.21
     324.5      27.91
     332.4      28.02
     340.3      28.56
     348.2      27.31
