 (1): Wavelength (A) 
 (2): Intrinsic SED (1e30 erg/s/A)
 (3 - 9): SED at angles [   0.0000000      0.26183301      0.52366602      0.78549999       1.0473300       1.3091700       1.5710000     ] (1e30 erg/s/A)
 (10): Angle averaged SED (1e30 erg/s/A)
 (11): Molecular cloud emission (1e30 erg/s/A)
 (12): Cirrus emission (1e30 erg/s/A)
  
            1            2            3            4            5            6            7            8            9           10           11           12
   9.5000E+01   2.8056E+11   1.9525E+11   1.9284E+11   1.5890E+11   1.7593E+11   2.3223E+11   2.3580E+11   1.5746E+11   2.0043E+11   1.3980E+03   0.0000E+00
   1.0186E+02   2.9701E+11   1.9878E+11   1.9632E+11   1.6125E+11   1.7886E+11   2.3678E+11   2.4097E+11   1.5960E+11   2.0415E+11   4.0638E+03   0.0000E+00
   1.0921E+02   2.9791E+11   1.9882E+11   1.9636E+11   1.6129E+11   1.7889E+11   2.3682E+11   2.4100E+11   1.5964E+11   2.0418E+11   1.1830E+04   0.0000E+00
   1.1709E+02   2.9880E+11   1.9820E+11   1.9575E+11   1.6050E+11   1.7820E+11   2.3627E+11   2.4074E+11   1.5876E+11   2.0360E+11   3.4414E+04   0.0000E+00
   1.2554E+02   3.1022E+11   2.0143E+11   1.9893E+11   1.6245E+11   1.8078E+11   2.4054E+11   2.4581E+11   1.6045E+11   2.0704E+11   1.0000E+05   0.0000E+00
   1.3460E+02   3.1053E+11   2.0052E+11   1.9802E+11   1.6129E+11   1.7977E+11   2.3971E+11   2.4542E+11   1.5917E+11   2.0618E+11   2.9078E+05   0.0000E+00
   1.4431E+02   3.2177E+11   1.9966E+11   1.9715E+11   1.6013E+11   1.7877E+11   2.3894E+11   2.4522E+11   1.5785E+11   2.0538E+11   8.4527E+05   0.0000E+00
   1.5473E+02   3.3249E+11   2.0131E+11   1.9874E+11   1.6084E+11   1.7995E+11   2.4123E+11   2.4831E+11   1.5834E+11   2.0717E+11   2.4561E+06   0.0000E+00
   1.6589E+02   3.3592E+11   2.0177E+11   1.9917E+11   1.6063E+11   1.8009E+11   2.4208E+11   2.4996E+11   1.5793E+11   2.0776E+11   7.1366E+06   0.0000E+00
   1.7786E+02   3.3644E+11   2.0049E+11   1.9787E+11   1.5903E+11   1.7868E+11   2.4082E+11   2.4946E+11   1.5617E+11   2.0655E+11   2.0735E+07   0.0000E+00
   1.9070E+02   3.3691E+11   1.9943E+11   1.9678E+11   1.5770E+11   1.7751E+11   2.3974E+11   2.4908E+11   1.5470E+11   2.0554E+11   6.0254E+07   0.0000E+00
   2.0446E+02   3.4228E+11   2.0188E+11   1.9916E+11   1.5931E+11   1.7954E+11   2.4281E+11   2.5279E+11   1.5618E+11   2.0813E+11   1.7518E+08   0.0000E+00
   2.1922E+02   3.4522E+11   2.0232E+11   1.9955E+11   1.5914E+11   1.7970E+11   2.4350E+11   2.5447E+11   1.5583E+11   2.0870E+11   5.0880E+08   0.0000E+00
   2.3504E+02   4.9626E+11   2.0528E+11   2.0239E+11   1.6170E+11   1.8244E+11   2.4652E+11   2.5839E+11   1.5824E+11   2.1174E+11   1.4778E+09   0.0000E+00
   2.5200E+02   9.2886E+11   2.0759E+11   2.0463E+11   1.6351E+11   1.8451E+11   2.4894E+11   2.6199E+11   1.5991E+11   2.1421E+11   4.2898E+09   0.0000E+00
   2.7019E+02   1.2037E+12   2.1721E+11   2.1416E+11   1.7216E+11   1.9361E+11   2.5918E+11   2.7370E+11   1.6841E+11   2.2412E+11   1.2450E+10   0.0000E+00
   2.8969E+02   1.1922E+12   2.3840E+11   2.3534E+11   1.9336E+11   2.1462E+11   2.8030E+11   2.9620E+11   1.8959E+11   2.4559E+11   3.6125E+10   0.0000E+00
   3.1059E+02   1.0152E+12   2.5863E+11   2.5557E+11   2.1365E+11   2.3469E+11   3.0046E+11   3.1781E+11   2.0989E+11   2.6614E+11   5.8719E+10   0.0000E+00
   3.3301E+02   1.1954E+12   2.5556E+11   2.5236E+11   2.0940E+11   2.3113E+11   2.9803E+11   3.1712E+11   2.0553E+11   2.6339E+11   5.3211E+10   0.0000E+00
   3.5704E+02   1.1944E+12   2.4837E+11   2.4512E+11   2.0215E+11   2.2403E+11   2.9050E+11   3.1097E+11   1.9828E+11   2.5638E+11   4.8213E+10   0.0000E+00
   3.8280E+02   1.1785E+12   2.4394E+11   2.4070E+11   1.9770E+11   2.1964E+11   2.8606E+11   3.0627E+11   1.9381E+11   2.5188E+11   4.3884E+10   0.0000E+00
   4.1043E+02   1.2655E+12   2.4273E+11   2.3941E+11   1.9560E+11   2.1805E+11   2.8548E+11   3.0655E+11   1.9163E+11   2.5087E+11   3.9866E+10   0.0000E+00
   4.4005E+02   1.2156E+12   2.3718E+11   2.3377E+11   1.8985E+11   2.1254E+11   2.7964E+11   3.0267E+11   1.8593E+11   2.4562E+11   3.6076E+10   0.0000E+00
   4.7181E+02   1.1522E+12   2.3418E+11   2.3059E+11   1.8609E+11   2.0933E+11   2.7675E+11   3.0279E+11   1.8223E+11   2.4319E+11   3.2582E+10   0.0000E+00
   5.0586E+02   1.1164E+12   2.1913E+11   2.1536E+11   1.7111E+11   1.9463E+11   2.6086E+11   2.8993E+11   1.6742E+11   2.2859E+11   2.0010E+10   0.0000E+00
   5.4236E+02   1.1065E+12   2.0738E+11   2.0336E+11   1.5993E+11   1.8347E+11   2.4779E+11   2.8056E+11   1.5659E+11   2.1742E+11   1.1682E+10   0.0000E+00
   5.8151E+02   1.1316E+12   1.9645E+11   1.9192E+11   1.5039E+11   1.7362E+11   2.3462E+11   2.7317E+11   1.4781E+11   2.0749E+11   6.7640E+09   0.0000E+00
   6.2347E+02   1.0721E+12   1.7954E+11   1.7323E+11   1.3762E+11   1.5921E+11   2.1158E+11   2.6009E+11   1.3695E+11   1.9182E+11   3.8202E+09   0.0000E+00
   6.6847E+02   1.0250E+12   1.7058E+11   1.6160E+11   1.3113E+11   1.5162E+11   1.9705E+11   2.5357E+11   1.3226E+11   1.8316E+11   2.1621E+09   0.0000E+00
   7.1671E+02   9.7048E+11   1.6400E+11   1.5310E+11   1.2650E+11   1.4598E+11   1.8626E+11   2.4620E+11   1.2883E+11   1.7614E+11   2.3518E+09   0.0000E+00
   7.6843E+02   8.7762E+11   1.6595E+11   1.5699E+11   1.2790E+11   1.4765E+11   1.9115E+11   2.4649E+11   1.2920E+11   1.7814E+11   2.8361E+09   0.0000E+00
   8.2389E+02   8.6130E+11   1.7390E+11   1.6714E+11   1.3365E+11   1.5444E+11   2.0387E+11   2.5322E+11   1.3352E+11   1.8604E+11   3.4646E+09   0.0000E+00
   8.8334E+02   8.1672E+11   1.8113E+11   1.7535E+11   1.3904E+11   1.6066E+11   2.1406E+11   2.5971E+11   1.3811E+11   1.9305E+11   4.1796E+09   0.0000E+00
   9.4709E+02   2.2852E+12   3.6276E+11   3.5004E+11   3.0713E+11   3.3759E+11   4.0903E+11   4.6178E+11   3.2104E+11   3.7991E+11   5.0171E+09   0.0000E+00
   1.0154E+03   2.6252E+12   5.3012E+11   5.1155E+11   4.6233E+11   5.0105E+11   5.9048E+11   6.4479E+11   4.8756E+11   5.5158E+11   8.1005E+09   0.0000E+00
   1.0887E+03   2.6061E+12   6.7001E+11   6.4959E+11   5.9683E+11   6.3760E+11   7.3956E+11   7.9025E+11   6.2356E+11   6.9302E+11   1.3351E+10   0.0000E+00
   1.1673E+03   2.4037E+12   6.9630E+11   6.7568E+11   6.2228E+11   6.6498E+11   7.7378E+11   8.2000E+11   6.5122E+11   7.2221E+11   2.2306E+10   0.0000E+00
   1.2515E+03   2.2728E+12   6.8258E+11   6.6199E+11   6.0930E+11   6.5490E+11   7.6668E+11   8.0824E+11   6.4371E+11   7.1203E+11   2.4134E+10   0.0000E+00
   1.3419E+03   2.1892E+12   7.4086E+11   7.1984E+11   6.6892E+11   7.1261E+11   8.2748E+11   8.6436E+11   7.0197E+11   7.7038E+11   2.0965E+10   0.0000E+00
   1.4387E+03   1.9091E+12   6.9367E+11   6.7485E+11   6.2763E+11   6.6717E+11   7.7524E+11   8.0660E+11   6.5606E+11   7.2081E+11   1.8169E+10   0.0000E+00
   1.5425E+03   1.4935E+12   6.1202E+11   5.9689E+11   5.5425E+11   5.8632E+11   6.8156E+11   7.0665E+11   5.7261E+11   6.3310E+11   1.5747E+10   0.0000E+00
   1.6538E+03   1.3900E+12   5.5256E+11   5.3861E+11   5.0067E+11   5.3157E+11   6.1919E+11   6.4039E+11   5.2129E+11   5.7403E+11   1.3638E+10   0.0000E+00
   1.7732E+03   1.2581E+12   5.2843E+11   5.1510E+11   4.8011E+11   5.0822E+11   5.9082E+11   6.0958E+11   4.9822E+11   5.4806E+11   1.1776E+10   0.0000E+00
   1.9012E+03   1.0812E+12   4.6889E+11   4.5704E+11   4.2510E+11   4.4975E+11   5.2352E+11   5.4076E+11   4.3960E+11   4.8545E+11   9.8768E+09   0.0000E+00
   2.0384E+03   9.6964E+11   4.1856E+11   4.0731E+11   3.7807E+11   4.0033E+11   4.6675E+11   4.8452E+11   3.9081E+11   4.3302E+11   5.7542E+09   0.0000E+00
   2.1855E+03   8.4787E+11   3.6424E+11   3.5411E+11   3.2771E+11   3.4750E+11   4.0601E+11   4.2335E+11   3.3861E+11   3.7667E+11   3.6318E+09   0.0000E+00
   2.3432E+03   6.9444E+11   3.1109E+11   3.0319E+11   2.8005E+11   2.9735E+11   3.4852E+11   3.6091E+11   2.8922E+11   3.2211E+11   4.2332E+09   0.0000E+00
   2.5123E+03   6.1608E+11   3.0258E+11   2.9557E+11   2.7496E+11   2.9066E+11   3.3906E+11   3.4743E+11   2.8348E+11   3.1334E+11   4.9827E+09   0.0000E+00
   2.6936E+03   5.8028E+11   3.0439E+11   2.9761E+11   2.7873E+11   2.9334E+11   3.4012E+11   3.4650E+11   2.8675E+11   3.1491E+11   5.6655E+09   0.0000E+00
   2.8880E+03   5.2374E+11   2.8767E+11   2.8137E+11   2.6439E+11   2.7749E+11   3.2067E+11   3.2571E+11   2.7138E+11   2.9723E+11   4.8698E+09   0.0000E+00
   3.0964E+03   4.8203E+11   2.7874E+11   2.7262E+11   2.5749E+11   2.6919E+11   3.0939E+11   3.1331E+11   2.6354E+11   2.8744E+11   4.1910E+09   0.0000E+00
   3.3199E+03   4.3172E+11   2.5843E+11   2.5279E+11   2.3985E+11   2.5007E+11   2.8599E+11   2.8888E+11   2.4518E+11   2.6625E+11   3.6132E+09   0.0000E+00
   3.5595E+03   3.9373E+11   2.4496E+11   2.3961E+11   2.2863E+11   2.3754E+11   2.6980E+11   2.7185E+11   2.3327E+11   2.5196E+11   3.1201E+09   0.0000E+00
   3.8163E+03   5.3452E+11   3.5984E+11   3.5158E+11   3.4096E+11   3.5066E+11   3.9066E+11   3.9259E+11   3.4660E+11   3.6862E+11   2.6975E+09   0.0000E+00
   4.0918E+03   4.9563E+11   3.4256E+11   3.3465E+11   3.2555E+11   3.3421E+11   3.7075E+11   3.7201E+11   3.3028E+11   3.5046E+11   2.3361E+09   0.0000E+00
   4.3870E+03   4.8234E+11   3.4660E+11   3.3850E+11   3.3048E+11   3.3846E+11   3.7352E+11   3.7423E+11   3.3451E+11   3.5393E+11   2.0279E+09   0.0000E+00
   4.7036E+03   4.3821E+11   3.2043E+11   3.1299E+11   3.0635E+11   3.1344E+11   3.4468E+11   3.4497E+11   3.0988E+11   3.2710E+11   1.6862E+09   0.0000E+00
   5.0431E+03   3.8010E+11   2.8295E+11   2.7648E+11   2.7108E+11   2.7712E+11   3.0375E+11   3.0372E+11   2.7395E+11   2.8866E+11   1.3876E+09   0.0000E+00
   5.4070E+03   3.3239E+11   2.5185E+11   2.4623E+11   2.4192E+11   2.4710E+11   2.6976E+11   2.6948E+11   2.4432E+11   2.5682E+11   1.1433E+09   0.0000E+00
   5.7973E+03   3.0788E+11   2.3712E+11   2.3187E+11   2.2840E+11   2.3304E+11   2.5338E+11   2.5292E+11   2.3045E+11   2.4167E+11   9.4218E+08   0.0000E+00
   6.2156E+03   2.6755E+11   2.0912E+11   2.0461E+11   2.0180E+11   2.0574E+11   2.2296E+11   2.2242E+11   2.0342E+11   2.1298E+11   7.7652E+08   0.0000E+00
   6.6642E+03   2.3721E+11   1.8735E+11   1.8339E+11   1.8114E+11   1.8459E+11   1.9942E+11   1.9885E+11   1.8255E+11   1.9077E+11   6.3492E+08   0.0000E+00
   7.1451E+03   2.0924E+11   1.6733E+11   1.6389E+11   1.6215E+11   1.6510E+11   1.7769E+11   1.7710E+11   1.6331E+11   1.7030E+11   5.1638E+08   0.0000E+00
   7.6608E+03   1.8790E+11   1.5183E+11   1.4879E+11   1.4747E+11   1.5007E+11   1.6093E+11   1.6036E+11   1.4850E+11   1.5451E+11   4.2029E+08   0.0000E+00
   8.2136E+03   1.6839E+11   1.3753E+11   1.3485E+11   1.3385E+11   1.3612E+11   1.4546E+11   1.4492E+11   1.3474E+11   1.3991E+11   3.4243E+08   0.0000E+00
   8.8064E+03   1.4214E+11   1.1727E+11   1.1507E+11   1.1429E+11   1.1616E+11   1.2377E+11   1.2327E+11   1.1499E+11   1.1922E+11   2.7977E+08   0.0000E+00
   9.4420E+03   1.3434E+11   1.1196E+11   1.0991E+11   1.0937E+11   1.1108E+11   1.1796E+11   1.1748E+11   1.1001E+11   1.1382E+11   2.2153E+08   2.2863E+08
   1.0123E+04   1.1819E+11   9.9362E+10   9.7594E+10   9.7213E+10   9.8682E+10   1.0447E+11   1.0403E+11   9.7738E+10   1.0096E+11   1.7641E+08   2.5328E+08
   1.0854E+04   1.0118E+11   8.5850E+10   8.4375E+10   8.4095E+10   8.5319E+10   9.0075E+10   8.9684E+10   8.4508E+10   8.7176E+10   1.4298E+08   2.8018E+08
   1.1637E+04   8.8587E+10   7.5890E+10   7.4627E+10   7.4420E+10   7.5457E+10   7.9453E+10   7.9100E+10   7.4739E+10   7.7004E+10   1.2014E+08   3.0709E+08
   1.2477E+04   7.4787E+10   6.4488E+10   6.3470E+10   6.3324E+10   6.4178E+10   6.7395E+10   6.7096E+10   6.3596E+10   6.5414E+10   1.0425E+08   3.3327E+08
   1.3377E+04   6.6372E+10   5.7802E+10   5.6924E+10   5.6814E+10   5.7545E+10   6.0268E+10   5.9997E+10   5.7026E+10   5.8581E+10   9.2361E+07   3.5593E+08
   1.4343E+04   5.9131E+10   5.2007E+10   5.1250E+10   5.1154E+10   5.1783E+10   5.4112E+10   5.3865E+10   5.1316E+10   5.2662E+10   8.6078E+07   3.7451E+08
   1.5378E+04   5.2654E+10   4.6600E+10   4.5954E+10   4.5876E+10   4.6424E+10   4.8405E+10   4.8185E+10   4.6023E+10   4.7166E+10   8.5635E+07   3.8982E+08
   1.6488E+04   4.8598E+10   4.3520E+10   4.2938E+10   4.2871E+10   4.3352E+10   4.5090E+10   4.4883E+10   4.2975E+10   4.3997E+10   8.6692E+07   4.0120E+08
   1.7678E+04   4.2853E+10   3.8728E+10   3.8228E+10   3.8153E+10   3.8569E+10   4.0045E+10   3.9855E+10   3.8232E+10   3.9112E+10   8.4520E+07   4.0657E+08
   1.8953E+04   3.4881E+10   3.1822E+10   3.1430E+10   3.1341E+10   3.1678E+10   3.2850E+10   3.2686E+10   3.1403E+10   3.2106E+10   8.4525E+07   4.0729E+08
   2.0321E+04   3.0608E+10   2.8235E+10   2.7900E+10   2.7808E+10   2.8094E+10   2.9086E+10   2.8936E+10   2.7847E+10   2.8453E+10   8.6819E+07   4.0397E+08
   2.1788E+04   2.5459E+10   2.3719E+10   2.3450E+10   2.3353E+10   2.3589E+10   2.4392E+10   2.4261E+10   2.3383E+10   2.3878E+10   9.1829E+07   3.9674E+08
   2.3360E+04   2.2449E+10   2.1219E+10   2.0986E+10   2.0892E+10   2.1090E+10   2.1768E+10   2.1648E+10   2.0902E+10   2.1331E+10   1.0486E+08   3.8612E+08
   2.5046E+04   1.6663E+10   1.5957E+10   1.5792E+10   1.5692E+10   1.5846E+10   1.6353E+10   1.6255E+10   1.5706E+10   1.6025E+10   1.2443E+08   3.7399E+08
   2.6854E+04   1.5542E+10   1.5022E+10   1.4874E+10   1.4789E+10   1.4923E+10   1.5363E+10   1.5275E+10   1.4798E+10   1.5078E+10   1.5376E+08   3.6185E+08
   2.8792E+04   1.4218E+10   1.3920E+10   1.3792E+10   1.3717E+10   1.3833E+10   1.4207E+10   1.4130E+10   1.3723E+10   1.3963E+10   1.9935E+08   3.5417E+08
   3.0869E+04   1.1581E+10   1.1587E+10   1.1487E+10   1.1421E+10   1.1515E+10   1.1810E+10   1.1746E+10   1.1429E+10   1.1617E+10   2.7243E+08   3.8668E+08
   3.3097E+04   1.0354E+10   1.5590E+10   1.5502E+10   1.5510E+10   1.5642E+10   1.5971E+10   1.5928E+10   1.5612E+10   1.5759E+10   3.9213E+08   5.9054E+09
   3.5486E+04   9.5527E+09   1.0060E+10   9.9838E+09   9.9359E+09   1.0005E+10   1.0213E+10   1.0166E+10   9.9410E+09   1.0076E+10   5.7687E+08   3.5304E+08
   3.8047E+04   8.1317E+09   8.8860E+09   8.8233E+09   8.7830E+09   8.8406E+09   9.0065E+09   8.9682E+09   8.7892E+09   8.8970E+09   7.6951E+08   3.1009E+08
   4.0792E+04   7.4538E+09   8.5219E+09   8.4666E+09   8.4333E+09   8.4839E+09   8.6231E+09   8.5911E+09   8.4405E+09   8.5310E+09   1.0273E+09   3.0518E+08
   4.3736E+04   6.6257E+09   8.1110E+09   8.0626E+09   8.0357E+09   8.0803E+09   8.1951E+09   8.1692E+09   8.0450E+09   8.1189E+09   1.3727E+09   3.2161E+08
   4.6893E+04   5.8604E+09   7.8895E+09   7.8468E+09   7.8258E+09   7.8661E+09   7.9606E+09   7.9402E+09   7.8380E+09   7.8977E+09   1.8362E+09   3.6193E+08
   5.0277E+04   5.3101E+09   8.0615E+09   8.0222E+09   8.0069E+09   8.0449E+09   8.1244E+09   8.1088E+09   8.0227E+09   8.0713E+09   2.4471E+09   4.4932E+08
   5.3905E+04   4.8369E+09   8.2621E+09   8.2263E+09   8.2162E+09   8.2522E+09   8.3209E+09   8.3091E+09   8.2352E+09   8.2751E+09   2.8907E+09   6.6715E+08
   5.7795E+04   4.4282E+09   9.1244E+09   9.0913E+09   9.0890E+09   9.1265E+09   9.1919E+09   9.1837E+09   9.1161E+09   9.1487E+09   3.3012E+09   1.5487E+09
   6.1966E+04   4.0507E+09   1.7046E+10   1.7012E+10   1.7058E+10   1.7133E+10   1.7254E+10   1.7256E+10   1.7156E+10   1.7178E+10   3.6253E+09   9.8894E+09
   6.6438E+04   3.7036E+09   9.8782E+09   9.8497E+09   9.8551E+09   9.8913E+09   9.9465E+09   9.9430E+09   9.8882E+09   9.9105E+09   3.9466E+09   2.3823E+09
   7.1233E+04   3.4016E+09   1.1239E+10   1.1212E+10   1.1225E+10   1.1266E+10   1.1325E+10   1.1324E+10   1.1269E+10   1.1287E+10   4.1568E+09   3.8802E+09
   7.6374E+04   3.1157E+09   1.9496E+10   1.9461E+10   1.9533E+10   1.9628E+10   1.9770E+10   1.9780E+10   1.9670E+10   1.9682E+10   4.2208E+09   1.2848E+10
   8.1885E+04   2.8336E+09   1.1781E+10   1.1726E+10   1.1766E+10   1.1858E+10   1.1990E+10   1.1993E+10   1.1876E+10   1.1904E+10   4.1315E+09   5.3252E+09
   8.7795E+04   2.6223E+09   9.4779E+09   9.3924E+09   9.4209E+09   9.5388E+09   9.7097E+09   9.7093E+09   9.5490E+09   9.5969E+09   3.9885E+09   3.4325E+09
   9.4131E+04   2.3844E+09   6.9732E+09   6.8659E+09   6.8504E+09   6.9602E+09   7.1148E+09   7.1076E+09   6.9434E+09   7.0107E+09   3.8992E+09   1.0007E+09
   1.0092E+05   2.1851E+09   6.7304E+09   6.6330E+09   6.6194E+09   6.7137E+09   6.8355E+09   6.8306E+09   6.6974E+09   6.7522E+09   4.1207E+09   6.3884E+08
   1.0821E+05   1.9939E+09   6.9991E+09   6.9211E+09   6.9210E+09   7.0007E+09   7.0961E+09   7.0952E+09   6.9933E+09   7.0305E+09   4.3005E+09   9.0636E+08
   1.1602E+05   1.8078E+09   7.4622E+09   7.4051E+09   7.4174E+09   7.4834E+09   7.5599E+09   7.5624E+09   7.4854E+09   7.5079E+09   4.3251E+09   1.5431E+09
   1.2439E+05   1.6451E+09   6.6295E+09   6.5896E+09   6.5961E+09   6.6395E+09   6.6860E+09   6.6878E+09   6.6389E+09   6.6541E+09   4.2055E+09   8.9067E+08
   1.3337E+05   1.5110E+09   5.8677E+09   5.8404E+09   5.8435E+09   5.8718E+09   5.9003E+09   5.9014E+09   5.8701E+09   5.8807E+09   3.9992E+09   4.1432E+08
   1.4299E+05   1.3861E+09   5.3962E+09   5.3741E+09   5.3762E+09   5.3985E+09   5.4198E+09   5.4209E+09   5.3968E+09   5.4052E+09   3.8433E+09   2.0469E+08
   1.5331E+05   1.2485E+09   5.2639E+09   5.2397E+09   5.2423E+09   5.2663E+09   5.2881E+09   5.2897E+09   5.2649E+09   5.2730E+09   3.8729E+09   1.8064E+08
   1.6437E+05   1.1471E+09   6.7809E+09   6.7522E+09   6.7683E+09   6.8062E+09   6.8465E+09   6.8512E+09   6.8139E+09   6.8199E+09   3.9641E+09   1.8164E+09
   1.7624E+05   1.0334E+09   5.3200E+09   5.2893E+09   5.2943E+09   5.3245E+09   5.3499E+09   5.3533E+09   5.3246E+09   5.3321E+09   4.0508E+09   2.8644E+08
   1.8895E+05   9.2989E+08   5.2410E+09   5.2116E+09   5.2175E+09   5.2466E+09   5.2702E+09   5.2741E+09   5.2476E+09   5.2538E+09   4.0422E+09   3.1943E+08
   2.0259E+05   8.4610E+08   5.1288E+09   5.1046E+09   5.1113E+09   5.1363E+09   5.1568E+09   5.1605E+09   5.1385E+09   5.1428E+09   3.9023E+09   4.3132E+08
   2.1721E+05   7.7091E+08   5.2620E+09   5.2424E+09   5.2513E+09   5.2741E+09   5.2941E+09   5.2980E+09   5.2782E+09   5.2809E+09   3.7358E+09   8.2059E+08
   2.3289E+05   6.9406E+08   4.8210E+09   4.8052E+09   4.8120E+09   4.8297E+09   4.8445E+09   4.8477E+09   4.8328E+09   4.8348E+09   3.5775E+09   5.9492E+08
   2.4969E+05   6.1073E+08   4.3166E+09   4.3039E+09   4.3087E+09   4.3222E+09   4.3322E+09   4.3349E+09   4.3242E+09   4.3257E+09   3.4150E+09   3.1817E+08
   2.6771E+05   5.4993E+08   4.0097E+09   3.9996E+09   4.0039E+09   4.0148E+09   4.0230E+09   4.0253E+09   4.0167E+09   4.0178E+09   3.1739E+09   3.0915E+08
   2.8703E+05   4.9473E+08   3.7366E+09   3.7285E+09   3.7323E+09   3.7413E+09   3.7481E+09   3.7501E+09   3.7431E+09   3.7439E+09   2.9444E+09   3.1788E+08
   3.0775E+05   4.3581E+08   3.4836E+09   3.4771E+09   3.4806E+09   3.4880E+09   3.4936E+09   3.4954E+09   3.4897E+09   3.4903E+09   2.7340E+09   3.3190E+08
   3.2996E+05   3.8295E+08   3.2623E+09   3.2572E+09   3.2603E+09   3.2665E+09   3.2713E+09   3.2729E+09   3.2681E+09   3.2685E+09   2.5412E+09   3.5469E+08
   3.5377E+05   3.3308E+08   3.0733E+09   3.0692E+09   3.0722E+09   3.0774E+09   3.0815E+09   3.0829E+09   3.0790E+09   3.0792E+09   2.3642E+09   3.9141E+08
   3.7930E+05   2.9646E+08   2.9195E+09   2.9162E+09   2.9190E+09   2.9235E+09   2.9272E+09   2.9284E+09   2.9250E+09   2.9252E+09   2.1937E+09   4.4418E+08
   4.0667E+05   2.5786E+08   2.6807E+09   2.6781E+09   2.6807E+09   2.6846E+09   2.6879E+09   2.6890E+09   2.6860E+09   2.6862E+09   1.9257E+09   5.1158E+08
   4.3602E+05   2.2367E+08   2.4957E+09   2.4937E+09   2.4961E+09   2.4994E+09   2.5025E+09   2.5035E+09   2.5008E+09   2.5009E+09   1.6948E+09   5.9126E+08
   4.6749E+05   1.9066E+08   2.3515E+09   2.3500E+09   2.3522E+09   2.3551E+09   2.3580E+09   2.3588E+09   2.3565E+09   2.3566E+09   1.4956E+09   6.7891E+08
   5.0123E+05   1.6529E+08   2.2442E+09   2.2430E+09   2.2451E+09   2.2476E+09   2.2502E+09   2.2510E+09   2.2490E+09   2.2490E+09   1.3236E+09   7.6853E+08
   5.3740E+05   1.3885E+08   2.1541E+09   2.1531E+09   2.1551E+09   2.1573E+09   2.1596E+09   2.1603E+09   2.1586E+09   2.1586E+09   1.1747E+09   8.5297E+08
   5.7618E+05   1.1665E+08   2.0770E+09   2.0762E+09   2.0780E+09   2.0799E+09   2.0820E+09   2.0826E+09   2.0811E+09   2.0810E+09   1.0458E+09   9.2611E+08
   6.1776E+05   9.7995E+07   1.9994E+09   1.9988E+09   2.0003E+09   2.0020E+09   2.0038E+09   2.0043E+09   2.0031E+09   2.0031E+09   9.2969E+08   9.8215E+08
   6.6235E+05   8.0083E+07   1.9128E+09   1.9123E+09   1.9136E+09   1.9150E+09   1.9166E+09   1.9170E+09   1.9160E+09   1.9160E+09   8.2537E+08   1.0165E+09
   7.1015E+05   6.3918E+07   1.8203E+09   1.8199E+09   1.8211E+09   1.8222E+09   1.8235E+09   1.8239E+09   1.8231E+09   1.8231E+09   7.3652E+08   1.0278E+09
   7.6140E+05   5.1250E+07   1.7201E+09   1.7198E+09   1.7208E+09   1.7218E+09   1.7228E+09   1.7231E+09   1.7225E+09   1.7225E+09   6.6037E+08   1.0152E+09
   8.1635E+05   3.9481E+07   1.6090E+09   1.6088E+09   1.6096E+09   1.6104E+09   1.6112E+09   1.6114E+09   1.6110E+09   1.6110E+09   5.9472E+08   9.8033E+08
   8.7526E+05   3.0750E+07   1.4754E+09   1.4752E+09   1.4759E+09   1.4765E+09   1.4771E+09   1.4774E+09   1.4770E+09   1.4771E+09   5.2203E+08   9.2710E+08
   9.3842E+05   2.3675E+07   1.3255E+09   1.3253E+09   1.3258E+09   1.3263E+09   1.3268E+09   1.3270E+09   1.3267E+09   1.3268E+09   4.4611E+08   8.5921E+08
   1.0061E+06   1.6892E+07   1.1773E+09   1.1772E+09   1.1776E+09   1.1780E+09   1.1783E+09   1.1785E+09   1.1783E+09   1.1783E+09   3.8239E+08   7.8076E+08
   1.0788E+06   1.1923E+07   1.0353E+09   1.0353E+09   1.0356E+09   1.0359E+09   1.0361E+09   1.0362E+09   1.0361E+09   1.0362E+09   3.2870E+08   6.9681E+08
   1.1566E+06   8.4153E+06   9.0342E+08   9.0337E+08   9.0359E+08   9.0381E+08   9.0400E+08   9.0407E+08   9.0400E+08   9.0406E+08   2.8329E+08   6.1330E+08
   1.2401E+06   5.9397E+06   7.7150E+08   7.7146E+08   7.7163E+08   7.7180E+08   7.7193E+08   7.7199E+08   7.7193E+08   7.7200E+08   2.3392E+08   5.3284E+08
   1.3296E+06   4.1924E+06   6.4909E+08   6.4907E+08   6.4920E+08   6.4932E+08   6.4941E+08   6.4945E+08   6.4942E+08   6.4948E+08   1.8613E+08   4.5967E+08
   1.4255E+06   2.9591E+06   5.3742E+08   5.3741E+08   5.3750E+08   5.3758E+08   5.3765E+08   5.3768E+08   5.3766E+08   5.3772E+08   1.4830E+08   3.8682E+08
   1.5284E+06   2.0886E+06   4.3330E+08   4.3329E+08   4.3335E+08   4.3341E+08   4.3345E+08   4.3347E+08   4.3346E+08   4.3351E+08   1.1831E+08   3.1334E+08
   1.6387E+06   1.4742E+06   3.4685E+08   3.4684E+08   3.4688E+08   3.4692E+08   3.4695E+08   3.4697E+08   3.4696E+08   3.4700E+08   9.4508E+07   2.5117E+08
   1.7570E+06   1.0405E+06   2.7585E+08   2.7585E+08   2.7588E+08   2.7590E+08   2.7592E+08   2.7593E+08   2.7593E+08   2.7597E+08   7.5583E+07   1.9944E+08
   1.8838E+06   7.3446E+05   2.1800E+08   2.1800E+08   2.1802E+08   2.1804E+08   2.1805E+08   2.1806E+08   2.1806E+08   2.1809E+08   6.0517E+07   1.5690E+08
   2.0197E+06   5.1841E+05   1.6753E+08   1.6753E+08   1.6754E+08   1.6756E+08   1.6756E+08   1.6757E+08   1.6757E+08   1.6759E+08   4.5135E+07   1.2198E+08
   2.1655E+06   3.6591E+05   1.2770E+08   1.2770E+08   1.2771E+08   1.2771E+08   1.2772E+08   1.2772E+08   1.2772E+08   1.2774E+08   3.3499E+07   9.3898E+07
   2.3217E+06   2.5828E+05   9.6614E+07   9.6613E+07   9.6619E+07   9.6624E+07   9.6627E+07   9.6629E+07   9.6629E+07   9.6645E+07   2.4874E+07   7.1525E+07
   2.4893E+06   1.8230E+05   7.2583E+07   7.2582E+07   7.2586E+07   7.2590E+07   7.2592E+07   7.2593E+07   7.2593E+07   7.2605E+07   1.8477E+07   5.3952E+07
   2.6689E+06   1.2868E+05   5.4153E+07   5.4152E+07   5.4155E+07   5.4157E+07   5.4158E+07   5.4159E+07   5.4159E+07   5.4168E+07   1.3731E+07   4.0311E+07
   2.8616E+06   9.0826E+04   4.0126E+07   4.0126E+07   4.0127E+07   4.0128E+07   4.0129E+07   4.0130E+07   4.0130E+07   4.0137E+07   1.0209E+07   2.9838E+07
   3.0681E+06   6.4110E+04   2.9444E+07   2.9444E+07   2.9445E+07   2.9446E+07   2.9446E+07   2.9447E+07   2.9447E+07   2.9452E+07   7.4719E+06   2.1916E+07
   3.2895E+06   4.5252E+04   2.1308E+07   2.1308E+07   2.1309E+07   2.1309E+07   2.1310E+07   2.1310E+07   2.1310E+07   2.1314E+07   5.2872E+06   1.5981E+07
   3.5269E+06   3.1942E+04   1.5336E+07   1.5336E+07   1.5336E+07   1.5337E+07   1.5337E+07   1.5337E+07   1.5337E+07   1.5340E+07   3.7418E+06   1.1566E+07
   3.7814E+06   2.2546E+04   1.0983E+07   1.0983E+07   1.0983E+07   1.0983E+07   1.0983E+07   1.0983E+07   1.0983E+07   1.0985E+07   2.6485E+06   8.3137E+06
   4.0543E+06   1.5915E+04   7.8304E+06   7.8304E+06   7.8306E+06   7.8307E+06   7.8308E+06   7.8308E+06   7.8308E+06   7.8323E+06   1.8749E+06   5.9410E+06
   4.3469E+06   1.1234E+04   5.5585E+06   5.5585E+06   5.5586E+06   5.5587E+06   5.5587E+06   5.5588E+06   5.5588E+06   5.5598E+06   1.3274E+06   4.2208E+06
   4.6606E+06   7.9295E+03   3.9302E+06   3.9302E+06   3.9302E+06   3.9303E+06   3.9303E+06   3.9303E+06   3.9303E+06   3.9311E+06   9.3993E+05   2.9829E+06
   4.9969E+06   5.5973E+03   2.7474E+06   2.7474E+06   2.7474E+06   2.7474E+06   2.7475E+06   2.7475E+06   2.7475E+06   2.7480E+06   6.4475E+05   2.0974E+06
   5.3576E+06   3.9510E+03   1.9086E+06   1.9086E+06   1.9086E+06   1.9086E+06   1.9086E+06   1.9086E+06   1.9086E+06   1.9090E+06   4.3664E+05   1.4682E+06
   5.7442E+06   2.7890E+03   1.3220E+06   1.3220E+06   1.3220E+06   1.3220E+06   1.3220E+06   1.3220E+06   1.3220E+06   1.3223E+06   2.9571E+05   1.0236E+06
   6.1587E+06   1.9687E+03   9.1324E+05   9.1324E+05   9.1324E+05   9.1325E+05   9.1325E+05   9.1325E+05   9.1326E+05   9.1344E+05   2.0027E+05   7.1109E+05
   6.6032E+06   1.3897E+03   6.2902E+05   6.2902E+05   6.2903E+05   6.2903E+05   6.2903E+05   6.2903E+05   6.2903E+05   6.2916E+05   1.3564E+05   4.9205E+05
   7.0797E+06   9.8101E+02   4.3223E+05   4.3223E+05   4.3223E+05   4.3223E+05   4.3224E+05   4.3224E+05   4.3224E+05   4.3232E+05   9.1863E+04   3.3942E+05
   7.5907E+06   6.9250E+02   2.9638E+05   2.9638E+05   2.9638E+05   2.9638E+05   2.9638E+05   2.9638E+05   2.9638E+05   2.9644E+05   6.2218E+04   2.3349E+05
   8.1385E+06   4.8885E+02   2.0276E+05   2.0276E+05   2.0276E+05   2.0276E+05   2.0276E+05   2.0276E+05   2.0276E+05   2.0280E+05   4.2140E+04   1.6015E+05
   8.7258E+06   3.4510E+02   1.3845E+05   1.3845E+05   1.3845E+05   1.3846E+05   1.3846E+05   1.3846E+05   1.3846E+05   1.3848E+05   2.8542E+04   1.0958E+05
   9.3555E+06   2.4361E+02   9.4361E+04   9.4361E+04   9.4362E+04   9.4362E+04   9.4362E+04   9.4362E+04   9.4362E+04   9.4381E+04   1.9332E+04   7.4792E+04
   1.0031E+07   1.7198E+02   6.4198E+04   6.4198E+04   6.4198E+04   6.4198E+04   6.4198E+04   6.4198E+04   6.4198E+04   6.4211E+04   1.3095E+04   5.0935E+04
   1.0755E+07   1.2141E+02   4.3605E+04   4.3605E+04   4.3605E+04   4.3605E+04   4.3605E+04   4.3605E+04   4.3605E+04   4.3614E+04   8.8696E+03   3.4617E+04
   1.1531E+07   8.5711E+01   2.9574E+04   2.9574E+04   2.9574E+04   2.9574E+04   2.9574E+04   2.9574E+04   2.9574E+04   2.9580E+04   6.0079E+03   2.3482E+04
   1.2363E+07   6.0510E+01   2.0030E+04   2.0030E+04   2.0030E+04   2.0030E+04   2.0030E+04   2.0030E+04   2.0030E+04   2.0034E+04   4.0696E+03   1.5901E+04
   1.3255E+07   4.2719E+01   1.3549E+04   1.3549E+04   1.3549E+04   1.3549E+04   1.3549E+04   1.3549E+04   1.3549E+04   1.3552E+04   2.7567E+03   1.0750E+04
   1.4212E+07   3.0159E+01   9.1546E+03   9.1546E+03   9.1546E+03   9.1547E+03   9.1547E+03   9.1547E+03   9.1547E+03   9.1565E+03   1.8674E+03   7.2576E+03
   1.5237E+07   2.1293E+01   6.1791E+03   6.1791E+03   6.1791E+03   6.1791E+03   6.1791E+03   6.1791E+03   6.1791E+03   6.1803E+03   1.2650E+03   4.8931E+03
   1.6337E+07   1.5034E+01   4.1666E+03   4.1666E+03   4.1666E+03   4.1666E+03   4.1666E+03   4.1666E+03   4.1666E+03   4.1675E+03   8.5692E+02   3.2949E+03
   1.7516E+07   1.0614E+01   2.8072E+03   2.8072E+03   2.8072E+03   2.8072E+03   2.8072E+03   2.8072E+03   2.8072E+03   2.8078E+03   5.8051E+02   2.2162E+03
   1.8780E+07   7.4944E+00   1.8898E+03   1.8898E+03   1.8898E+03   1.8898E+03   1.8898E+03   1.8898E+03   1.8898E+03   1.8902E+03   3.9326E+02   1.4891E+03
   2.0135E+07   5.2916E+00   1.2659E+03   1.2659E+03   1.2659E+03   1.2659E+03   1.2659E+03   1.2659E+03   1.2659E+03   1.2662E+03   2.6106E+02   9.9964E+02
   2.1588E+07   3.7364E+00   8.4703E+02   8.4703E+02   8.4703E+02   8.4703E+02   8.4703E+02   8.4703E+02   8.4703E+02   8.4720E+02   1.7286E+02   6.7048E+02
   2.3146E+07   2.6384E+00   5.6642E+02   5.6642E+02   5.6642E+02   5.6642E+02   5.6642E+02   5.6642E+02   5.6642E+02   5.6654E+02   1.1445E+02   4.4936E+02
   2.4817E+07   1.8630E+00   3.7857E+02   3.7857E+02   3.7857E+02   3.7857E+02   3.7857E+02   3.7857E+02   3.7857E+02   3.7865E+02   7.5782E+01   3.0095E+02
   2.6608E+07   1.3156E+00   2.5290E+02   2.5290E+02   2.5290E+02   2.5290E+02   2.5290E+02   2.5290E+02   2.5290E+02   2.5296E+02   5.0178E+01   2.0142E+02
   2.8528E+07   9.2907E-01   1.6888E+02   1.6888E+02   1.6888E+02   1.6888E+02   1.6888E+02   1.6888E+02   1.6888E+02   1.6891E+02   3.3224E+01   1.3473E+02
   3.0587E+07   6.5612E-01   1.1273E+02   1.1273E+02   1.1273E+02   1.1273E+02   1.1273E+02   1.1273E+02   1.1273E+02   1.1275E+02   2.1998E+01   9.0079E+01
   3.2794E+07   4.6338E-01   7.5220E+01   7.5220E+01   7.5220E+01   7.5220E+01   7.5220E+01   7.5220E+01   7.5220E+01   7.5236E+01   1.4566E+01   6.0195E+01
   3.5161E+07   3.2728E-01   5.0179E+01   5.0179E+01   5.0179E+01   5.0179E+01   5.0179E+01   5.0179E+01   5.0179E+01   5.0189E+01   9.6444E+00   4.0209E+01
   3.7698E+07   2.3116E-01   3.3464E+01   3.3464E+01   3.3464E+01   3.3464E+01   3.3464E+01   3.3464E+01   3.3464E+01   3.3471E+01   6.3858E+00   2.6849E+01
   4.0419E+07   1.6328E-01   2.2313E+01   2.2313E+01   2.2313E+01   2.2313E+01   2.2313E+01   2.2313E+01   2.2313E+01   2.2317E+01   4.2282E+00   1.7922E+01
   4.3336E+07   1.1533E-01   1.4874E+01   1.4874E+01   1.4874E+01   1.4874E+01   1.4874E+01   1.4874E+01   1.4874E+01   1.4877E+01   2.7996E+00   1.1960E+01
   4.6463E+07   8.1475E-02   9.9138E+00   9.9138E+00   9.9138E+00   9.9138E+00   9.9138E+00   9.9138E+00   9.9138E+00   9.9158E+00   1.8537E+00   7.9791E+00
   4.9817E+07   5.7558E-02   6.6069E+00   6.6069E+00   6.6069E+00   6.6069E+00   6.6069E+00   6.6069E+00   6.6069E+00   6.6083E+00   1.2274E+00   5.3223E+00
   5.3412E+07   4.0666E-02   4.4027E+00   4.4027E+00   4.4027E+00   4.4027E+00   4.4027E+00   4.4027E+00   4.4027E+00   4.4036E+00   8.1269E-01   3.5495E+00
   5.7266E+07   2.8733E-02   2.9336E+00   2.9336E+00   2.9336E+00   2.9336E+00   2.9336E+00   2.9336E+00   2.9336E+00   2.9342E+00   5.3811E-01   2.3669E+00
   6.1399E+07   2.0303E-02   1.9546E+00   1.9546E+00   1.9546E+00   1.9546E+00   1.9546E+00   1.9546E+00   1.9546E+00   1.9550E+00   3.5630E-01   1.5781E+00
   6.5830E+07   1.4347E-02   1.3023E+00   1.3023E+00   1.3023E+00   1.3023E+00   1.3023E+00   1.3023E+00   1.3023E+00   1.3026E+00   2.3592E-01   1.0521E+00
   7.0581E+07   1.0140E-02   8.6771E-01   8.6771E-01   8.6771E-01   8.6771E-01   8.6771E-01   8.6771E-01   8.6771E-01   8.6789E-01   1.5621E-01   7.0141E-01
   7.5675E+07   7.1665E-03   5.7816E-01   5.7816E-01   5.7816E-01   5.7816E-01   5.7816E-01   5.7816E-01   5.7816E-01   5.7828E-01   1.0343E-01   4.6759E-01
   8.1136E+07   5.0657E-03   3.8525E-01   3.8525E-01   3.8525E-01   3.8525E-01   3.8525E-01   3.8525E-01   3.8525E-01   3.8533E-01   6.8484E-02   3.1172E-01
   8.6991E+07   3.5811E-03   2.5673E-01   2.5673E-01   2.5673E-01   2.5673E-01   2.5673E-01   2.5673E-01   2.5673E-01   2.5678E-01   4.5345E-02   2.0781E-01
   9.3269E+07   2.5319E-03   1.7110E-01   1.7110E-01   1.7110E-01   1.7110E-01   1.7110E-01   1.7110E-01   1.7110E-01   1.7113E-01   3.0025E-02   1.3855E-01
   1.0000E+08   1.7902E-03   1.1404E-01   1.1404E-01   1.1404E-01   1.1404E-01   1.1404E-01   1.1404E-01   1.1404E-01   1.1406E-01   1.9880E-02   9.2376E-02
