 (1): Wavelength (A) 
 (2): Intrinsic SED (1e30 erg/s/A)
 (3 - 9): SED at angles [   0.0000000      0.26183301      0.52366602      0.78549999       1.0473300       1.3091700       1.5710000     ] (1e30 erg/s/A)
 (10): Angle averaged SED (1e30 erg/s/A)
 (11): Molecular cloud emission (1e30 erg/s/A)
 (12): Cirrus emission (1e30 erg/s/A)
  
            1            2            3            4            5            6            7            8            9           10           11           12
   9.5000E+01   1.4456E+12   1.0077E+12   1.0966E+12   9.9960E+11   8.5918E+11   1.0369E+12   1.1109E+12   1.1632E+12   1.0381E+12   5.6014E+04   0.0000E+00
   1.0186E+02   1.5055E+12   1.0183E+12   1.1123E+12   1.0141E+12   8.6861E+11   1.0513E+12   1.1286E+12   1.1823E+12   1.0531E+12   5.3600E+04   0.0000E+00
   1.0921E+02   1.5075E+12   1.0184E+12   1.1124E+12   1.0142E+12   8.6873E+11   1.0515E+12   1.1287E+12   1.1824E+12   1.0532E+12   8.1520E+04   0.0000E+00
   1.1709E+02   1.5094E+12   1.0119E+12   1.1075E+12   1.0098E+12   8.6340E+11   1.0466E+12   1.1246E+12   1.1785E+12   1.0486E+12   1.6656E+05   0.0000E+00
   1.2554E+02   1.5524E+12   1.0199E+12   1.1217E+12   1.0230E+12   8.7102E+11   1.0597E+12   1.1413E+12   1.1968E+12   1.0622E+12   3.8123E+05   0.0000E+00
   1.3460E+02   1.5525E+12   1.0098E+12   1.1142E+12   1.0163E+12   8.6309E+11   1.0525E+12   1.1351E+12   1.1908E+12   1.0553E+12   9.0586E+05   0.0000E+00
   1.4431E+02   1.5692E+12   9.9798E+11   1.1055E+12   1.0087E+12   8.5391E+11   1.0442E+12   1.1281E+12   1.1839E+12   1.0474E+12   2.1747E+06   0.0000E+00
   1.5473E+02   1.5998E+12   9.9698E+11   1.1100E+12   1.0133E+12   8.5444E+11   1.0486E+12   1.1351E+12   1.1920E+12   1.0521E+12   5.2398E+06   0.0000E+00
   1.6589E+02   1.6150E+12   9.9019E+11   1.1082E+12   1.0122E+12   8.5022E+11   1.0471E+12   1.1356E+12   1.1933E+12   1.0510E+12   1.2666E+07   0.0000E+00
   1.7786E+02   1.6162E+12   9.7434E+11   1.0965E+12   1.0021E+12   8.3847E+11   1.0365E+12   1.1261E+12   1.1840E+12   1.0405E+12   3.0720E+07   0.0000E+00
   1.9070E+02   1.6177E+12   9.6038E+11   1.0861E+12   9.9330E+11   8.2830E+11   1.0272E+12   1.1178E+12   1.1758E+12   1.0313E+12   7.4889E+07   0.0000E+00
   2.0446E+02   1.6445E+12   9.6539E+11   1.0958E+12   1.0026E+12   8.3407E+11   1.0367E+12   1.1294E+12   1.1883E+12   1.0410E+12   1.8391E+08   0.0000E+00
   2.1922E+02   1.6597E+12   9.5493E+11   1.0909E+12   9.9905E+11   8.2781E+11   1.0331E+12   1.1274E+12   1.1869E+12   1.0374E+12   4.5454E+08   0.0000E+00
   2.3504E+02   2.0394E+12   9.4347E+11   1.0839E+12   9.9398E+11   8.2139E+11   1.0279E+12   1.1229E+12   1.1827E+12   1.0320E+12   1.1366E+09   0.0000E+00
   2.5200E+02   2.3609E+12   9.2931E+11   1.0756E+12   9.8778E+11   8.1312E+11   1.0219E+12   1.1178E+12   1.1779E+12   1.0257E+12   2.8816E+09   0.0000E+00
   2.7019E+02   2.6218E+12   9.2842E+11   1.0824E+12   9.9581E+11   8.1721E+11   1.0309E+12   1.1283E+12   1.1892E+12   1.0340E+12   7.4434E+09   0.0000E+00
   2.8969E+02   2.6254E+12   9.1893E+11   1.0766E+12   9.9335E+11   8.1499E+11   1.0295E+12   1.1251E+12   1.1851E+12   1.0311E+12   1.9675E+10   0.0000E+00
   3.1059E+02   2.4739E+12   9.0675E+11   1.0688E+12   9.8861E+11   8.1060E+11   1.0262E+12   1.1199E+12   1.1791E+12   1.0261E+12   2.9830E+10   0.0000E+00
   3.3301E+02   2.6137E+12   8.9742E+11   1.0701E+12   9.9070E+11   8.0769E+11   1.0302E+12   1.1266E+12   1.1873E+12   1.0294E+12   2.5311E+10   0.0000E+00
   3.5704E+02   2.6024E+12   8.6853E+11   1.0479E+12   9.7116E+11   7.8768E+11   1.0122E+12   1.1085E+12   1.1691E+12   1.0103E+12   2.1474E+10   0.0000E+00
   3.8280E+02   2.5747E+12   8.6788E+11   1.0469E+12   9.6959E+11   7.8581E+11   1.0102E+12   1.1071E+12   1.1680E+12   1.0088E+12   1.8358E+10   0.0000E+00
   4.1043E+02   2.6662E+12   8.7161E+11   1.0566E+12   9.7879E+11   7.9128E+11   1.0207E+12   1.1196E+12   1.1817E+12   1.0189E+12   1.5643E+10   0.0000E+00
   4.4005E+02   2.6217E+12   8.4104E+11   1.0351E+12   9.6049E+11   7.7222E+11   1.0052E+12   1.1035E+12   1.1656E+12   1.0015E+12   1.3246E+10   0.0000E+00
   4.7181E+02   2.5843E+12   8.1332E+11   1.0215E+12   9.5023E+11   7.5919E+11   1.0002E+12   1.0982E+12   1.1608E+12   9.9335E+11   1.1183E+10   0.0000E+00
   5.0586E+02   2.5787E+12   7.6380E+11   9.8469E+11   9.1816E+11   7.2786E+11   9.7417E+11   1.0696E+12   1.1321E+12   9.6344E+11   4.9104E+09   0.0000E+00
   5.4236E+02   2.6198E+12   7.0839E+11   9.4163E+11   8.8099E+11   6.9416E+11   9.4563E+11   1.0355E+12   1.0970E+12   9.2919E+11   1.9893E+09   0.0000E+00
   5.8151E+02   2.6534E+12   6.3092E+11   8.7969E+11   8.2751E+11   6.4820E+11   9.0827E+11   9.8755E+11   1.0458E+12   8.8138E+11   8.0087E+08   0.0000E+00
   6.2347E+02   2.5765E+12   4.9714E+11   7.5857E+11   7.2021E+11   5.6181E+11   8.3278E+11   8.8774E+11   9.3635E+11   7.8523E+11   3.1417E+08   0.0000E+00
   6.6847E+02   2.5234E+12   4.1959E+11   6.8530E+11   6.5447E+11   5.0985E+11   7.9197E+11   8.2906E+11   8.6915E+11   7.2846E+11   1.2453E+08   0.0000E+00
   7.1671E+02   2.4477E+12   3.7361E+11   6.3399E+11   6.0708E+11   4.7237E+11   7.5483E+11   7.8148E+11   8.1545E+11   6.8407E+11   1.4344E+08   0.0000E+00
   7.6843E+02   2.3431E+12   4.0242E+11   6.5951E+11   6.3009E+11   4.9124E+11   7.6486E+11   7.9939E+11   8.3785E+11   7.0233E+11   1.9014E+08   0.0000E+00
   8.2389E+02   2.3343E+12   4.6623E+11   7.2229E+11   6.8693E+11   5.3652E+11   8.0287E+11   8.5167E+11   8.9770E+11   7.5261E+11   2.5576E+08   0.0000E+00
   8.8334E+02   2.3069E+12   5.1721E+11   7.7176E+11   7.3148E+11   5.7216E+11   8.3503E+11   8.9375E+11   9.4471E+11   7.9290E+11   3.3839E+08   0.0000E+00
   9.4709E+02   5.4149E+12   9.7027E+11   1.2126E+12   1.1603E+12   1.0136E+12   1.2536E+12   1.3081E+12   1.4285E+12   1.2266E+12   4.4357E+08   0.0000E+00
   1.0154E+03   6.3895E+12   1.4511E+12   1.6936E+12   1.6329E+12   1.4811E+12   1.7285E+12   1.7928E+12   1.9534E+12   1.7093E+12   9.7414E+08   0.0000E+00
   1.0887E+03   6.5338E+12   1.8029E+12   2.0426E+12   1.9781E+12   1.8158E+12   2.0677E+12   2.1446E+12   2.3215E+12   2.0563E+12   2.1967E+09   0.0000E+00
   1.1673E+03   6.1060E+12   1.9161E+12   2.1498E+12   2.0828E+12   1.9118E+12   2.1648E+12   2.2531E+12   2.4298E+12   2.1595E+12   5.0144E+09   0.0000E+00
   1.2515E+03   5.8494E+12   1.9459E+12   2.1689E+12   2.0991E+12   1.9254E+12   2.1711E+12   2.2640E+12   2.4375E+12   2.1709E+12   6.1532E+09   0.0000E+00
   1.3419E+03   5.4645E+12   1.9795E+12   2.1768E+12   2.1111E+12   1.9468E+12   2.1702E+12   2.2643E+12   2.4304E+12   2.1765E+12   5.5367E+09   0.0000E+00
   1.4387E+03   4.8172E+12   1.8708E+12   2.0463E+12   1.9817E+12   1.8257E+12   2.0324E+12   2.1235E+12   2.2735E+12   2.0406E+12   4.9673E+09   0.0000E+00
   1.5425E+03   3.8419E+12   1.6449E+12   1.7946E+12   1.7326E+12   1.5877E+12   1.7734E+12   1.8591E+12   1.9834E+12   1.7823E+12   4.4578E+09   0.0000E+00
   1.6538E+03   3.5571E+12   1.5153E+12   1.6452E+12   1.5868E+12   1.4566E+12   1.6210E+12   1.6975E+12   1.8102E+12   1.6302E+12   3.9972E+09   0.0000E+00
   1.7732E+03   3.1670E+12   1.4055E+12   1.5197E+12   1.4666E+12   1.3489E+12   1.4964E+12   1.5672E+12   1.6687E+12   1.5058E+12   3.5699E+09   0.0000E+00
   1.9012E+03   2.7294E+12   1.2283E+12   1.3338E+12   1.2868E+12   1.1794E+12   1.3143E+12   1.3795E+12   1.4681E+12   1.3223E+12   3.0481E+09   0.0000E+00
   2.0384E+03   2.4311E+12   1.0605E+12   1.1630E+12   1.1253E+12   1.0298E+12   1.1529E+12   1.2116E+12   1.2917E+12   1.1587E+12   1.4717E+09   0.0000E+00
   2.1855E+03   2.1356E+12   9.0865E+11   1.0062E+12   9.7457E+11   8.8889E+11   1.0016E+12   1.0538E+12   1.1245E+12   1.0054E+12   8.0887E+08   0.0000E+00
   2.3432E+03   1.8106E+12   8.2688E+11   9.0695E+11   8.7262E+11   7.9219E+11   8.9278E+11   9.4086E+11   1.0007E+12   8.9776E+11   1.1497E+09   0.0000E+00
   2.5123E+03   1.6080E+12   8.2551E+11   8.8730E+11   8.5037E+11   7.7716E+11   8.6717E+11   9.1131E+11   9.6432E+11   8.7294E+11   1.6657E+09   0.0000E+00
   2.6936E+03   1.4863E+12   8.1947E+11   8.7070E+11   8.3360E+11   7.6669E+11   8.4941E+11   8.8993E+11   9.3836E+11   8.5495E+11   2.3141E+09   0.0000E+00
   2.8880E+03   1.3270E+12   7.6554E+11   8.0894E+11   7.7385E+11   7.1383E+11   7.8846E+11   8.2485E+11   8.6788E+11   7.9343E+11   2.1195E+09   0.0000E+00
   3.0964E+03   1.1851E+12   7.1662E+11   7.5249E+11   7.2034E+11   6.6782E+11   7.3360E+11   7.6582E+11   8.0402E+11   7.3814E+11   1.9482E+09   0.0000E+00
   3.3199E+03   1.0372E+12   6.4926E+11   6.7803E+11   6.4923E+11   6.0465E+11   6.6112E+11   6.8844E+11   7.2126E+11   6.6492E+11   1.7999E+09   0.0000E+00
   3.5595E+03   9.1528E+11   5.9376E+11   6.1631E+11   5.9110E+11   5.5394E+11   6.0164E+11   6.2454E+11   6.5295E+11   6.0488E+11   1.6723E+09   0.0000E+00
   3.8163E+03   1.0365E+12   7.1746E+11   7.3281E+11   7.1319E+11   6.8389E+11   7.2214E+11   7.4331E+11   7.7466E+11   7.2685E+11   1.5630E+09   0.0000E+00
   4.0918E+03   9.4064E+11   6.6886E+11   6.8114E+11   6.6344E+11   6.3832E+11   6.7125E+11   6.8953E+11   7.1710E+11   6.7547E+11   1.4730E+09   0.0000E+00
   4.3870E+03   8.6522E+11   6.4090E+11   6.5011E+11   6.3459E+11   6.1338E+11   6.4153E+11   6.5754E+11   6.8222E+11   6.4544E+11   1.4041E+09   0.0000E+00
   4.7036E+03   7.7915E+11   5.8889E+11   5.9618E+11   5.8221E+11   5.6410E+11   5.8863E+11   6.0224E+11   6.2361E+11   5.9187E+11   1.2502E+09   0.0000E+00
   5.0431E+03   6.7491E+11   5.2016E+11   5.2607E+11   5.1348E+11   4.9792E+11   5.1937E+11   5.3074E+11   5.4859E+11   5.2187E+11   1.0976E+09   0.0000E+00
   5.4070E+03   5.9210E+11   4.6544E+11   4.7012E+11   4.5876E+11   4.4546E+11   4.6428E+11   4.7368E+11   4.8861E+11   4.6613E+11   9.7114E+08   0.0000E+00
   5.7973E+03   5.4434E+11   4.3550E+11   4.3922E+11   4.2901E+11   4.1760E+11   4.3412E+11   4.4217E+11   4.5520E+11   4.3563E+11   8.6503E+08   0.0000E+00
   6.2156E+03   4.7595E+11   3.8648E+11   3.8954E+11   3.8037E+11   3.7049E+11   3.8506E+11   3.9174E+11   4.0266E+11   3.8613E+11   7.7636E+08   0.0000E+00
   6.6642E+03   4.2520E+11   3.4946E+11   3.5200E+11   3.4373E+11   3.3514E+11   3.4812E+11   3.5378E+11   3.6310E+11   3.4888E+11   6.8900E+08   0.0000E+00
   7.1451E+03   3.7580E+11   3.1264E+11   3.1464E+11   3.0745E+11   3.0021E+11   3.1139E+11   3.1604E+11   3.2384E+11   3.1191E+11   6.0813E+08   0.0000E+00
   7.6608E+03   3.3803E+11   2.8449E+11   2.8613E+11   2.7975E+11   2.7352E+11   2.8335E+11   2.8728E+11   2.9391E+11   2.8370E+11   5.4281E+08   0.0000E+00
   8.2136E+03   3.0244E+11   2.5716E+11   2.5848E+11   2.5294E+11   2.4767E+11   2.5615E+11   2.5945E+11   2.6509E+11   2.5639E+11   4.9094E+08   0.0000E+00
   8.8064E+03   2.5802E+11   2.2135E+11   2.2241E+11   2.1769E+11   2.1328E+11   2.2049E+11   2.2312E+11   2.2770E+11   2.2059E+11   4.5288E+08   0.0000E+00
   9.4420E+03   2.4254E+11   2.1058E+11   2.1146E+11   2.0728E+11   2.0346E+11   2.0982E+11   2.1211E+11   2.1617E+11   2.0989E+11   4.0259E+08   8.9381E+08
   1.0123E+04   2.1484E+11   1.8814E+11   1.8887E+11   1.8524E+11   1.8201E+11   1.8749E+11   1.8938E+11   1.9277E+11   1.8749E+11   3.6364E+08   9.6734E+08
   1.0854E+04   1.8689E+11   1.6519E+11   1.6581E+11   1.6267E+11   1.5991E+11   1.6463E+11   1.6618E+11   1.6896E+11   1.6458E+11   3.3696E+08   1.0520E+09
   1.1637E+04   1.6528E+11   1.4751E+11   1.4803E+11   1.4529E+11   1.4292E+11   1.4701E+11   1.4829E+11   1.5061E+11   1.4693E+11   3.2286E+08   1.1368E+09
   1.2477E+04   1.4325E+11   1.2873E+11   1.2917E+11   1.2683E+11   1.2483E+11   1.2833E+11   1.2936E+11   1.3124E+11   1.2822E+11   3.0724E+08   1.2191E+09
   1.3377E+04   1.2888E+11   1.1691E+11   1.1730E+11   1.1523E+11   1.1348E+11   1.1656E+11   1.1742E+11   1.1901E+11   1.1643E+11   2.8805E+08   1.2895E+09
   1.4343E+04   1.1717E+11   1.0737E+11   1.0771E+11   1.0584E+11   1.0426E+11   1.0704E+11   1.0777E+11   1.0914E+11   1.0690E+11   2.7582E+08   1.3471E+09
   1.5378E+04   1.0779E+11   9.9405E+10   9.9717E+10   9.8016E+10   9.6594E+10   9.9124E+10   9.9754E+10   1.0093E+11   9.8974E+10   2.7123E+08   1.3955E+09
   1.6488E+04   1.0046E+11   9.3634E+10   9.3913E+10   9.2363E+10   9.1072E+10   9.3362E+10   9.3910E+10   9.4944E+10   9.3216E+10   2.6252E+08   1.4330E+09
   1.7678E+04   9.2413E+10   8.6852E+10   8.7120E+10   8.5675E+10   8.4469E+10   8.6605E+10   8.7079E+10   8.7977E+10   8.6446E+10   2.4281E+08   1.4522E+09
   1.8953E+04   8.0815E+10   7.6667E+10   7.6916E+10   7.5616E+10   7.4524E+10   7.6454E+10   7.6842E+10   7.7586E+10   7.6286E+10   2.2720E+08   1.4578E+09
   2.0321E+04   7.4292E+10   7.1168E+10   7.1396E+10   7.0208E+10   6.9208E+10   7.0970E+10   7.1302E+10   7.1944E+10   7.0804E+10   2.1600E+08   1.4512E+09
   2.1788E+04   6.7078E+10   6.4816E+10   6.5026E+10   6.3951E+10   6.3044E+10   6.4642E+10   6.4920E+10   6.5462E+10   6.4477E+10   2.1027E+08   1.4319E+09
   2.3360E+04   6.1653E+10   6.0214E+10   6.0402E+10   5.9439E+10   5.8623E+10   6.0051E+10   6.0286E+10   6.0752E+10   5.9898E+10   2.2569E+08   1.4010E+09
   2.5046E+04   5.3457E+10   5.2713E+10   5.2883E+10   5.2039E+10   5.1317E+10   5.2580E+10   5.2766E+10   5.3141E+10   5.2431E+10   2.4898E+08   1.3640E+09
   2.6854E+04   5.0658E+10   5.0224E+10   5.0373E+10   4.9630E+10   4.8995E+10   5.0107E+10   5.0266E+10   5.0593E+10   4.9975E+10   2.8036E+08   1.3255E+09
   2.8792E+04   4.7575E+10   4.7505E+10   4.7635E+10   4.6987E+10   4.6433E+10   4.7403E+10   4.7537E+10   4.7817E+10   4.7286E+10   3.2392E+08   1.3001E+09
   3.0869E+04   4.2545E+10   4.2969E+10   4.3080E+10   4.2533E+10   4.2063E+10   4.2886E+10   4.2993E+10   4.3222E+10   4.2783E+10   3.8656E+08   1.4078E+09
   3.3097E+04   3.9268E+10   5.7564E+10   5.7705E+10   5.7309E+10   5.6917E+10   5.7502E+10   5.7578E+10   5.7816E+10   5.7456E+10   4.8031E+08   1.9940E+10
   3.5486E+04   3.6823E+10   3.7832E+10   3.7913E+10   3.7517E+10   3.7173E+10   3.7773E+10   3.7845E+10   3.8008E+10   3.7697E+10   6.2913E+08   1.2914E+09
   3.8047E+04   3.3289E+10   3.4545E+10   3.4613E+10   3.4285E+10   3.3997E+10   3.4497E+10   3.4554E+10   3.4686E+10   3.4433E+10   8.4052E+08   1.1431E+09
   4.0792E+04   3.1117E+10   3.2768E+10   3.2827E+10   3.2551E+10   3.2306E+10   3.2730E+10   3.2775E+10   3.2885E+10   3.2674E+10   1.1255E+09   1.1226E+09
   4.3736E+04   2.8670E+10   3.0876E+10   3.0927E+10   3.0698E+10   3.0492E+10   3.0846E+10   3.0881E+10   3.0971E+10   3.0799E+10   1.5108E+09   1.1787E+09
   4.6893E+04   2.6291E+10   2.9244E+10   2.9289E+10   2.9102E+10   2.8929E+10   2.9223E+10   2.9248E+10   2.9320E+10   2.9183E+10   2.0331E+09   1.3182E+09
   5.0277E+04   2.4300E+10   2.8311E+10   2.8352E+10   2.8201E+10   2.8055E+10   2.8298E+10   2.8315E+10   2.8373E+10   2.8265E+10   2.7304E+09   1.6229E+09
   5.3905E+04   2.2497E+10   2.7842E+10   2.7880E+10   2.7757E+10   2.7633E+10   2.7835E+10   2.7846E+10   2.7894E+10   2.7807E+10   3.2675E+09   2.3858E+09
   5.7795E+04   2.0861E+10   2.9774E+10   2.9812E+10   2.9716E+10   2.9610E+10   2.9773E+10   2.9779E+10   2.9821E+10   2.9752E+10   3.7758E+09   5.4760E+09
   6.1966E+04   1.9343E+10   5.7058E+10   5.7133E+10   5.7103E+10   5.7011E+10   5.7076E+10   5.7075E+10   5.7142E+10   5.7091E+10   4.1875E+09   3.4548E+10
   6.6438E+04   1.7936E+10   3.0443E+10   3.0479E+10   3.0418E+10   3.0338E+10   3.0449E+10   3.0449E+10   3.0480E+10   3.0437E+10   4.6085E+09   8.2236E+09
   7.1233E+04   1.6653E+10   3.4370E+10   3.4409E+10   3.4366E+10   3.4295E+10   3.4380E+10   3.4377E+10   3.4407E+10   3.4374E+10   4.8928E+09   1.3225E+10
   7.6374E+04   1.5375E+10   6.2227E+10   6.2317E+10   6.2331E+10   6.2254E+10   6.2256E+10   6.2246E+10   6.2316E+10   6.2287E+10   4.8950E+09   4.3248E+10
   8.1885E+04   1.4071E+10   3.5258E+10   3.5338E+10   3.5276E+10   3.5148E+10   3.5273E+10   3.5266E+10   3.5340E+10   3.5269E+10   4.4854E+09   1.7696E+10
   8.7795E+04   1.3093E+10   2.7221E+10   2.7313E+10   2.7177E+10   2.6976E+10   2.7221E+10   2.7219E+10   2.7329E+10   2.7196E+10   4.0392E+09   1.1240E+10
   9.4131E+04   1.1958E+10   1.8391E+10   1.8470E+10   1.8248E+10   1.7993E+10   1.8374E+10   1.8382E+10   1.8495E+10   1.8316E+10   3.8354E+09   3.3471E+09
   1.0092E+05   1.1004E+10   1.6742E+10   1.6807E+10   1.6626E+10   1.6412E+10   1.6732E+10   1.6732E+10   1.6816E+10   1.6679E+10   4.1294E+09   2.1431E+09
   1.0821E+05   1.0091E+10   1.7027E+10   1.7081E+10   1.6963E+10   1.6805E+10   1.7028E+10   1.7018E+10   1.7076E+10   1.6989E+10   4.4637E+09   2.9312E+09
   1.1602E+05   9.1841E+09   1.8313E+10   1.8360E+10   1.8294E+10   1.8186E+10   1.8323E+10   1.8308E+10   1.8347E+10   1.8300E+10   4.6950E+09   4.8706E+09
   1.2439E+05   8.3836E+09   1.5734E+10   1.5766E+10   1.5721E+10   1.5647E+10   1.5746E+10   1.5732E+10   1.5751E+10   1.5726E+10   4.7687E+09   2.8172E+09
   1.3337E+05   7.7199E+09   1.3635E+10   1.3656E+10   1.3624E+10   1.3573E+10   1.3645E+10   1.3634E+10   1.3643E+10   1.3629E+10   4.7103E+09   1.3298E+09
   1.4299E+05   7.0956E+09   1.2304E+10   1.2320E+10   1.2295E+10   1.2254E+10   1.2313E+10   1.2302E+10   1.2308E+10   1.2299E+10   4.6149E+09   6.7966E+08
   1.5331E+05   6.4010E+09   1.1570E+10   1.1587E+10   1.1562E+10   1.1521E+10   1.1579E+10   1.1567E+10   1.1572E+10   1.1565E+10   4.6386E+09   6.1782E+08
   1.6437E+05   5.8885E+09   1.6191E+10   1.6217E+10   1.6206E+10   1.6163E+10   1.6204E+10   1.6187E+10   1.6200E+10   1.6196E+10   4.7279E+09   5.8520E+09
   1.7624E+05   5.3099E+09   1.1045E+10   1.1063E+10   1.1040E+10   1.0996E+10   1.1056E+10   1.1037E+10   1.1042E+10   1.1039E+10   4.8429E+09   1.0048E+09
   1.8895E+05   4.7815E+09   1.0704E+10   1.0720E+10   1.0703E+10   1.0663E+10   1.0715E+10   1.0695E+10   1.0698E+10   1.0699E+10   4.8933E+09   1.1391E+09
   2.0259E+05   4.3533E+09   1.0593E+10   1.0608E+10   1.0596E+10   1.0564E+10   1.0604E+10   1.0585E+10   1.0586E+10   1.0591E+10   4.8225E+09   1.5229E+09
   2.1721E+05   3.9681E+09   1.1355E+10   1.1368E+10   1.1363E+10   1.1339E+10   1.1365E+10   1.1348E+10   1.1349E+10   1.1356E+10   4.7117E+09   2.8012E+09
   2.3289E+05   3.5738E+09   1.0175E+10   1.0185E+10   1.0181E+10   1.0162E+10   1.0183E+10   1.0168E+10   1.0168E+10   1.0175E+10   4.5964E+09   2.0931E+09
   2.4969E+05   3.1455E+09   8.7928E+09   8.8001E+09   8.7973E+09   8.7825E+09   8.8002E+09   8.7871E+09   8.7847E+09   8.7930E+09   4.4617E+09   1.2405E+09
   2.6771E+05   2.8330E+09   8.2448E+09   8.2508E+09   8.2493E+09   8.2377E+09   8.2513E+09   8.2400E+09   8.2377E+09   8.2455E+09   4.2045E+09   1.2539E+09
   2.8703E+05   2.5492E+09   7.7910E+09   7.7962E+09   7.7957E+09   7.7866E+09   7.7969E+09   7.7872E+09   7.7850E+09   7.7923E+09   3.9514E+09   1.3317E+09
   3.0775E+05   2.2459E+09   7.3563E+09   7.3608E+09   7.3612E+09   7.3543E+09   7.3616E+09   7.3532E+09   7.3511E+09   7.3581E+09   3.7142E+09   1.4330E+09
   3.2996E+05   1.9738E+09   6.9968E+09   7.0006E+09   7.0018E+09   6.9966E+09   7.0015E+09   6.9943E+09   6.9924E+09   6.9990E+09   3.4921E+09   1.5645E+09
   3.5377E+05   1.7169E+09   6.7053E+09   6.7087E+09   6.7105E+09   6.7066E+09   6.7095E+09   6.7033E+09   6.7016E+09   6.7078E+09   3.2842E+09   1.7355E+09
   3.7930E+05   1.5283E+09   6.5158E+09   6.5189E+09   6.5210E+09   6.5181E+09   6.5196E+09   6.5142E+09   6.5129E+09   6.5185E+09   3.0766E+09   1.9408E+09
   4.0667E+05   1.3294E+09   6.1689E+09   6.1717E+09   6.1740E+09   6.1719E+09   6.1722E+09   6.1679E+09   6.1670E+09   6.1718E+09   2.7072E+09   2.1607E+09
   4.3602E+05   1.1533E+09   5.8975E+09   5.9001E+09   5.9025E+09   5.9009E+09   5.9003E+09   5.8969E+09   5.8963E+09   5.9005E+09   2.3913E+09   2.3799E+09
   4.6749E+05   9.8310E+08   5.6590E+09   5.6614E+09   5.6639E+09   5.6628E+09   5.6615E+09   5.6587E+09   5.6583E+09   5.6620E+09   2.1207E+09   2.5806E+09
   5.0123E+05   8.5231E+08   5.4619E+09   5.4641E+09   5.4665E+09   5.4657E+09   5.4640E+09   5.4618E+09   5.4614E+09   5.4648E+09   1.8884E+09   2.7445E+09
   5.3740E+05   7.1603E+08   5.2397E+09   5.2416E+09   5.2439E+09   5.2434E+09   5.2415E+09   5.2397E+09   5.2394E+09   5.2425E+09   1.6888E+09   2.8560E+09
   5.7618E+05   6.0155E+08   5.0061E+09   5.0078E+09   5.0099E+09   5.0096E+09   5.0077E+09   5.0062E+09   5.0059E+09   5.0087E+09   1.5169E+09   2.9064E+09
   6.1776E+05   5.0537E+08   4.7398E+09   4.7412E+09   4.7431E+09   4.7429E+09   4.7411E+09   4.7399E+09   4.7396E+09   4.7421E+09   1.3593E+09   2.8912E+09
   6.6235E+05   4.1300E+08   4.4234E+09   4.4246E+09   4.4262E+09   4.4260E+09   4.4245E+09   4.4235E+09   4.4232E+09   4.4255E+09   1.2130E+09   2.8110E+09
   7.1015E+05   3.2964E+08   4.0814E+09   4.0824E+09   4.0837E+09   4.0836E+09   4.0823E+09   4.0815E+09   4.0812E+09   4.0832E+09   1.0880E+09   2.6750E+09
   7.6140E+05   2.6431E+08   3.7275E+09   3.7283E+09   3.7294E+09   3.7294E+09   3.7282E+09   3.7276E+09   3.7273E+09   3.7290E+09   9.8070E+08   2.4915E+09
   8.1635E+05   2.0362E+08   3.3580E+09   3.3587E+09   3.3596E+09   3.3596E+09   3.3587E+09   3.3581E+09   3.3578E+09   3.3594E+09   8.8806E+08   2.2736E+09
   8.7526E+05   1.5859E+08   2.9733E+09   2.9738E+09   2.9746E+09   2.9746E+09   2.9738E+09   2.9734E+09   2.9731E+09   2.9745E+09   7.8447E+08   2.0359E+09
   9.3842E+05   1.2210E+08   2.5827E+09   2.5831E+09   2.5837E+09   2.5837E+09   2.5831E+09   2.5828E+09   2.5826E+09   2.5837E+09   6.7498E+08   1.7900E+09
   1.0061E+06   8.7116E+07   2.2123E+09   2.2126E+09   2.2131E+09   2.2131E+09   2.2126E+09   2.2124E+09   2.2122E+09   2.2131E+09   5.8243E+08   1.5460E+09
   1.0788E+06   6.1488E+07   1.8769E+09   1.8771E+09   1.8774E+09   1.8774E+09   1.8771E+09   1.8769E+09   1.8768E+09   1.8775E+09   5.0393E+08   1.3139E+09
   1.1566E+06   4.3399E+07   1.5816E+09   1.5818E+09   1.5820E+09   1.5820E+09   1.5818E+09   1.5817E+09   1.5816E+09   1.5821E+09   4.3712E+08   1.1029E+09
   1.2401E+06   3.0631E+07   1.3076E+09   1.3077E+09   1.3079E+09   1.3079E+09   1.3077E+09   1.3076E+09   1.3075E+09   1.3080E+09   3.6324E+08   9.1500E+08
   1.3296E+06   2.1620E+07   1.0660E+09   1.0661E+09   1.0662E+09   1.0662E+09   1.0661E+09   1.0660E+09   1.0659E+09   1.0663E+09   2.9085E+08   7.5448E+08
   1.4255E+06   1.5260E+07   8.5669E+08   8.5675E+08   8.5684E+08   8.5685E+08   8.5676E+08   8.5671E+08   8.5666E+08   8.5693E+08   2.3319E+08   6.0893E+08
   1.5284E+06   1.0771E+07   6.7284E+08   6.7288E+08   6.7295E+08   6.7295E+08   6.7289E+08   6.7286E+08   6.7282E+08   6.7303E+08   1.8720E+08   4.7534E+08
   1.6387E+06   7.6020E+06   5.2547E+08   5.2550E+08   5.2554E+08   5.2555E+08   5.2551E+08   5.2548E+08   5.2546E+08   5.2561E+08   1.5046E+08   3.6772E+08
   1.7570E+06   5.3656E+06   4.0837E+08   4.0839E+08   4.0842E+08   4.0842E+08   4.0840E+08   4.0838E+08   4.0836E+08   4.0848E+08   1.2108E+08   2.8215E+08
   1.8838E+06   3.7871E+06   3.1600E+08   3.1601E+08   3.1603E+08   3.1603E+08   3.1601E+08   3.1600E+08   3.1599E+08   3.1608E+08   9.7544E+07   2.1481E+08
   2.0197E+06   2.6730E+06   2.3756E+08   2.3757E+08   2.3758E+08   2.3758E+08   2.3757E+08   2.3756E+08   2.3756E+08   2.3762E+08   7.3090E+07   1.6190E+08
   2.1655E+06   1.8867E+06   1.7735E+08   1.7735E+08   1.7736E+08   1.7736E+08   1.7735E+08   1.7735E+08   1.7734E+08   1.7739E+08   5.4493E+07   1.2103E+08
   2.3217E+06   1.3316E+06   1.3163E+08   1.3163E+08   1.3164E+08   1.3164E+08   1.3163E+08   1.3163E+08   1.3162E+08   1.3166E+08   4.0647E+07   8.9692E+07
   2.4893E+06   9.3990E+05   9.7175E+07   9.7177E+07   9.7180E+07   9.7181E+07   9.7178E+07   9.7176E+07   9.7173E+07   9.7197E+07   3.0333E+07   6.5931E+07
   2.6689E+06   6.6340E+05   7.1376E+07   7.1377E+07   7.1379E+07   7.1379E+07   7.1378E+07   7.1376E+07   7.1375E+07   7.1392E+07   2.2646E+07   4.8085E+07
   2.8616E+06   4.6824E+05   5.2169E+07   5.2170E+07   5.2171E+07   5.2171E+07   5.2170E+07   5.2169E+07   5.2168E+07   5.2181E+07   1.6915E+07   3.4798E+07
   3.0681E+06   3.3049E+05   3.7780E+07   3.7781E+07   3.7782E+07   3.7782E+07   3.7781E+07   3.7781E+07   3.7780E+07   3.7789E+07   1.2430E+07   2.5028E+07
   3.2895E+06   2.3327E+05   2.6946E+07   2.6946E+07   2.6947E+07   2.6947E+07   2.6946E+07   2.6946E+07   2.6946E+07   2.6952E+07   8.8214E+06   1.7896E+07
   3.5269E+06   1.6465E+05   1.9141E+07   1.9141E+07   1.9142E+07   1.9142E+07   1.9141E+07   1.9141E+07   1.9141E+07   1.9145E+07   6.2612E+06   1.2719E+07
   3.7814E+06   1.1621E+05   1.3548E+07   1.3548E+07   1.3549E+07   1.3549E+07   1.3548E+07   1.3548E+07   1.3548E+07   1.3551E+07   4.4447E+06   8.9895E+06
   4.0543E+06   8.2025E+04   9.5605E+06   9.5605E+06   9.5607E+06   9.5607E+06   9.5606E+06   9.5605E+06   9.5604E+06   9.5625E+06   3.1557E+06   6.3242E+06
   4.3469E+06   5.7895E+04   6.7261E+06   6.7261E+06   6.7262E+06   6.7262E+06   6.7261E+06   6.7261E+06   6.7260E+06   6.7275E+06   2.2409E+06   4.4283E+06
   4.6606E+06   4.0864E+04   4.7195E+06   4.7195E+06   4.7196E+06   4.7196E+06   4.7195E+06   4.7195E+06   4.7195E+06   4.7205E+06   1.5915E+06   3.0878E+06
   4.9969E+06   2.8843E+04   3.2662E+06   3.2662E+06   3.2663E+06   3.2663E+06   3.2663E+06   3.2662E+06   3.2662E+06   3.2669E+06   1.0935E+06   2.1443E+06
   5.3576E+06   2.0358E+04   2.2454E+06   2.2454E+06   2.2454E+06   2.2454E+06   2.2454E+06   2.2454E+06   2.2454E+06   2.2458E+06   7.4140E+05   1.4839E+06
   5.7442E+06   1.4369E+04   1.5404E+06   1.5405E+06   1.5405E+06   1.5405E+06   1.5405E+06   1.5405E+06   1.5404E+06   1.5408E+06   5.0268E+05   1.0236E+06
   6.1587E+06   1.0143E+04   1.0549E+06   1.0549E+06   1.0550E+06   1.0550E+06   1.0549E+06   1.0549E+06   1.0549E+06   1.0552E+06   3.4083E+05   7.0409E+05
   6.6032E+06   7.1589E+03   7.2097E+05   7.2097E+05   7.2097E+05   7.2097E+05   7.2097E+05   7.2097E+05   7.2096E+05   7.2112E+05   2.3109E+05   4.8279E+05
   7.0797E+06   5.0530E+03   4.9193E+05   4.9193E+05   4.9193E+05   4.9193E+05   4.9193E+05   4.9193E+05   4.9193E+05   4.9203E+05   1.5669E+05   3.3023E+05
   7.5907E+06   3.5666E+03   3.3518E+05   3.3518E+05   3.3519E+05   3.3519E+05   3.3519E+05   3.3518E+05   3.3518E+05   3.3525E+05   1.0625E+05   2.2540E+05
   8.1385E+06   2.5175E+03   2.2803E+05   2.2803E+05   2.2803E+05   2.2803E+05   2.2803E+05   2.2803E+05   2.2803E+05   2.2807E+05   7.2045E+04   1.5348E+05
   8.7258E+06   1.7769E+03   1.5493E+05   1.5493E+05   1.5493E+05   1.5493E+05   1.5493E+05   1.5493E+05   1.5493E+05   1.5497E+05   4.8853E+04   1.0432E+05
   9.3555E+06   1.2542E+03   1.0513E+05   1.0513E+05   1.0513E+05   1.0513E+05   1.0513E+05   1.0513E+05   1.0513E+05   1.0516E+05   3.3127E+04   7.0762E+04
   1.0031E+07   8.8531E+02   7.1258E+04   7.1259E+04   7.1259E+04   7.1259E+04   7.1259E+04   7.1258E+04   7.1258E+04   7.1273E+04   2.2464E+04   4.7915E+04
   1.0755E+07   6.2490E+02   4.8245E+04   4.8245E+04   4.8246E+04   4.8246E+04   4.8246E+04   4.8245E+04   4.8245E+04   4.8255E+04   1.5234E+04   3.2391E+04
   1.1531E+07   4.4109E+02   3.2633E+04   3.2633E+04   3.2633E+04   3.2633E+04   3.2633E+04   3.2633E+04   3.2633E+04   3.2640E+04   1.0331E+04   2.1864E+04
   1.2363E+07   3.1134E+02   2.2053E+04   2.2053E+04   2.2053E+04   2.2053E+04   2.2053E+04   2.2053E+04   2.2053E+04   2.2058E+04   7.0059E+03   1.4738E+04
   1.3255E+07   2.1976E+02   1.4891E+04   1.4891E+04   1.4891E+04   1.4891E+04   1.4891E+04   1.4891E+04   1.4891E+04   1.4894E+04   4.7512E+03   9.9216E+03
   1.4212E+07   1.5512E+02   1.0048E+04   1.0048E+04   1.0048E+04   1.0048E+04   1.0048E+04   1.0048E+04   1.0048E+04   1.0050E+04   3.2222E+03   6.6716E+03
   1.5237E+07   1.0950E+02   6.7759E+03   6.7759E+03   6.7759E+03   6.7759E+03   6.7759E+03   6.7759E+03   6.7759E+03   6.7772E+03   2.1853E+03   4.4816E+03
   1.6337E+07   7.7292E+01   4.5665E+03   4.5665E+03   4.5665E+03   4.5665E+03   4.5665E+03   4.5665E+03   4.5665E+03   4.5674E+03   1.4821E+03   3.0075E+03
   1.7516E+07   5.4558E+01   3.0760E+03   3.0760E+03   3.0760E+03   3.0760E+03   3.0760E+03   3.0760E+03   3.0760E+03   3.0766E+03   1.0052E+03   2.0165E+03
   1.8780E+07   3.8512E+01   2.0710E+03   2.0710E+03   2.0710E+03   2.0710E+03   2.0710E+03   2.0710E+03   2.0710E+03   2.0715E+03   6.8177E+02   1.3509E+03
   2.0135E+07   2.7185E+01   1.3842E+03   1.3842E+03   1.3842E+03   1.3842E+03   1.3842E+03   1.3842E+03   1.3842E+03   1.3845E+03   4.5274E+02   9.0436E+02
   2.1588E+07   1.9190E+01   9.2397E+02   9.2397E+02   9.2397E+02   9.2397E+02   9.2397E+02   9.2397E+02   9.2397E+02   9.2416E+02   2.9984E+02   6.0501E+02
   2.3146E+07   1.3546E+01   6.1659E+02   6.1659E+02   6.1659E+02   6.1659E+02   6.1659E+02   6.1659E+02   6.1659E+02   6.1671E+02   1.9858E+02   4.0451E+02
   2.4817E+07   9.5622E+00   4.1135E+02   4.1135E+02   4.1135E+02   4.1135E+02   4.1135E+02   4.1135E+02   4.1135E+02   4.1143E+02   1.3151E+02   2.7031E+02
   2.6608E+07   6.7502E+00   2.7436E+02   2.7436E+02   2.7436E+02   2.7436E+02   2.7436E+02   2.7436E+02   2.7436E+02   2.7442E+02   8.7097E+01   1.8054E+02
   2.8528E+07   4.7651E+00   1.8296E+02   1.8296E+02   1.8296E+02   1.8296E+02   1.8296E+02   1.8296E+02   1.8296E+02   1.8300E+02   5.7682E+01   1.2053E+02
   3.0587E+07   3.3638E+00   1.2199E+02   1.2199E+02   1.2199E+02   1.2199E+02   1.2199E+02   1.2199E+02   1.2199E+02   1.2201E+02   3.8201E+01   8.0432E+01
   3.2794E+07   2.3746E+00   8.1324E+01   8.1324E+01   8.1324E+01   8.1324E+01   8.1324E+01   8.1324E+01   8.1324E+01   8.1341E+01   2.5300E+01   5.3656E+01
   3.5161E+07   1.6764E+00   5.4211E+01   5.4211E+01   5.4211E+01   5.4211E+01   5.4211E+01   5.4211E+01   5.4211E+01   5.4222E+01   1.6755E+01   3.5783E+01
   3.7698E+07   1.1834E+00   3.6135E+01   3.6135E+01   3.6135E+01   3.6135E+01   3.6135E+01   3.6135E+01   3.6135E+01   3.6142E+01   1.1097E+01   2.3857E+01
   4.0419E+07   8.3548E-01   2.4085E+01   2.4085E+01   2.4085E+01   2.4085E+01   2.4085E+01   2.4085E+01   2.4085E+01   2.4090E+01   7.3492E+00   1.5902E+01
   4.3336E+07   5.8983E-01   1.6054E+01   1.6054E+01   1.6054E+01   1.6054E+01   1.6054E+01   1.6054E+01   1.6054E+01   1.6057E+01   4.8672E+00   1.0598E+01
   4.6463E+07   4.1641E-01   1.0700E+01   1.0700E+01   1.0700E+01   1.0700E+01   1.0700E+01   1.0700E+01   1.0700E+01   1.0703E+01   3.2234E+00   7.0615E+00
   4.9817E+07   2.9399E-01   7.1328E+00   7.1328E+00   7.1328E+00   7.1328E+00   7.1328E+00   7.1328E+00   7.1328E+00   7.1342E+00   2.1348E+00   4.7046E+00
   5.3412E+07   2.0756E-01   4.7550E+00   4.7550E+00   4.7550E+00   4.7550E+00   4.7550E+00   4.7550E+00   4.7550E+00   4.7560E+00   1.4138E+00   3.1340E+00
   5.7266E+07   1.4655E-01   3.1702E+00   3.1702E+00   3.1702E+00   3.1702E+00   3.1702E+00   3.1702E+00   3.1702E+00   3.1709E+00   9.3635E-01   2.0876E+00
   6.1399E+07   1.0347E-01   2.1139E+00   2.1139E+00   2.1139E+00   2.1139E+00   2.1139E+00   2.1139E+00   2.1139E+00   2.1143E+00   6.2013E-01   1.3905E+00
   6.5830E+07   7.3055E-02   1.4098E+00   1.4098E+00   1.4098E+00   1.4098E+00   1.4098E+00   1.4098E+00   1.4098E+00   1.4101E+00   4.1070E-01   9.2613E-01
   7.0581E+07   5.1583E-02   9.4035E-01   9.4035E-01   9.4035E-01   9.4035E-01   9.4035E-01   9.4035E-01   9.4035E-01   9.4054E-01   2.7200E-01   6.1685E-01
   7.5675E+07   3.6423E-02   6.2737E-01   6.2737E-01   6.2737E-01   6.2737E-01   6.2737E-01   6.2737E-01   6.2737E-01   6.2750E-01   1.8014E-01   4.1086E-01
   8.1136E+07   2.5719E-02   4.1866E-01   4.1866E-01   4.1866E-01   4.1866E-01   4.1866E-01   4.1866E-01   4.1866E-01   4.1874E-01   1.1930E-01   2.7367E-01
   8.6991E+07   1.8161E-02   2.7945E-01   2.7945E-01   2.7945E-01   2.7945E-01   2.7945E-01   2.7945E-01   2.7945E-01   2.7951E-01   7.9012E-02   1.8230E-01
   9.3269E+07   1.2825E-02   1.8658E-01   1.8658E-01   1.8658E-01   1.8658E-01   1.8658E-01   1.8658E-01   1.8658E-01   1.8662E-01   5.2329E-02   1.2145E-01
   1.0000E+08   9.0571E-03   1.2462E-01   1.2462E-01   1.2462E-01   1.2462E-01   1.2462E-01   1.2462E-01   1.2462E-01   1.2464E-01   3.4657E-02   8.0916E-02
