 (1): Wavelength (A) 
 (2): Intrinsic SED (1e30 erg/s/A)
 (3 - 9): SED at angles [   0.0000000      0.26183301      0.52366602      0.78549999       1.0473300       1.3091700       1.5710000     ] (1e30 erg/s/A)
 (10): Angle averaged SED (1e30 erg/s/A)
 (11): Molecular cloud emission (1e30 erg/s/A)
 (12): Cirrus emission (1e30 erg/s/A)
  
            1            2            3            4            5            6            7            8            9           10           11           12
   9.5000E+01   6.2305E+12   3.0867E+11   3.0324E+11   3.6235E+11   5.6653E+11   7.2161E+11   8.8117E+11   8.8797E+11   6.7323E+11   5.7400E+02   0.0000E+00
   1.0186E+02   6.4638E+12   2.8844E+11   2.8474E+11   3.4254E+11   5.4366E+11   6.9978E+11   8.6009E+11   8.6182E+11   6.5134E+11   3.0298E+02   0.0000E+00
   1.0921E+02   6.4707E+12   2.8872E+11   2.8501E+11   3.4283E+11   5.4402E+11   7.0018E+11   8.6050E+11   8.6229E+11   6.5172E+11   1.6269E+02   0.0000E+00
   1.1709E+02   6.4768E+12   2.7520E+11   2.7238E+11   3.2882E+11   5.2609E+11   6.8082E+11   8.3973E+11   8.3891E+11   6.3299E+11   8.6590E+01   0.0000E+00
   1.2554E+02   6.6474E+12   2.5166E+11   2.5070E+11   3.0518E+11   4.9787E+11   6.5243E+11   8.1184E+11   8.0505E+11   6.0519E+11   4.5559E+01   0.0000E+00
   1.3460E+02   6.6478E+12   2.3397E+11   2.3411E+11   2.8651E+11   4.7347E+11   6.2539E+11   7.8288E+11   7.7244E+11   5.7936E+11   2.4151E+01   0.0000E+00
   1.4431E+02   6.6858E+12   2.1443E+11   2.1573E+11   2.6561E+11   4.4567E+11   5.9434E+11   7.4971E+11   7.3465E+11   5.4986E+11   1.2771E+01   0.0000E+00
   1.5473E+02   6.7958E+12   1.9443E+11   1.9706E+11   2.4442E+11   4.1843E+11   5.6494E+11   7.1999E+11   6.9886E+11   5.2189E+11   6.7287E+00   0.0000E+00
   1.6589E+02   6.8559E+12   1.7529E+11   1.7904E+11   2.2368E+11   3.9093E+11   5.3409E+11   6.8811E+11   6.6138E+11   4.9289E+11   3.5480E+00   0.0000E+00
   1.7786E+02   6.8562E+12   1.5609E+11   1.6076E+11   2.0229E+11   3.6139E+11   4.9949E+11   6.5121E+11   6.1936E+11   4.6075E+11   1.8709E+00   0.0000E+00
   1.9070E+02   6.8556E+12   1.4077E+11   1.4612E+11   1.8498E+11   3.3718E+11   4.7057E+11   6.2037E+11   5.8431E+11   4.3410E+11   9.8855E-01   0.0000E+00
   2.0446E+02   6.9593E+12   1.3275E+11   1.3859E+11   1.7619E+11   3.2592E+11   4.5787E+11   6.0867E+11   5.6921E+11   4.2253E+11   5.2410E-01   0.0000E+00
   2.1922E+02   7.0088E+12   1.1726E+11   1.2373E+11   1.5841E+11   3.0106E+11   4.2752E+11   5.7716E+11   5.3278E+11   3.9502E+11   2.7532E-01   0.0000E+00
   2.3504E+02   7.2957E+12   1.0954E+11   1.1633E+11   1.4830E+11   2.8383E+11   4.0396E+11   5.5154E+11   5.0344E+11   3.7445E+11   1.4485E-01   0.0000E+00
   2.5200E+02   7.8082E+12   9.5247E+10   1.0236E+11   1.3100E+11   2.5819E+11   3.7126E+11   5.1669E+11   4.6376E+11   3.4515E+11   7.5885E-02   0.0000E+00
   2.7019E+02   8.2610E+12   8.2258E+10   8.9644E+10   1.1532E+11   2.3578E+11   3.4268E+11   4.8766E+11   4.2953E+11   3.1985E+11   3.9736E-02   0.0000E+00
   2.8969E+02   8.2459E+12   6.9079E+10   7.6446E+10   9.8858E+10   2.1071E+11   3.0911E+11   4.5088E+11   3.8921E+11   2.9008E+11   2.2251E-02   0.0000E+00
   3.1059E+02   8.0149E+12   5.7779E+10   6.4977E+10   8.4366E+10   1.8807E+11   2.7767E+11   4.1607E+11   3.5159E+11   2.6248E+11   2.2984E-01   0.0000E+00
   3.3301E+02   8.3681E+12   4.9147E+10   5.6260E+10   7.3211E+10   1.7134E+11   2.5434E+11   3.9229E+11   3.2385E+11   2.4247E+11   6.5730E-02   0.0000E+00
   3.5704E+02   8.4177E+12   4.0587E+10   4.7392E+10   6.1638E+10   1.5204E+11   2.2680E+11   3.6081E+11   2.9018E+11   2.1830E+11   1.8772E-02   0.0000E+00
   3.8280E+02   8.4774E+12   4.0917E+10   4.7783E+10   6.2386E+10   1.5385E+11   2.2983E+11   3.6441E+11   2.9404E+11   2.2084E+11   5.7642E-03   0.0000E+00
   4.1043E+02   8.9831E+12   3.8536E+10   4.5406E+10   5.9368E+10   1.4987E+11   2.2435E+11   3.6000E+11   2.8768E+11   2.1637E+11   1.7153E-03   0.0000E+00
   4.4005E+02   8.9277E+12   3.0056E+10   3.6413E+10   4.7465E+10   1.2929E+11   1.9357E+11   3.2435E+11   2.5029E+11   1.8966E+11   4.8094E-04   0.0000E+00
   4.7181E+02   8.9270E+12   2.1958E+10   2.7568E+10   3.5692E+10   1.0846E+11   1.6079E+11   2.8751E+11   2.1007E+11   1.6182E+11   1.3132E-04   0.0000E+00
   5.0586E+02   8.8780E+12   1.5571E+10   2.0098E+10   2.5674E+10   8.8722E+10   1.2708E+11   2.4629E+11   1.6898E+11   1.3312E+11   1.8173E-20   0.0000E+00
   5.4236E+02   8.9387E+12   1.0868E+10   1.4229E+10   1.7362E+10   6.9298E+10   9.4382E+10   2.0302E+11   1.2632E+11   1.0434E+11   3.0879E-38   0.0000E+00
   5.8151E+02   9.2157E+12   6.6297E+09   8.5404E+09   9.7284E+09   4.9155E+10   5.7795E+10   1.4937E+11   7.9003E+10   7.1475E+10   0.0000E+00   0.0000E+00
   6.2347E+02   8.9830E+12   4.0087E+09   4.3554E+09   4.4810E+09   2.8387E+10   2.0902E+10   7.5670E+10   2.8819E+10   3.3473E+10   0.0000E+00   0.0000E+00
   6.6847E+02   8.9162E+12   3.4288E+09   3.3075E+09   3.4097E+09   2.1030E+10   9.5260E+09   4.2342E+10   1.3607E+10   1.9055E+10   0.0000E+00   0.0000E+00
   7.1671E+02   8.7143E+12   3.3250E+09   3.0680E+09   3.1490E+09   1.7317E+10   6.3163E+09   2.9091E+10   8.3922E+09   1.3616E+10   0.0000E+00   0.0000E+00
   7.6843E+02   8.3747E+12   3.5187E+09   3.3117E+09   3.3959E+09   1.9994E+10   8.8541E+09   3.9250E+10   1.2374E+10   1.7782E+10   0.0000E+00   0.0000E+00
   8.2389E+02   8.4460E+12   4.2429E+09   4.2791E+09   4.3578E+09   2.5714E+10   1.6942E+10   6.4148E+10   2.3266E+10   2.8480E+10   0.0000E+00   0.0000E+00
   8.8334E+02   8.4232E+12   5.1838E+09   5.5251E+09   5.7015E+09   3.1657E+10   2.6274E+10   8.7149E+10   3.5789E+10   3.9305E+10   0.0000E+00   0.0000E+00
   9.4709E+02   1.2387E+13   1.8349E+11   1.6799E+11   1.6964E+11   2.0365E+11   1.9727E+11   2.6529E+11   2.0039E+11   2.1012E+11   0.0000E+00   0.0000E+00
   1.0154E+03   1.3393E+13   3.9833E+11   3.7055E+11   3.7479E+11   4.2019E+11   4.1576E+11   4.9787E+11   4.1901E+11   4.2898E+11   0.0000E+00   0.0000E+00
   1.0887E+03   1.3536E+13   5.9793E+11   5.6584E+11   5.7295E+11   6.3168E+11   6.3876E+11   7.3894E+11   6.4738E+11   6.4966E+11   2.0349E-39   0.0000E+00
   1.1673E+03   1.3006E+13   6.3278E+11   6.0093E+11   6.1069E+11   6.8247E+11   7.0340E+11   8.2095E+11   7.2455E+11   7.1177E+11   2.2434E-12   0.0000E+00
   1.2515E+03   1.2693E+13   6.2663E+11   5.9630E+11   6.0835E+11   6.9163E+11   7.2645E+11   8.5573E+11   7.5914E+11   7.3107E+11   2.5589E-03   0.0000E+00
   1.3419E+03   1.1947E+13   7.1544E+11   6.8685E+11   7.0278E+11   7.9634E+11   8.4576E+11   9.7952E+11   8.8903E+11   8.4456E+11   4.4960E-03   0.0000E+00
   1.4387E+03   1.0757E+13   6.7859E+11   6.5448E+11   6.7241E+11   7.7012E+11   8.2884E+11   9.6078E+11   8.7849E+11   8.2318E+11   7.7024E-03   0.0000E+00
   1.5425E+03   8.9743E+12   5.9231E+11   5.7537E+11   5.9487E+11   6.9230E+11   7.5790E+11   8.8321E+11   8.1168E+11   7.4818E+11   1.3178E-02   0.0000E+00
   1.6538E+03   8.3183E+12   5.4694E+11   5.3188E+11   5.5236E+11   6.4917E+11   7.1743E+11   8.3523E+11   7.7258E+11   7.0497E+11   2.2304E-02   0.0000E+00
   1.7732E+03   7.4714E+12   5.3655E+11   5.2308E+11   5.4402E+11   6.3758E+11   7.0430E+11   8.1371E+11   7.5937E+11   6.9097E+11   3.6450E-02   0.0000E+00
   1.9012E+03   6.6019E+12   4.7183E+11   4.6035E+11   4.7838E+11   5.6011E+11   6.1767E+11   7.1527E+11   6.6646E+11   6.0692E+11   4.3906E-02   0.0000E+00
   2.0384E+03   5.8819E+12   4.1937E+11   4.0770E+11   4.2052E+11   4.8373E+11   5.2383E+11   6.0551E+11   5.6059E+11   5.1884E+11   1.2130E-03   0.0000E+00
   2.1855E+03   5.2221E+12   3.6287E+11   3.5203E+11   3.6183E+11   4.1277E+11   4.4198E+11   5.1163E+11   4.7116E+11   4.4017E+11   7.6564E-05   0.0000E+00
   2.3432E+03   4.6089E+12   3.0791E+11   3.0109E+11   3.1323E+11   3.7018E+11   4.1066E+11   4.8080E+11   4.4538E+11   4.0366E+11   2.9535E-03   0.0000E+00
   2.5123E+03   4.1818E+12   3.2510E+11   3.2007E+11   3.3859E+11   4.1007E+11   4.6583E+11   5.3832E+11   5.1254E+11   4.5125E+11   1.1852E-01   0.0000E+00
   2.6936E+03   3.9020E+12   3.5579E+11   3.5100E+11   3.7384E+11   4.5394E+11   5.1590E+11   5.8786E+11   5.7061E+11   4.9757E+11   3.3840E+00   0.0000E+00
   2.8880E+03   3.5259E+12   3.5545E+11   3.5091E+11   3.7486E+11   4.5531E+11   5.1610E+11   5.8383E+11   5.7288E+11   4.9727E+11   1.0114E+01   0.0000E+00
   3.0964E+03   3.1530E+12   3.6605E+11   3.6143E+11   3.8604E+11   4.6537E+11   5.2274E+11   5.8549E+11   5.8063E+11   5.0435E+11   3.0166E+01   0.0000E+00
   3.3199E+03   2.7552E+12   3.5893E+11   3.5421E+11   3.7834E+11   4.5388E+11   5.0630E+11   5.6309E+11   5.6303E+11   4.8908E+11   9.0296E+01   0.0000E+00
   3.5595E+03   2.4002E+12   3.6089E+11   3.5588E+11   3.7928E+11   4.5057E+11   4.9723E+11   5.4836E+11   5.5242E+11   4.8166E+11   2.7066E+02   0.0000E+00
   3.8163E+03   2.3676E+12   5.2332E+11   5.1673E+11   5.4229E+11   6.1503E+11   6.5727E+11   7.0592E+11   7.1400E+11   6.4260E+11   8.0845E+02   0.0000E+00
   4.0918E+03   2.1166E+12   5.2692E+11   5.2055E+11   5.4544E+11   6.1420E+11   6.5047E+11   6.9489E+11   7.0617E+11   6.3787E+11   2.4215E+03   0.0000E+00
   4.3870E+03   1.9221E+12   5.4608E+11   5.3965E+11   5.6405E+11   6.3011E+11   6.6169E+11   7.0330E+11   7.1761E+11   6.5090E+11   7.3283E+03   0.0000E+00
   4.7036E+03   1.7178E+12   5.2771E+11   5.2137E+11   5.4432E+11   6.0565E+11   6.3248E+11   6.7074E+11   6.8645E+11   6.2361E+11   1.6116E+04   0.0000E+00
   5.0431E+03   1.5022E+12   4.8729E+11   4.8111E+11   5.0193E+11   5.5762E+11   5.8013E+11   6.1495E+11   6.3119E+11   5.7311E+11   3.2743E+04   0.0000E+00
   5.4070E+03   1.3277E+12   4.5847E+11   4.5219E+11   4.7120E+11   5.2220E+11   5.4079E+11   5.7297E+11   5.8991E+11   5.3555E+11   6.7143E+04   0.0000E+00
   5.7973E+03   1.2073E+12   4.5243E+11   4.4623E+11   4.6398E+11   5.1104E+11   5.2595E+11   5.5574E+11   5.7334E+11   5.2230E+11   1.3745E+05   0.0000E+00
   6.2156E+03   1.0705E+12   4.1925E+11   4.1303E+11   4.2887E+11   4.7144E+11   4.8361E+11   5.1106E+11   5.2839E+11   4.8123E+11   2.8011E+05   0.0000E+00
   6.6642E+03   9.6225E+11   3.9413E+11   3.8797E+11   4.0226E+11   4.4093E+11   4.5076E+11   4.7615E+11   4.9312E+11   4.4943E+11   5.2958E+05   0.0000E+00
   7.1451E+03   8.5187E+11   3.6804E+11   3.6206E+11   3.7464E+11   4.0891E+11   4.1645E+11   4.3944E+11   4.5566E+11   4.1610E+11   9.5332E+05   0.0000E+00
   7.6608E+03   7.7025E+11   3.5051E+11   3.4468E+11   3.5595E+11   3.8672E+11   3.9245E+11   4.1360E+11   4.2926E+11   3.9289E+11   1.7230E+06   0.0000E+00
   8.2136E+03   6.8801E+11   3.2844E+11   3.2297E+11   3.3288E+11   3.5996E+11   3.6423E+11   3.8325E+11   3.9787E+11   3.6520E+11   3.1172E+06   0.0000E+00
   8.8064E+03   5.9763E+11   2.9456E+11   2.8926E+11   2.9760E+11   3.2104E+11   3.2422E+11   3.4127E+11   3.5457E+11   3.2560E+11   5.6821E+06   0.0000E+00
   9.4420E+03   5.5397E+11   2.9064E+11   2.8560E+11   2.9329E+11   3.1460E+11   3.1666E+11   3.3250E+11   3.4549E+11   3.1849E+11   8.3148E+06   7.9754E+09
   1.0123E+04   4.9503E+11   2.7133E+11   2.6663E+11   2.7330E+11   2.9188E+11   2.9309E+11   3.0728E+11   3.1929E+11   2.9516E+11   1.2135E+07   8.4502E+09
   1.0854E+04   4.3825E+11   2.4925E+11   2.4478E+11   2.5046E+11   2.6662E+11   2.6722E+11   2.7998E+11   2.9097E+11   2.6945E+11   1.8035E+07   9.0300E+09
   1.1637E+04   3.9353E+11   2.3253E+11   2.2832E+11   2.3322E+11   2.4739E+11   2.4750E+11   2.5901E+11   2.6913E+11   2.4982E+11   2.7429E+07   9.5850E+09
   1.2477E+04   3.4645E+11   2.1164E+11   2.0767E+11   2.1176E+11   2.2395E+11   2.2374E+11   2.3404E+11   2.4313E+11   2.2607E+11   3.6756E+07   1.0082E+10
   1.3377E+04   3.1861E+11   2.0199E+11   1.9817E+11   2.0173E+11   2.1257E+11   2.1209E+11   2.2156E+11   2.3002E+11   2.1446E+11   4.4178E+07   1.0446E+10
   1.4343E+04   2.9719E+11   1.9453E+11   1.9079E+11   1.9390E+11   2.0374E+11   2.0305E+11   2.1193E+11   2.1991E+11   2.0547E+11   5.3760E+07   1.0680E+10
   1.5378E+04   2.7961E+11   1.8826E+11   1.8458E+11   1.8732E+11   1.9627E+11   1.9545E+11   2.0383E+11   2.1136E+11   1.9789E+11   6.6873E+07   1.0826E+10
   1.6488E+04   2.6757E+11   1.8657E+11   1.8300E+11   1.8543E+11   1.9360E+11   1.9262E+11   2.0050E+11   2.0766E+11   1.9508E+11   7.8789E+07   1.0885E+10
   1.7678E+04   2.5865E+11   1.8495E+11   1.8130E+11   1.8343E+11   1.9105E+11   1.8997E+11   1.9764E+11   2.0455E+11   1.9250E+11   8.4526E+07   1.0822E+10
   1.8953E+04   2.4010E+11   1.7574E+11   1.7211E+11   1.7388E+11   1.8076E+11   1.7964E+11   1.8690E+11   1.9333E+11   1.8215E+11   9.1999E+07   1.0689E+10
   2.0321E+04   2.3060E+11   1.7352E+11   1.6999E+11   1.7152E+11   1.7780E+11   1.7663E+11   1.8350E+11   1.8957E+11   1.7911E+11   1.0228E+08   1.0510E+10
   2.1788E+04   2.1876E+11   1.6878E+11   1.6535E+11   1.6663E+11   1.7231E+11   1.7114E+11   1.7759E+11   1.8324E+11   1.7356E+11   1.1749E+08   1.0293E+10
   2.3360E+04   2.0991E+11   1.6668E+11   1.6343E+11   1.6452E+11   1.6962E+11   1.6843E+11   1.7440E+11   1.7964E+11   1.7076E+11   1.4838E+08   1.0048E+10
   2.5046E+04   1.9408E+11   1.5767E+11   1.5459E+11   1.5546E+11   1.5994E+11   1.5881E+11   1.6430E+11   1.6903E+11   1.6101E+11   1.9500E+08   9.8134E+09
   2.6854E+04   1.8640E+11   1.5539E+11   1.5258E+11   1.5333E+11   1.5729E+11   1.5621E+11   1.6116E+11   1.6544E+11   1.5824E+11   2.6534E+08   9.6139E+09
   2.8792E+04   1.7795E+11   1.5225E+11   1.4971E+11   1.5035E+11   1.5382E+11   1.5279E+11   1.5722E+11   1.6106E+11   1.5466E+11   3.7475E+08   9.5427E+09
   3.0869E+04   1.6392E+11   1.4456E+11   1.4231E+11   1.4283E+11   1.4579E+11   1.4485E+11   1.4872E+11   1.5208E+11   1.4652E+11   5.5013E+08   1.0435E+10
   3.3097E+04   1.5346E+11   2.4891E+11   2.4614E+11   2.4711E+11   2.5110E+11   2.4901E+11   2.5322E+11   2.5880E+11   2.5132E+11   8.3886E+08   1.4247E+11
   3.5486E+04   1.4539E+11   1.3459E+11   1.3285E+11   1.3322E+11   1.3538E+11   1.3460E+11   1.3752E+11   1.4009E+11   1.3591E+11   1.2979E+09   9.9810E+09
   3.8047E+04   1.3378E+11   1.2632E+11   1.2483E+11   1.2513E+11   1.2692E+11   1.2624E+11   1.2872E+11   1.3090E+11   1.2738E+11   1.7926E+09   9.0919E+09
   4.0792E+04   1.2616E+11   1.2218E+11   1.2088E+11   1.2113E+11   1.2266E+11   1.2205E+11   1.2417E+11   1.2607E+11   1.2304E+11   2.4786E+09   9.1345E+09
   4.3736E+04   1.1768E+11   1.1771E+11   1.1659E+11   1.1680E+11   1.1809E+11   1.1754E+11   1.1934E+11   1.2098E+11   1.1840E+11   3.4315E+09   9.8046E+09
   4.6893E+04   1.0900E+11   1.1376E+11   1.1279E+11   1.1296E+11   1.1406E+11   1.1356E+11   1.1507E+11   1.1648E+11   1.1430E+11   4.7573E+09   1.1187E+10
   5.0277E+04   1.0130E+11   1.1222E+11   1.1138E+11   1.1153E+11   1.1247E+11   1.1200E+11   1.1328E+11   1.1452E+11   1.1266E+11   6.5683E+09   1.4030E+10
   5.3905E+04   9.4218E+10   1.1431E+11   1.1355E+11   1.1370E+11   1.1453E+11   1.1408E+11   1.1517E+11   1.1632E+11   1.1467E+11   7.9018E+09   2.0982E+10
   5.7795E+04   8.7685E+10   1.3607E+11   1.3531E+11   1.3549E+11   1.3636E+11   1.3582E+11   1.3685E+11   1.3813E+11   1.3643E+11   9.1456E+09   4.8955E+10
   6.1966E+04   8.1598E+10   3.7629E+11   3.7470E+11   3.7537E+11   3.7757E+11   3.7587E+11   3.7778E+11   3.8161E+11   3.7734E+11   1.0109E+10   3.1381E+11
   6.6438E+04   7.5930E+10   1.5348E+11   1.5279E+11   1.5298E+11   1.5378E+11   1.5323E+11   1.5410E+11   1.5536E+11   1.5380E+11   1.1113E+10   7.5893E+10
   7.1233E+04   7.0696E+10   1.9494E+11   1.9416E+11   1.9442E+11   1.9537E+11   1.9467E+11   1.9562E+11   1.9720E+11   1.9534E+11   1.1722E+10   1.2432E+11
   7.6374E+04   6.5412E+10   4.5353E+11   4.5147E+11   4.5241E+11   4.5526E+11   4.5305E+11   4.5549E+11   4.6054E+11   4.5495E+11   1.1529E+10   4.1518E+11
   8.1885E+04   5.9964E+10   2.1295E+11   2.1120E+11   2.1192E+11   2.1428E+11   2.1265E+11   2.1485E+11   2.1868E+11   2.1413E+11   1.0126E+10   1.7335E+11
   8.7795E+04   5.5880E+10   1.4012E+11   1.3814E+11   1.3899E+11   1.4180E+11   1.4014E+11   1.4279E+11   1.4691E+11   1.4173E+11   8.3343E+09   1.1157E+11
   9.4131E+04   5.1095E+10   6.8719E+10   6.7243E+10   6.7778E+10   6.9854E+10   6.8941E+10   7.1001E+10   7.3521E+10   6.9962E+10   7.0447E+09   3.4728E+10
   1.0092E+05   4.7066E+10   6.0233E+10   5.9030E+10   5.9409E+10   6.0982E+10   6.0263E+10   6.1864E+10   6.3764E+10   6.1067E+10   7.7361E+09   2.3075E+10
   1.0821E+05   4.3208E+10   6.8028E+10   6.6981E+10   6.7312E+10   6.8615E+10   6.7898E+10   6.9214E+10   7.0955E+10   6.8633E+10   8.7295E+09   3.1125E+10
   1.1602E+05   3.9360E+10   8.5975E+10   8.5035E+10   8.5365E+10   8.6518E+10   8.5756E+10   8.6880E+10   8.8627E+10   8.6471E+10   9.4823E+09   5.1212E+10
   1.2439E+05   3.5954E+10   6.9229E+10   6.8629E+10   6.8800E+10   6.9465E+10   6.9012E+10   6.9694E+10   7.0700E+10   6.9449E+10   9.7401E+09   3.1291E+10
   1.3337E+05   3.3128E+10   5.5076E+10   5.4694E+10   5.4777E+10   5.5163E+10   5.4902E+10   5.5323E+10   5.5890E+10   5.5167E+10   9.5555E+09   1.6628E+10
   1.4299E+05   3.0463E+10   4.7205E+10   4.6907E+10   4.6960E+10   4.7247E+10   4.7061E+10   4.7387E+10   4.7793E+10   4.7260E+10   9.1136E+09   1.0645E+10
   1.5331E+05   2.7490E+10   4.4690E+10   4.4369E+10   4.4425E+10   4.4737E+10   4.4548E+10   4.4900E+10   4.5326E+10   4.4755E+10   8.7427E+09   1.1702E+10
   1.6437E+05   2.5297E+10   9.2411E+10   9.1805E+10   9.2054E+10   9.2790E+10   9.2206E+10   9.2877E+10   9.4164E+10   9.2710E+10   8.3817E+09   6.8370E+10
   1.7624E+05   2.2816E+10   4.8242E+10   4.7790E+10   4.7884E+10   4.8355E+10   4.8110E+10   4.8633E+10   4.9252E+10   4.8395E+10   8.0474E+09   2.2378E+10
   1.8895E+05   2.0550E+10   5.0367E+10   4.9896E+10   5.0003E+10   5.0501E+10   5.0245E+10   5.0804E+10   5.1469E+10   5.0548E+10   7.7069E+09   2.7471E+10
   2.0259E+05   1.8713E+10   5.4113E+10   5.3679E+10   5.3792E+10   5.4257E+10   5.3993E+10   5.4508E+10   5.5176E+10   5.4289E+10   7.3458E+09   3.3257E+10
   2.1721E+05   1.7059E+10   6.3978E+10   6.3573E+10   6.3709E+10   6.4165E+10   6.3850E+10   6.4319E+10   6.5062E+10   6.4160E+10   6.9558E+09   4.5520E+10
   2.3289E+05   1.5365E+10   5.8496E+10   5.8163E+10   5.8272E+10   5.8637E+10   5.8385E+10   5.8775E+10   5.9376E+10   5.8641E+10   6.5718E+09   4.0963E+10
   2.4969E+05   1.3525E+10   5.2418E+10   5.2148E+10   5.2236E+10   5.2525E+10   5.2325E+10   5.2646E+10   5.3127E+10   5.2534E+10   6.1892E+09   3.6145E+10
   2.6771E+05   1.2182E+10   5.2465E+10   5.2237E+10   5.2319E+10   5.2568E+10   5.2379E+10   5.2647E+10   5.3088E+10   5.2568E+10   5.7918E+09   3.7572E+10
   2.8703E+05   1.0962E+10   5.2564E+10   5.2373E+10   5.2450E+10   5.2664E+10   5.2485E+10   5.2702E+10   5.3106E+10   5.2652E+10   5.4198E+09   3.8954E+10
   3.0775E+05   9.6583E+09   5.2113E+10   5.1958E+10   5.2028E+10   5.2209E+10   5.2041E+10   5.2210E+10   5.2575E+10   5.2188E+10   5.0759E+09   3.9848E+10
   3.2996E+05   8.4883E+09   5.1227E+10   5.1102E+10   5.1165E+10   5.1316E+10   5.1161E+10   5.1287E+10   5.1610E+10   5.1287E+10   4.7590E+09   4.0157E+10
   3.5377E+05   7.3840E+09   4.9855E+10   4.9758E+10   4.9812E+10   4.9937E+10   4.9796E+10   4.9884E+10   5.0166E+10   4.9902E+10   4.4669E+09   3.9904E+10
   3.7930E+05   6.5729E+09   4.8098E+10   4.8023E+10   4.8068E+10   4.8170E+10   4.8044E+10   4.8101E+10   4.8344E+10   4.8132E+10   4.1989E+09   3.8961E+10
   4.0667E+05   5.7178E+09   4.5522E+10   4.5466E+10   4.5503E+10   4.5582E+10   4.5474E+10   4.5506E+10   4.5707E+10   4.5545E+10   3.9586E+09   3.7209E+10
   4.3602E+05   4.9601E+09   4.2435E+10   4.2394E+10   4.2423E+10   4.2484E+10   4.2393E+10   4.2407E+10   4.2568E+10   4.2449E+10   3.7403E+09   3.4845E+10
   4.6749E+05   4.2283E+09   3.8929E+10   3.8900E+10   3.8922E+10   3.8967E+10   3.8893E+10   3.8894E+10   3.9021E+10   3.8936E+10   3.5416E+09   3.2042E+10
   5.0123E+05   3.6658E+09   3.5296E+10   3.5276E+10   3.5292E+10   3.5325E+10   3.5265E+10   3.5260E+10   3.5356E+10   3.5298E+10   3.3605E+09   2.8958E+10
   5.3740E+05   3.0797E+09   3.1477E+10   3.1463E+10   3.1474E+10   3.1497E+10   3.1451E+10   3.1441E+10   3.1514E+10   3.1476E+10   3.1953E+09   2.5725E+10
   5.7618E+05   2.5873E+09   2.7743E+10   2.7733E+10   2.7741E+10   2.7757E+10   2.7722E+10   2.7711E+10   2.7763E+10   2.7740E+10   3.0445E+09   2.2502E+10
   6.1776E+05   2.1737E+09   2.4144E+10   2.4138E+10   2.4143E+10   2.4154E+10   2.4127E+10   2.4117E+10   2.4154E+10   2.4141E+10   2.8639E+09   1.9393E+10
   6.6235E+05   1.7764E+09   2.0687E+10   2.0683E+10   2.0686E+10   2.0693E+10   2.0674E+10   2.0665E+10   2.0691E+10   2.0684E+10   2.6420E+09   1.6475E+10
   7.1015E+05   1.4179E+09   1.7529E+10   1.7526E+10   1.7528E+10   1.7533E+10   1.7519E+10   1.7511E+10   1.7529E+10   1.7526E+10   2.4384E+09   1.3819E+10
   7.6140E+05   1.1369E+09   1.4731E+10   1.4729E+10   1.4731E+10   1.4733E+10   1.4723E+10   1.4717E+10   1.4729E+10   1.4729E+10   2.2515E+09   1.1445E+10
   8.1635E+05   8.7580E+08   1.2252E+10   1.2250E+10   1.2251E+10   1.2253E+10   1.2246E+10   1.2240E+10   1.2249E+10   1.2250E+10   2.0800E+09   9.3657E+09
   8.7526E+05   6.8214E+08   1.0070E+10   1.0069E+10   1.0070E+10   1.0071E+10   1.0066E+10   1.0062E+10   1.0067E+10   1.0069E+10   1.8513E+09   7.5845E+09
   9.3842E+05   5.2518E+08   8.1601E+09   8.1593E+09   8.1598E+09   8.1603E+09   8.1569E+09   8.1540E+09   8.1576E+09   8.1591E+09   1.5868E+09   6.0803E+09
   1.0061E+06   3.7471E+08   6.5398E+09   6.5393E+09   6.5395E+09   6.5398E+09   6.5375E+09   6.5353E+09   6.5377E+09   6.5392E+09   1.3609E+09   4.8256E+09
   1.0788E+06   2.6447E+08   5.2143E+09   5.2140E+09   5.2141E+09   5.2143E+09   5.2127E+09   5.2111E+09   5.2126E+09   5.2139E+09   1.1679E+09   3.7961E+09
   1.1566E+06   1.8667E+08   4.1516E+09   4.1513E+09   4.1514E+09   4.1515E+09   4.1504E+09   4.1493E+09   4.1503E+09   4.1514E+09   1.0029E+09   2.9714E+09
   1.2401E+06   1.3175E+08   3.2640E+09   3.2639E+09   3.2639E+09   3.2639E+09   3.2632E+09   3.2624E+09   3.2630E+09   3.2639E+09   8.2266E+08   2.3158E+09
   1.3296E+06   9.2992E+07   2.5463E+09   2.5462E+09   2.5462E+09   2.5462E+09   2.5457E+09   2.5452E+09   2.5456E+09   2.5463E+09   6.4891E+08   1.8086E+09
   1.4255E+06   6.5634E+07   1.9611E+09   1.9610E+09   1.9610E+09   1.9610E+09   1.9607E+09   1.9603E+09   1.9606E+09   1.9611E+09   5.1215E+08   1.3860E+09
   1.5284E+06   4.6325E+07   1.4757E+09   1.4756E+09   1.4756E+09   1.4756E+09   1.4754E+09   1.4752E+09   1.4753E+09   1.4757E+09   4.0445E+08   1.0266E+09
   1.6387E+06   3.2697E+07   1.1098E+09   1.1098E+09   1.1098E+09   1.1098E+09   1.1097E+09   1.1095E+09   1.1096E+09   1.1099E+09   3.1957E+08   7.5864E+08
   1.7570E+06   2.3078E+07   8.3431E+08   8.3429E+08   8.3430E+08   8.3429E+08   8.3420E+08   8.3409E+08   8.3415E+08   8.3437E+08   2.5265E+08   5.5926E+08
   1.8838E+06   1.6289E+07   6.2670E+08   6.2668E+08   6.2669E+08   6.2668E+08   6.2663E+08   6.2655E+08   6.2659E+08   6.2675E+08   1.9987E+08   4.1097E+08
   2.0197E+06   1.1497E+07   4.5910E+08   4.5909E+08   4.5909E+08   4.5909E+08   4.5905E+08   4.5900E+08   4.5903E+08   4.5914E+08   1.4775E+08   3.0012E+08
   2.1655E+06   8.1144E+06   3.3481E+08   3.3480E+08   3.3480E+08   3.3480E+08   3.3478E+08   3.3475E+08   3.3476E+08   3.3485E+08   1.0870E+08   2.1817E+08
   2.3217E+06   5.7273E+06   2.4331E+08   2.4330E+08   2.4330E+08   2.4330E+08   2.4329E+08   2.4327E+08   2.4328E+08   2.4334E+08   7.9990E+07   1.5770E+08
   2.4893E+06   4.0424E+06   1.7625E+08   1.7625E+08   1.7625E+08   1.7625E+08   1.7624E+08   1.7623E+08   1.7623E+08   1.7627E+08   5.8880E+07   1.1340E+08
   2.6689E+06   2.8531E+06   1.2728E+08   1.2727E+08   1.2727E+08   1.2727E+08   1.2727E+08   1.2726E+08   1.2726E+08   1.2729E+08   4.3354E+07   8.1112E+07
   2.8616E+06   2.0138E+06   9.1623E+07   9.1622E+07   9.1622E+07   9.1622E+07   9.1619E+07   9.1614E+07   9.1616E+07   9.1637E+07   3.1931E+07   5.7706E+07
   3.0681E+06   1.4213E+06   6.5468E+07   6.5467E+07   6.5468E+07   6.5467E+07   6.5465E+07   6.5462E+07   6.5463E+07   6.5478E+07   2.3178E+07   4.0886E+07
   3.2895E+06   1.0032E+06   4.6156E+07   4.6156E+07   4.6156E+07   4.6155E+07   4.6154E+07   4.6152E+07   4.6153E+07   4.6164E+07   1.6307E+07   2.8857E+07
   3.5269E+06   7.0808E+05   3.2451E+07   3.2451E+07   3.2451E+07   3.2450E+07   3.2450E+07   3.2449E+07   3.2449E+07   3.2456E+07   1.1474E+07   2.0275E+07
   3.7814E+06   4.9977E+05   2.2760E+07   2.2759E+07   2.2759E+07   2.2759E+07   2.2759E+07   2.2758E+07   2.2759E+07   2.2764E+07   8.0747E+06   1.4190E+07
   4.0543E+06   3.5275E+05   1.5930E+07   1.5930E+07   1.5930E+07   1.5930E+07   1.5930E+07   1.5929E+07   1.5930E+07   1.5933E+07   5.6829E+06   9.8973E+06
   4.3469E+06   2.4897E+05   1.1126E+07   1.1126E+07   1.1126E+07   1.1126E+07   1.1126E+07   1.1126E+07   1.1126E+07   1.1128E+07   4.0000E+06   6.8792E+06
   4.6606E+06   1.7573E+05   7.7566E+06   7.7565E+06   7.7566E+06   7.7565E+06   7.7564E+06   7.7563E+06   7.7563E+06   7.7580E+06   2.8158E+06   4.7662E+06
   4.9969E+06   1.2403E+05   5.3403E+06   5.3403E+06   5.3403E+06   5.3403E+06   5.3402E+06   5.3401E+06   5.3402E+06   5.3413E+06   1.9252E+06   3.2918E+06
   5.3576E+06   8.7543E+04   3.6553E+06   3.6553E+06   3.6553E+06   3.6553E+06   3.6552E+06   3.6552E+06   3.6552E+06   3.6560E+06   1.3009E+06   2.2673E+06
   5.7442E+06   6.1790E+04   2.4983E+06   2.4983E+06   2.4983E+06   2.4983E+06   2.4983E+06   2.4982E+06   2.4982E+06   2.4988E+06   8.7911E+05   1.5577E+06
   6.1587E+06   4.3613E+04   1.7053E+06   1.7053E+06   1.7053E+06   1.7053E+06   1.7053E+06   1.7053E+06   1.7053E+06   1.7056E+06   5.9407E+05   1.0678E+06
   6.6032E+06   3.0782E+04   1.1622E+06   1.1622E+06   1.1622E+06   1.1622E+06   1.1622E+06   1.1621E+06   1.1621E+06   1.1624E+06   4.0145E+05   7.3006E+05
   7.0797E+06   2.1727E+04   7.9107E+05   7.9106E+05   7.9107E+05   7.9106E+05   7.9106E+05   7.9105E+05   7.9106E+05   7.9122E+05   2.7129E+05   4.9813E+05
   7.5907E+06   1.5335E+04   5.3791E+05   5.3791E+05   5.3791E+05   5.3791E+05   5.3790E+05   5.3790E+05   5.3790E+05   5.3801E+05   1.8333E+05   3.3929E+05
   8.1385E+06   1.0824E+04   3.6532E+05   3.6532E+05   3.6532E+05   3.6532E+05   3.6532E+05   3.6531E+05   3.6531E+05   3.6539E+05   1.2390E+05   2.3063E+05
   8.7258E+06   7.6397E+03   2.4787E+05   2.4787E+05   2.4787E+05   2.4787E+05   2.4787E+05   2.4786E+05   2.4786E+05   2.4792E+05   8.3729E+04   1.5652E+05
   9.3555E+06   5.3922E+03   1.6801E+05   1.6801E+05   1.6801E+05   1.6801E+05   1.6800E+05   1.6800E+05   1.6800E+05   1.6804E+05   5.6586E+04   1.0604E+05
   1.0031E+07   3.8060E+03   1.1377E+05   1.1377E+05   1.1377E+05   1.1377E+05   1.1377E+05   1.1377E+05   1.1377E+05   1.1379E+05   3.8242E+04   7.1731E+04
   1.0755E+07   2.6864E+03   7.6976E+04   7.6976E+04   7.6976E+04   7.6975E+04   7.6975E+04   7.6975E+04   7.6975E+04   7.6991E+04   2.5846E+04   4.8450E+04
   1.1531E+07   1.8961E+03   5.2041E+04   5.2041E+04   5.2041E+04   5.2041E+04   5.2041E+04   5.2041E+04   5.2041E+04   5.2051E+04   1.7468E+04   3.2682E+04
   1.2363E+07   1.3383E+03   3.5158E+04   3.5158E+04   3.5158E+04   3.5158E+04   3.5158E+04   3.5158E+04   3.5158E+04   3.5166E+04   1.1806E+04   2.2017E+04
   1.3255E+07   9.4461E+02   2.3738E+04   2.3738E+04   2.3738E+04   2.3738E+04   2.3738E+04   2.3738E+04   2.3738E+04   2.3743E+04   7.9790E+03   1.4816E+04
   1.4212E+07   6.6673E+02   1.6018E+04   1.6018E+04   1.6018E+04   1.6018E+04   1.6018E+04   1.6018E+04   1.6018E+04   1.6021E+04   5.3929E+03   9.9597E+03
   1.5237E+07   4.7060E+02   1.0803E+04   1.0803E+04   1.0803E+04   1.0803E+04   1.0803E+04   1.0803E+04   1.0803E+04   1.0806E+04   3.6450E+03   6.6887E+03
   1.6337E+07   3.3217E+02   7.2832E+03   7.2832E+03   7.2832E+03   7.2832E+03   7.2832E+03   7.2831E+03   7.2831E+03   7.2846E+03   2.4637E+03   4.4879E+03
   1.7516E+07   2.3445E+02   4.9081E+03   4.9081E+03   4.9081E+03   4.9081E+03   4.9081E+03   4.9081E+03   4.9081E+03   4.9091E+03   1.6652E+03   3.0088E+03
   1.8780E+07   1.6549E+02   3.3065E+03   3.3065E+03   3.3065E+03   3.3065E+03   3.3065E+03   3.3065E+03   3.3065E+03   3.3072E+03   1.1256E+03   2.0157E+03
   2.0135E+07   1.1680E+02   2.2128E+03   2.2128E+03   2.2128E+03   2.2128E+03   2.2128E+03   2.2128E+03   2.2128E+03   2.2132E+03   7.4673E+02   1.3494E+03
   2.1588E+07   8.2446E+01   1.4794E+03   1.4794E+03   1.4794E+03   1.4794E+03   1.4794E+03   1.4794E+03   1.4794E+03   1.4797E+03   4.9421E+02   9.0285E+02
   2.3146E+07   5.8194E+01   9.8894E+02   9.8894E+02   9.8894E+02   9.8894E+02   9.8894E+02   9.8894E+02   9.8894E+02   9.8914E+02   3.2710E+02   6.0373E+02
   2.4817E+07   4.1076E+01   6.6101E+02   6.6101E+02   6.6101E+02   6.6101E+02   6.6101E+02   6.6101E+02   6.6101E+02   6.6114E+02   2.1649E+02   4.0350E+02
   2.6608E+07   2.8993E+01   4.4179E+02   4.4179E+02   4.4179E+02   4.4179E+02   4.4179E+02   4.4179E+02   4.4179E+02   4.4188E+02   1.4328E+02   2.6955E+02
   2.8528E+07   2.0465E+01   2.9527E+02   2.9527E+02   2.9527E+02   2.9527E+02   2.9527E+02   2.9527E+02   2.9527E+02   2.9533E+02   9.4829E+01   1.8000E+02
   3.0587E+07   1.4445E+01   1.9735E+02   1.9735E+02   1.9735E+02   1.9735E+02   1.9735E+02   1.9735E+02   1.9735E+02   1.9739E+02   6.2762E+01   1.2015E+02
   3.2794E+07   1.0196E+01   1.3190E+02   1.3190E+02   1.3190E+02   1.3190E+02   1.3190E+02   1.3190E+02   1.3190E+02   1.3193E+02   4.1538E+01   8.0180E+01
   3.5161E+07   7.1970E+00   8.8174E+01   8.8174E+01   8.8174E+01   8.8174E+01   8.8173E+01   8.8173E+01   8.8173E+01   8.8191E+01   2.7492E+01   5.3491E+01
   3.7698E+07   5.0801E+00   5.8948E+01   5.8948E+01   5.8948E+01   5.8948E+01   5.8948E+01   5.8948E+01   5.8948E+01   5.8960E+01   1.8195E+01   3.5676E+01
   4.0419E+07   3.5859E+00   3.9416E+01   3.9416E+01   3.9416E+01   3.9416E+01   3.9416E+01   3.9416E+01   3.9416E+01   3.9424E+01   1.2043E+01   2.3790E+01
   4.3336E+07   2.5311E+00   2.6361E+01   2.6361E+01   2.6361E+01   2.6361E+01   2.6361E+01   2.6361E+01   2.6361E+01   2.6366E+01   7.9703E+00   1.5861E+01
   4.6463E+07   1.7867E+00   1.7634E+01   1.7634E+01   1.7634E+01   1.7634E+01   1.7634E+01   1.7634E+01   1.7634E+01   1.7637E+01   5.2751E+00   1.0573E+01
   4.9817E+07   1.2612E+00   1.1799E+01   1.1799E+01   1.1799E+01   1.1799E+01   1.1799E+01   1.1799E+01   1.1799E+01   1.1801E+01   3.4913E+00   7.0475E+00
   5.3412E+07   8.9024E-01   7.8975E+00   7.8975E+00   7.8975E+00   7.8975E+00   7.8975E+00   7.8975E+00   7.8975E+00   7.8991E+00   2.3107E+00   4.6971E+00
   5.7266E+07   6.2841E-01   5.2877E+00   5.2877E+00   5.2877E+00   5.2877E+00   5.2877E+00   5.2877E+00   5.2877E+00   5.2888E+00   1.5294E+00   3.1304E+00
   6.1399E+07   4.4360E-01   3.5417E+00   3.5417E+00   3.5417E+00   3.5417E+00   3.5417E+00   3.5417E+00   3.5417E+00   3.5424E+00   1.0122E+00   2.0861E+00
   6.5830E+07   3.1313E-01   2.3731E+00   2.3731E+00   2.3731E+00   2.3731E+00   2.3731E+00   2.3731E+00   2.3731E+00   2.3736E+00   6.6993E-01   1.3903E+00
   7.0581E+07   2.2104E-01   1.5908E+00   1.5908E+00   1.5908E+00   1.5908E+00   1.5908E+00   1.5908E+00   1.5908E+00   1.5911E+00   4.4339E-01   9.2651E-01
   7.5675E+07   1.5604E-01   1.0669E+00   1.0669E+00   1.0669E+00   1.0669E+00   1.0669E+00   1.0669E+00   1.0669E+00   1.0671E+00   2.9346E-01   6.1748E-01
   8.1136E+07   1.1015E-01   7.1587E-01   7.1587E-01   7.1587E-01   7.1587E-01   7.1587E-01   7.1587E-01   7.1587E-01   7.1601E-01   1.9422E-01   4.1156E-01
   8.6991E+07   7.7758E-02   4.8059E-01   4.8059E-01   4.8059E-01   4.8059E-01   4.8059E-01   4.8059E-01   4.8059E-01   4.8068E-01   1.2855E-01   2.7433E-01
   9.3269E+07   5.4893E-02   3.2281E-01   3.2281E-01   3.2281E-01   3.2281E-01   3.2281E-01   3.2281E-01   3.2281E-01   3.2288E-01   8.5079E-02   1.8287E-01
   1.0000E+08   3.8751E-02   2.1696E-01   2.1696E-01   2.1696E-01   2.1696E-01   2.1696E-01   2.1696E-01   2.1696E-01   2.1700E-01   5.6310E-02   1.2192E-01
