 (1): Wavelength (A) 
 (2): Intrinsic SED (1e30 erg/s/A)
 (3 - 9): SED at angles [   0.0000000      0.26183301      0.52366602      0.78549999       1.0473300       1.3091700       1.5710000     ] (1e30 erg/s/A)
 (10): Angle averaged SED (1e30 erg/s/A)
 (11): Molecular cloud emission (1e30 erg/s/A)
 (12): Cirrus emission (1e30 erg/s/A)
  
            1            2            3            4            5            6            7            8            9           10           11           12
   9.5000E+01   3.2112E+11   2.2953E+11   2.2802E+11   2.1907E+11   2.1880E+11   2.2954E+11   2.2945E+11   1.9548E+11   2.2173E+11   5.1567E+08   0.0000E+00
   1.0186E+02   4.3367E+11   2.3571E+11   2.3410E+11   2.2468E+11   2.2438E+11   2.3574E+11   2.3564E+11   2.0035E+11   2.2756E+11   5.7720E+08   0.0000E+00
   1.0921E+02   4.4247E+11   2.3587E+11   2.3426E+11   2.2485E+11   2.2455E+11   2.3591E+11   2.3581E+11   2.0052E+11   2.2773E+11   6.5761E+08   0.0000E+00
   1.1709E+02   4.4952E+11   2.3602E+11   2.3439E+11   2.2485E+11   2.2454E+11   2.3608E+11   2.3597E+11   2.0043E+11   2.2781E+11   7.5484E+08   0.0000E+00
   1.2554E+02   4.8089E+11   2.4207E+11   2.4034E+11   2.3026E+11   2.2991E+11   2.4217E+11   2.4205E+11   2.0505E+11   2.3347E+11   8.7075E+08   0.0000E+00
   1.3460E+02   4.8369E+11   2.4232E+11   2.4055E+11   2.3028E+11   2.2991E+11   2.4245E+11   2.4233E+11   2.0495E+11   2.3361E+11   1.0142E+09   0.0000E+00
   1.4431E+02   5.2083E+11   2.4363E+11   2.4179E+11   2.3126E+11   2.3087E+11   2.4380E+11   2.4367E+11   2.0578E+11   2.3477E+11   1.1879E+09   0.0000E+00
   1.5473E+02   5.4141E+11   2.4811E+11   2.4618E+11   2.3518E+11   2.3475E+11   2.4833E+11   2.4820E+11   2.0916E+11   2.3894E+11   1.3972E+09   0.0000E+00
   1.6589E+02   5.4892E+11   2.5078E+11   2.4877E+11   2.3738E+11   2.3691E+11   2.5107E+11   2.5092E+11   2.1102E+11   2.4138E+11   1.6519E+09   0.0000E+00
   1.7786E+02   5.5253E+11   2.5136E+11   2.4929E+11   2.3760E+11   2.3710E+11   2.5173E+11   2.5157E+11   2.1116E+11   2.4181E+11   1.9616E+09   0.0000E+00
   1.9070E+02   5.5568E+11   2.5203E+11   2.4990E+11   2.3796E+11   2.3744E+11   2.5249E+11   2.5233E+11   2.1148E+11   2.4237E+11   2.3411E+09   0.0000E+00
   2.0446E+02   5.6394E+11   2.5663E+11   2.5443E+11   2.4213E+11   2.4160E+11   2.5720E+11   2.5703E+11   2.1525E+11   2.4678E+11   2.8102E+09   0.0000E+00
   2.1922E+02   5.7041E+11   2.5933E+11   2.5704E+11   2.4433E+11   2.4377E+11   2.6005E+11   2.5986E+11   2.1726E+11   2.4929E+11   3.3758E+09   0.0000E+00
   2.3504E+02   1.2410E+12   2.7312E+11   2.7067E+11   2.5732E+11   2.5682E+11   2.7413E+11   2.7391E+11   2.3011E+11   2.6284E+11   4.0733E+09   0.0000E+00
   2.5200E+02   2.1138E+12   2.7625E+11   2.7369E+11   2.5990E+11   2.5938E+11   2.7751E+11   2.7727E+11   2.3265E+11   2.6583E+11   4.9273E+09   0.0000E+00
   2.7019E+02   2.5604E+12   2.8025E+11   2.7757E+11   2.6323E+11   2.6269E+11   2.8179E+11   2.8154E+11   2.3571E+11   2.6961E+11   5.9857E+09   0.0000E+00
   2.8969E+02   2.4723E+12   2.7885E+11   2.7609E+11   2.6152E+11   2.6100E+11   2.8073E+11   2.8047E+11   2.3437E+11   2.6828E+11   7.3084E+09   0.0000E+00
   3.1059E+02   2.0678E+12   2.7715E+11   2.7426E+11   2.5932E+11   2.5869E+11   2.7906E+11   2.7879E+11   2.3226E+11   2.6635E+11   7.2680E+09   0.0000E+00
   3.3301E+02   2.4258E+12   2.8060E+11   2.7746E+11   2.6166E+11   2.6075E+11   2.8219E+11   2.8192E+11   2.3375E+11   2.6898E+11   5.8590E+09   0.0000E+00
   3.5704E+02   2.4009E+12   2.7804E+11   2.7473E+11   2.5845E+11   2.5729E+11   2.7935E+11   2.7908E+11   2.3042E+11   2.6593E+11   4.7300E+09   0.0000E+00
   3.8280E+02   2.3432E+12   2.7571E+11   2.7241E+11   2.5618E+11   2.5495E+11   2.7677E+11   2.7651E+11   2.2796E+11   2.6348E+11   3.8755E+09   0.0000E+00
   4.1043E+02   2.4915E+12   2.7895E+11   2.7551E+11   2.5880E+11   2.5742E+11   2.7981E+11   2.7955E+11   2.2993E+11   2.6623E+11   3.1607E+09   0.0000E+00
   4.4005E+02   2.3502E+12   2.7826E+11   2.7460E+11   2.5724E+11   2.5560E+11   2.7896E+11   2.7869E+11   2.2826E+11   2.6500E+11   2.5521E+09   0.0000E+00
   4.7181E+02   2.1876E+12   2.8177E+11   2.7774E+11   2.5932E+11   2.5731E+11   2.8232E+11   2.8204E+11   2.2988E+11   2.6765E+11   2.0523E+09   0.0000E+00
   5.0586E+02   2.1650E+12   2.8119E+11   2.7675E+11   2.5738E+11   2.5489E+11   2.8137E+11   2.8107E+11   2.2780E+11   2.6615E+11   8.1556E+08   0.0000E+00
   5.4236E+02   2.3223E+12   2.8097E+11   2.7602E+11   2.5570E+11   2.5276E+11   2.8098E+11   2.8066E+11   2.2640E+11   2.6512E+11   2.9912E+08   0.0000E+00
   5.8151E+02   2.4499E+12   2.8050E+11   2.7485E+11   2.5320E+11   2.4955E+11   2.8043E+11   2.8006E+11   2.2435E+11   2.6359E+11   1.0877E+08   0.0000E+00
   6.2347E+02   2.3674E+12   2.7452E+11   2.6760E+11   2.4427E+11   2.3944E+11   2.7436E+11   2.7391E+11   2.1664E+11   2.5609E+11   3.7942E+07   0.0000E+00
   6.6847E+02   2.2560E+12   2.7333E+11   2.6531E+11   2.4063E+11   2.3494E+11   2.7311E+11   2.7256E+11   2.1327E+11   2.5357E+11   1.3453E+07   0.0000E+00
   7.1671E+02   2.1594E+12   2.6770E+11   2.5915E+11   2.3424E+11   2.2826E+11   2.6745E+11   2.6687E+11   2.0750E+11   2.4758E+11   1.7365E+07   0.0000E+00
   7.6843E+02   1.9150E+12   2.6500E+11   2.5710E+11   2.3319E+11   2.2769E+11   2.6485E+11   2.6435E+11   2.0686E+11   2.4585E+11   2.7041E+07   0.0000E+00
   8.2389E+02   1.8790E+12   2.6837E+11   2.6127E+11   2.3831E+11   2.3350E+11   2.6836E+11   2.6793E+11   2.1175E+11   2.5024E+11   4.3058E+07   0.0000E+00
   8.8334E+02   1.7556E+12   2.7283E+11   2.6618E+11   2.4378E+11   2.3947E+11   2.7296E+11   2.7256E+11   2.1683E+11   2.5529E+11   6.6831E+07   0.0000E+00
   9.4709E+02   6.0563E+12   6.6255E+11   6.4950E+11   6.2894E+11   6.3902E+11   6.9084E+11   6.9107E+11   6.1912E+11   6.6101E+11   1.0217E+08   0.0000E+00
   1.0154E+03   6.6580E+12   1.0639E+12   1.0494E+12   1.0262E+12   1.0479E+12   1.1168E+12   1.1166E+12   1.0234E+12   1.0751E+12   2.8873E+08   0.0000E+00
   1.0887E+03   6.4218E+12   1.4053E+12   1.3903E+12   1.3636E+12   1.3897E+12   1.4626E+12   1.4616E+12   1.3601E+12   1.4174E+12   8.3779E+08   0.0000E+00
   1.1673E+03   5.6624E+12   1.4425E+12   1.4286E+12   1.4019E+12   1.4296E+12   1.5015E+12   1.5014E+12   1.3971E+12   1.4563E+12   2.4484E+09   0.0000E+00
   1.2515E+03   5.1973E+12   1.4079E+12   1.3953E+12   1.3702E+12   1.3987E+12   1.4683E+12   1.4681E+12   1.3634E+12   1.4236E+12   3.3536E+09   0.0000E+00
   1.3419E+03   4.8166E+12   1.4899E+12   1.4778E+12   1.4532E+12   1.4812E+12   1.5451E+12   1.5451E+12   1.4452E+12   1.5034E+12   3.1517E+09   0.0000E+00
   1.4387E+03   4.0937E+12   1.3796E+12   1.3689E+12   1.3465E+12   1.3716E+12   1.4284E+12   1.4285E+12   1.3373E+12   1.3911E+12   2.9470E+09   0.0000E+00
   1.5425E+03   3.0565E+12   1.1776E+12   1.1689E+12   1.1493E+12   1.1684E+12   1.2137E+12   1.2140E+12   1.1381E+12   1.1840E+12   2.7562E+09   0.0000E+00
   1.6538E+03   2.8662E+12   1.0680E+12   1.0605E+12   1.0436E+12   1.0615E+12   1.1026E+12   1.1025E+12   1.0326E+12   1.0752E+12   2.5733E+09   0.0000E+00
   1.7732E+03   2.5271E+12   1.0132E+12   1.0062E+12   9.9011E+11   1.0062E+12   1.0439E+12   1.0439E+12   9.7959E+11   1.0189E+12   2.3856E+09   0.0000E+00
   1.9012E+03   2.1292E+12   8.9446E+11   8.8814E+11   8.7292E+11   8.8641E+11   9.2002E+11   9.2028E+11   8.6285E+11   8.9805E+11   2.0865E+09   0.0000E+00
   2.0384E+03   1.8760E+12   8.1140E+11   8.0521E+11   7.9007E+11   8.0213E+11   8.3439E+11   8.3489E+11   7.8158E+11   8.1386E+11   9.1128E+08   0.0000E+00
   2.1855E+03   1.6276E+12   7.1915E+11   7.1338E+11   6.9878E+11   7.0917E+11   7.3929E+11   7.3976E+11   6.9091E+11   7.2046E+11   4.6800E+08   0.0000E+00
   2.3432E+03   1.3209E+12   6.0019E+11   5.9586E+11   5.8450E+11   5.9286E+11   6.1632E+11   6.1638E+11   5.7569E+11   6.0114E+11   7.6701E+08   0.0000E+00
   2.5123E+03   1.1326E+12   5.7114E+11   5.6760E+11   5.5802E+11   5.6555E+11   5.8536E+11   5.8540E+11   5.4894E+11   5.7218E+11   1.2900E+09   0.0000E+00
   2.6936E+03   1.0536E+12   5.8013E+11   5.7683E+11   5.6743E+11   5.7450E+11   5.9337E+11   5.9342E+11   5.5809E+11   5.8079E+11   2.0707E+09   0.0000E+00
   2.8880E+03   9.4071E+11   5.5376E+11   5.5075E+11   5.4180E+11   5.4810E+11   5.6540E+11   5.6545E+11   5.3268E+11   5.5389E+11   2.1262E+09   0.0000E+00
   3.0964E+03   8.6312E+11   5.4880E+11   5.4591E+11   5.3697E+11   5.4274E+11   5.5921E+11   5.5928E+11   5.2809E+11   5.4835E+11   2.1873E+09   0.0000E+00
   3.3199E+03   7.7812E+11   5.1603E+11   5.1344E+11   5.0514E+11   5.1028E+11   5.2517E+11   5.2522E+11   4.9688E+11   5.1537E+11   2.2590E+09   0.0000E+00
   3.5595E+03   7.1803E+11   5.0001E+11   4.9762E+11   4.8982E+11   4.9447E+11   5.0814E+11   5.0818E+11   4.8224E+11   4.9918E+11   2.3430E+09   0.0000E+00
   3.8163E+03   9.3907E+11   7.1308E+11   7.0991E+11   7.0055E+11   7.0679E+11   7.2291E+11   7.2325E+11   6.9402E+11   7.1252E+11   2.4408E+09   0.0000E+00
   4.0918E+03   9.2320E+11   7.2799E+11   7.2486E+11   7.1471E+11   7.2063E+11   7.3724E+11   7.3743E+11   7.0730E+11   7.2662E+11   2.5607E+09   0.0000E+00
   4.3870E+03   8.8566E+11   7.2977E+11   7.2681E+11   7.1709E+11   7.2255E+11   7.3806E+11   7.3829E+11   7.1009E+11   7.2820E+11   2.7140E+09   0.0000E+00
   4.7036E+03   8.2681E+11   6.9484E+11   6.9216E+11   6.8299E+11   6.8795E+11   7.0231E+11   7.0247E+11   6.7608E+11   6.9316E+11   2.5976E+09   0.0000E+00
   5.0431E+03   7.3083E+11   6.2506E+11   6.2278E+11   6.1469E+11   6.1890E+11   6.3134E+11   6.3146E+11   6.0827E+11   6.2340E+11   2.4275E+09   0.0000E+00
   5.4070E+03   6.5242E+11   5.6664E+11   5.6471E+11   5.5765E+11   5.6124E+11   5.7196E+11   5.7204E+11   5.5175E+11   5.6509E+11   2.2802E+09   0.0000E+00
   5.7973E+03   6.2563E+11   5.5267E+11   5.5089E+11   5.4414E+11   5.4746E+11   5.5754E+11   5.5760E+11   5.3830E+11   5.5107E+11   2.1494E+09   0.0000E+00
   6.2156E+03   5.5029E+11   4.9102E+11   4.8954E+11   4.8384E+11   4.8662E+11   4.9509E+11   4.9513E+11   4.7873E+11   4.8963E+11   2.0342E+09   0.0000E+00
   6.6642E+03   4.9481E+11   4.4594E+11   4.4466E+11   4.3965E+11   4.4207E+11   4.4944E+11   4.4947E+11   4.3499E+11   4.4467E+11   1.8866E+09   0.0000E+00
   7.1451E+03   4.4139E+11   4.0079E+11   3.9972E+11   3.9546E+11   3.9751E+11   4.0374E+11   4.0376E+11   3.9140E+11   3.9970E+11   1.7257E+09   0.0000E+00
   7.6608E+03   4.0119E+11   3.6782E+11   3.6690E+11   3.6316E+11   3.6493E+11   3.7037E+11   3.7038E+11   3.5948E+11   3.6683E+11   1.5869E+09   0.0000E+00
   8.2136E+03   3.6258E+11   3.3529E+11   3.3451E+11   3.3125E+11   3.3277E+11   3.3746E+11   3.3748E+11   3.2798E+11   3.3441E+11   1.4692E+09   0.0000E+00
   8.8064E+03   3.0217E+11   2.7992E+11   2.7931E+11   2.7679E+11   2.7798E+11   2.8162E+11   2.8164E+11   2.7421E+11   2.7925E+11   1.3752E+09   0.0000E+00
   9.4420E+03   2.8991E+11   2.7080E+11   2.7024E+11   2.6790E+11   2.6901E+11   2.7237E+11   2.7238E+11   2.6544E+11   2.7017E+11   1.2314E+09   2.3809E+08
   1.0123E+04   2.5860E+11   2.4316E+11   2.4270E+11   2.4069E+11   2.4163E+11   2.4448E+11   2.4449E+11   2.3852E+11   2.4261E+11   1.1082E+09   2.6726E+08
   1.0854E+04   2.2280E+11   2.1057E+11   2.1019E+11   2.0856E+11   2.0932E+11   2.1164E+11   2.1164E+11   2.0673E+11   2.1011E+11   1.0101E+09   2.9735E+08
   1.1637E+04   1.9675E+11   1.8699E+11   1.8668E+11   1.8531E+11   1.8595E+11   1.8789E+11   1.8789E+11   1.8374E+11   1.8661E+11   9.3770E+08   3.2710E+08
   1.2477E+04   1.6546E+11   1.5773E+11   1.5749E+11   1.5641E+11   1.5692E+11   1.5845E+11   1.5845E+11   1.5513E+11   1.5743E+11   8.5208E+08   3.5581E+08
   1.3377E+04   1.4725E+11   1.4107E+11   1.4087E+11   1.3997E+11   1.4039E+11   1.4167E+11   1.4166E+11   1.3888E+11   1.4082E+11   7.5729E+08   3.8019E+08
   1.4343E+04   1.3111E+11   1.2618E+11   1.2602E+11   1.2527E+11   1.2562E+11   1.2668E+11   1.2668E+11   1.2433E+11   1.2597E+11   6.8157E+08   3.9936E+08
   1.5378E+04   1.1610E+11   1.1208E+11   1.1194E+11   1.1132E+11   1.1161E+11   1.1249E+11   1.1249E+11   1.1050E+11   1.1190E+11   6.2352E+08   4.1394E+08
   1.6488E+04   1.0744E+11   1.0427E+11   1.0415E+11   1.0361E+11   1.0385E+11   1.0461E+11   1.0461E+11   1.0289E+11   1.0411E+11   5.6710E+08   4.2312E+08
   1.7678E+04   9.2686E+10   9.0268E+10   9.0175E+10   8.9739E+10   8.9931E+10   9.0540E+10   9.0538E+10   8.9139E+10   9.0132E+10   5.0452E+08   4.2474E+08
   1.8953E+04   7.2447E+10   7.0782E+10   7.0715E+10   7.0402E+10   7.0539E+10   7.0977E+10   7.0975E+10   6.9941E+10   7.0681E+10   4.5320E+08   4.2052E+08
   2.0321E+04   6.2297E+10   6.1132E+10   6.1079E+10   6.0830E+10   6.0936E+10   6.1283E+10   6.1282E+10   6.0446E+10   6.1048E+10   4.1192E+08   4.1142E+08
   2.1788E+04   4.9745E+10   4.9004E+10   4.8966E+10   4.8781E+10   4.8859E+10   4.9112E+10   4.9111E+10   4.8474E+10   4.8939E+10   3.8006E+08   3.9803E+08
   2.3360E+04   4.2689E+10   4.2380E+10   4.2351E+10   4.2207E+10   4.2265E+10   4.2463E+10   4.2462E+10   4.1954E+10   4.2327E+10   4.3208E+08   3.8128E+08
   2.5046E+04   2.8083E+10   2.8167E+10   2.8149E+10   2.8066E+10   2.8100E+10   2.8216E+10   2.8215E+10   2.7889E+10   2.8133E+10   5.1791E+08   3.6344E+08
   2.6854E+04   2.5710E+10   2.6044E+10   2.6029E+10   2.5958E+10   2.5988E+10   2.6085E+10   2.6085E+10   2.5805E+10   2.6015E+10   6.3829E+08   3.4624E+08
   2.8792E+04   2.3022E+10   2.3657E+10   2.3645E+10   2.3588E+10   2.3612E+10   2.3691E+10   2.3691E+10   2.3457E+10   2.3634E+10   8.1056E+08   3.3417E+08
   3.0869E+04   1.7034E+10   1.8071E+10   1.8062E+10   1.8024E+10   1.8043E+10   1.8096E+10   1.8095E+10   1.7923E+10   1.8055E+10   1.0619E+09   3.6147E+08
   3.3097E+04   1.4787E+10   2.1298E+10   2.1286E+10   2.1266E+10   2.1298E+10   2.1354E+10   2.1346E+10   2.1169E+10   2.1305E+10   1.4345E+09   5.6058E+09
   3.5486E+04   1.3427E+10   1.5493E+10   1.5486E+10   1.5462E+10   1.5481E+10   1.5515E+10   1.5513E+10   1.5391E+10   1.5486E+10   1.9757E+09   3.2223E+08
   3.8047E+04   1.0570E+10   1.3292E+10   1.3285E+10   1.3270E+10   1.3288E+10   1.3312E+10   1.3310E+10   1.3213E+10   1.3289E+10   2.6189E+09   2.7932E+08
   4.0792E+04   9.4110E+09   1.3017E+10   1.3010E+10   1.2999E+10   1.3019E+10   1.3038E+10   1.3036E+10   1.2951E+10   1.3018E+10   3.4732E+09   2.7226E+08
   4.3736E+04   7.8875E+09   1.2676E+10   1.2668E+10   1.2661E+10   1.2683E+10   1.2698E+10   1.2695E+10   1.2622E+10   1.2680E+10   4.6087E+09   2.8526E+08
   4.6893E+04   6.5521E+09   1.2905E+10   1.2896E+10   1.2893E+10   1.2919E+10   1.2930E+10   1.2927E+10   1.2861E+10   1.2913E+10   6.1187E+09   3.1944E+08
   5.0277E+04   5.7221E+09   1.4131E+10   1.4121E+10   1.4120E+10   1.4151E+10   1.4160E+10   1.4157E+10   1.4093E+10   1.4143E+10   8.0885E+09   3.9482E+08
   5.3905E+04   5.0521E+09   1.5060E+10   1.5049E+10   1.5051E+10   1.5083E+10   1.5091E+10   1.5088E+10   1.5027E+10   1.5075E+10   9.4917E+09   5.8411E+08
   5.7795E+04   4.5080E+09   1.6567E+10   1.6555E+10   1.6559E+10   1.6593E+10   1.6601E+10   1.6597E+10   1.6538E+10   1.6585E+10   1.0781E+10   1.3520E+09
   6.1966E+04   4.0066E+09   2.4203E+10   2.4187E+10   2.4196E+10   2.4243E+10   2.4261E+10   2.4252E+10   2.4169E+10   2.4234E+10   1.1790E+10   8.6175E+09
   6.6438E+04   3.5498E+09   1.8340E+10   1.8328E+10   1.8333E+10   1.8369E+10   1.8377E+10   1.8372E+10   1.8317E+10   1.8361E+10   1.2787E+10   2.0749E+09
   7.1233E+04   3.1788E+09   1.9907E+10   1.9895E+10   1.9901E+10   1.9938E+10   1.9947E+10   1.9942E+10   1.9885E+10   1.9930E+10   1.3441E+10   3.3756E+09
   7.6374E+04   2.8560E+09   2.7580E+10   2.7560E+10   2.7575E+10   2.7635E+10   2.7656E+10   2.7645E+10   2.7546E+10   2.7623E+10   1.3830E+10   1.1169E+10
   8.1885E+04   2.5577E+09   2.1178E+10   2.1154E+10   2.1171E+10   2.1257E+10   2.1273E+10   2.1259E+10   2.1132E+10   2.1230E+10   1.4206E+10   4.6313E+09
   8.7795E+04   2.3344E+09   1.9618E+10   1.9588E+10   1.9617E+10   1.9750E+10   1.9762E+10   1.9739E+10   1.9549E+10   1.9698E+10   1.4553E+10   2.9916E+09
   9.4131E+04   2.0985E+09   1.7796E+10   1.7768E+10   1.7808E+10   1.7972E+10   1.7969E+10   1.7939E+10   1.7717E+10   1.7896E+10   1.5006E+10   8.7330E+08
   1.0092E+05   1.9026E+09   1.7861E+10   1.7834E+10   1.7870E+10   1.8022E+10   1.8019E+10   1.7993E+10   1.7794E+10   1.7953E+10   1.5543E+10   5.5776E+08
   1.0821E+05   1.7133E+09   1.8042E+10   1.8016E+10   1.8044E+10   1.8170E+10   1.8172E+10   1.8152E+10   1.7991E+10   1.8118E+10   1.5666E+10   7.8982E+08
   1.1602E+05   1.5374E+09   1.7983E+10   1.7960E+10   1.7981E+10   1.8077E+10   1.8082E+10   1.8068E+10   1.7946E+10   1.8040E+10   1.5222E+10   1.3413E+09
   1.2439E+05   1.3872E+09   1.6492E+10   1.6475E+10   1.6489E+10   1.6556E+10   1.6559E+10   1.6551E+10   1.6468E+10   1.6532E+10   1.4399E+10   7.7304E+08
   1.3337E+05   1.2652E+09   1.4997E+10   1.4984E+10   1.4994E+10   1.5039E+10   1.5042E+10   1.5037E+10   1.4981E+10   1.5025E+10   1.3411E+10   3.5923E+08
   1.4299E+05   1.1542E+09   1.4103E+10   1.4093E+10   1.4101E+10   1.4138E+10   1.4140E+10   1.4136E+10   1.4091E+10   1.4126E+10   1.2800E+10   1.7754E+08
   1.5331E+05   1.0354E+09   1.4174E+10   1.4164E+10   1.4173E+10   1.4214E+10   1.4216E+10   1.4211E+10   1.4162E+10   1.4200E+10   1.3013E+10   1.5702E+08
   1.6437E+05   9.4784E+08   1.5915E+10   1.5903E+10   1.5915E+10   1.5967E+10   1.5971E+10   1.5964E+10   1.5900E+10   1.5950E+10   1.3478E+10   1.5675E+09
   1.7624E+05   8.5165E+08   1.4937E+10   1.4925E+10   1.4938E+10   1.4993E+10   1.4994E+10   1.4987E+10   1.4924E+10   1.4973E+10   1.3881E+10   2.4972E+08
   1.8895E+05   7.6470E+08   1.4823E+10   1.4812E+10   1.4826E+10   1.4879E+10   1.4880E+10   1.4873E+10   1.4812E+10   1.4860E+10   1.3826E+10   2.7922E+08
   2.0259E+05   6.9458E+08   1.4218E+10   1.4209E+10   1.4221E+10   1.4265E+10   1.4267E+10   1.4261E+10   1.4210E+10   1.4250E+10   1.3189E+10   3.7762E+08
   2.1721E+05   6.3207E+08   1.3769E+10   1.3761E+10   1.3771E+10   1.3808E+10   1.3810E+10   1.3805E+10   1.3763E+10   1.3796E+10   1.2460E+10   7.2073E+08
   2.3289E+05   5.6852E+08   1.2838E+10   1.2832E+10   1.2840E+10   1.2870E+10   1.2872E+10   1.2868E+10   1.2834E+10   1.2861E+10   1.1778E+10   5.2547E+08
   2.4969E+05   4.9990E+08   1.1852E+10   1.1848E+10   1.1854E+10   1.1878E+10   1.1879E+10   1.1877E+10   1.1850E+10   1.1871E+10   1.1095E+10   2.8166E+08
   2.6771E+05   4.4982E+08   1.0876E+10   1.0872E+10   1.0878E+10   1.0897E+10   1.0898E+10   1.0896E+10   1.0874E+10   1.0892E+10   1.0173E+10   2.7376E+08
   2.8703E+05   4.0443E+08   9.9727E+09   9.9696E+09   9.9740E+09   9.9899E+09   9.9910E+09   9.9892E+09   9.9715E+09   9.9859E+09   9.3047E+09   2.8100E+08
   3.0775E+05   3.5610E+08   9.1451E+09   9.1425E+09   9.1462E+09   9.1592E+09   9.1602E+09   9.1588E+09   9.1444E+09   9.1562E+09   8.5118E+09   2.9213E+08
   3.2996E+05   3.1280E+08   8.3984E+09   8.3962E+09   8.3993E+09   8.4100E+09   8.4109E+09   8.4097E+09   8.3980E+09   8.4078E+09   7.7882E+09   3.1042E+08
   3.5377E+05   2.7198E+08   7.7292E+09   7.7274E+09   7.7300E+09   7.7387E+09   7.7396E+09   7.7386E+09   7.7290E+09   7.7372E+09   7.1277E+09   3.4104E+08
   3.7930E+05   2.4200E+08   7.1193E+09   7.1177E+09   7.1199E+09   7.1271E+09   7.1279E+09   7.1271E+09   7.1192E+09   7.1260E+09   6.5008E+09   3.8685E+08
   4.0667E+05   2.1045E+08   6.2593E+09   6.2578E+09   6.2596E+09   6.2654E+09   6.2662E+09   6.2655E+09   6.2591E+09   6.2647E+09   5.6105E+09   4.4745E+08
   4.3602E+05   1.8251E+08   5.5509E+09   5.5497E+09   5.5511E+09   5.5558E+09   5.5565E+09   5.5560E+09   5.5507E+09   5.5554E+09   4.8551E+09   5.2157E+08
   4.6749E+05   1.5555E+08   4.9669E+09   4.9658E+09   4.9669E+09   4.9707E+09   4.9714E+09   4.9710E+09   4.9667E+09   4.9706E+09   4.2131E+09   6.0578E+08
   5.0123E+05   1.3483E+08   4.4891E+09   4.4881E+09   4.4891E+09   4.4922E+09   4.4928E+09   4.4925E+09   4.4889E+09   4.4922E+09   3.6665E+09   6.9464E+08
   5.3740E+05   1.1326E+08   4.0887E+09   4.0878E+09   4.0885E+09   4.0910E+09   4.0916E+09   4.0913E+09   4.0884E+09   4.0912E+09   3.2005E+09   7.8119E+08
   5.7618E+05   9.5135E+07   3.7504E+09   3.7496E+09   3.7502E+09   3.7523E+09   3.7528E+09   3.7526E+09   3.7501E+09   3.7525E+09   2.8023E+09   8.5861E+08
   6.1776E+05   7.9916E+07   3.4447E+09   3.4440E+09   3.4445E+09   3.4461E+09   3.4466E+09   3.4464E+09   3.4444E+09   3.4464E+09   2.4496E+09   9.2021E+08
   6.6235E+05   6.5305E+07   3.1554E+09   3.1548E+09   3.1552E+09   3.1565E+09   3.1569E+09   3.1568E+09   3.1552E+09   3.1568E+09   2.1341E+09   9.6037E+08
   7.1015E+05   5.2120E+07   2.8906E+09   2.8901E+09   2.8904E+09   2.8915E+09   2.8918E+09   2.8917E+09   2.8904E+09   2.8918E+09   1.8654E+09   9.7681E+08
   7.6140E+05   4.1789E+07   2.6425E+09   2.6422E+09   2.6424E+09   2.6432E+09   2.6435E+09   2.6434E+09   2.6424E+09   2.6435E+09   1.6359E+09   9.6803E+08
   8.1635E+05   3.2192E+07   2.4041E+09   2.4038E+09   2.4040E+09   2.4046E+09   2.4049E+09   2.4048E+09   2.4040E+09   2.4050E+09   1.4391E+09   9.3549E+08
   8.7526E+05   2.5073E+07   2.1395E+09   2.1392E+09   2.1394E+09   2.1399E+09   2.1400E+09   2.1400E+09   2.1394E+09   2.1402E+09   1.2334E+09   8.8312E+08
   9.3842E+05   1.9303E+07   1.8610E+09   1.8608E+09   1.8609E+09   1.8613E+09   1.8614E+09   1.8614E+09   1.8609E+09   1.8616E+09   1.0284E+09   8.1495E+08
   1.0061E+06   1.3773E+07   1.6071E+09   1.6070E+09   1.6070E+09   1.6073E+09   1.6074E+09   1.6073E+09   1.6070E+09   1.6076E+09   8.5889E+08   7.3572E+08
   1.0788E+06   9.7221E+06   1.3781E+09   1.3780E+09   1.3781E+09   1.3783E+09   1.3783E+09   1.3783E+09   1.3781E+09   1.3785E+09   7.1842E+08   6.5097E+08
   1.1566E+06   6.8624E+06   1.1748E+09   1.1747E+09   1.1748E+09   1.1749E+09   1.1750E+09   1.1749E+09   1.1748E+09   1.1751E+09   6.0184E+08   5.6687E+08
   1.2401E+06   4.8439E+06   9.7485E+08   9.7479E+08   9.7481E+08   9.7491E+08   9.7495E+08   9.7494E+08   9.7482E+08   9.7509E+08   4.8437E+08   4.8619E+08
   1.3296E+06   3.4191E+06   7.9270E+08   7.9266E+08   7.9268E+08   7.9275E+08   7.9277E+08   7.9277E+08   7.9268E+08   7.9290E+08   3.7658E+08   4.1313E+08
   1.4255E+06   2.4135E+06   6.3781E+08   6.3779E+08   6.3780E+08   6.3784E+08   6.3786E+08   6.3786E+08   6.3780E+08   6.3797E+08   2.9298E+08   3.4273E+08
   1.5284E+06   1.7036E+06   5.0406E+08   5.0405E+08   5.0405E+08   5.0408E+08   5.0410E+08   5.0409E+08   5.0405E+08   5.0418E+08   2.2809E+08   2.7449E+08
   1.6387E+06   1.2025E+06   3.9608E+08   3.9607E+08   3.9607E+08   3.9609E+08   3.9610E+08   3.9610E+08   3.9607E+08   3.9617E+08   1.7769E+08   2.1734E+08
   1.7570E+06   8.4884E+05   3.0958E+08   3.0957E+08   3.0957E+08   3.0959E+08   3.0959E+08   3.0959E+08   3.0957E+08   3.0965E+08   1.3852E+08   1.7031E+08
   1.8838E+06   5.9919E+05   2.4078E+08   2.4077E+08   2.4077E+08   2.4078E+08   2.4078E+08   2.4078E+08   2.4077E+08   2.4083E+08   1.0806E+08   1.3219E+08
   2.0197E+06   4.2297E+05   1.8098E+08   1.8097E+08   1.8097E+08   1.8098E+08   1.8098E+08   1.8098E+08   1.8097E+08   1.8102E+08   7.9202E+07   1.0140E+08
   2.1655E+06   2.9857E+05   1.3511E+08   1.3510E+08   1.3511E+08   1.3511E+08   1.3511E+08   1.3511E+08   1.3511E+08   1.3514E+08   5.7795E+07   7.7047E+07
   2.3217E+06   2.1076E+05   1.0033E+08   1.0033E+08   1.0033E+08   1.0033E+08   1.0033E+08   1.0033E+08   1.0033E+08   1.0035E+08   4.2184E+07   5.7954E+07
   2.4893E+06   1.4878E+05   7.4123E+07   7.4122E+07   7.4122E+07   7.4124E+07   7.4124E+07   7.4124E+07   7.4122E+07   7.4139E+07   3.0798E+07   4.3192E+07
   2.6689E+06   1.0503E+05   5.4489E+07   5.4489E+07   5.4489E+07   5.4490E+07   5.4490E+07   5.4490E+07   5.4489E+07   5.4501E+07   2.2491E+07   3.1904E+07
   2.8616E+06   7.4142E+04   3.9857E+07   3.9856E+07   3.9857E+07   3.9857E+07   3.9857E+07   3.9857E+07   3.9857E+07   3.9865E+07   1.6428E+07   2.3362E+07
   3.0681E+06   5.2339E+04   2.8873E+07   2.8873E+07   2.8873E+07   2.8873E+07   2.8873E+07   2.8873E+07   2.8873E+07   2.8879E+07   1.1839E+07   1.6986E+07
   3.2895E+06   3.6949E+04   2.0594E+07   2.0593E+07   2.0594E+07   2.0594E+07   2.0594E+07   2.0594E+07   2.0594E+07   2.0598E+07   8.2903E+06   1.2270E+07
   3.5269E+06   2.6084E+04   1.4631E+07   1.4631E+07   1.4631E+07   1.4631E+07   1.4631E+07   1.4631E+07   1.4631E+07   1.4634E+07   5.8056E+06   8.8018E+06
   3.7814E+06   1.8415E+04   1.0358E+07   1.0358E+07   1.0358E+07   1.0358E+07   1.0358E+07   1.0358E+07   1.0358E+07   1.0361E+07   4.0660E+06   6.2754E+06
   4.0543E+06   1.3000E+04   7.3105E+06   7.3105E+06   7.3105E+06   7.3105E+06   7.3105E+06   7.3105E+06   7.3105E+06   7.3120E+06   2.8478E+06   4.4506E+06
   4.3469E+06   9.1781E+03   5.1432E+06   5.1431E+06   5.1431E+06   5.1432E+06   5.1432E+06   5.1432E+06   5.1431E+06   5.1442E+06   1.9948E+06   3.1398E+06
   4.6606E+06   6.4798E+03   3.6081E+06   3.6081E+06   3.6081E+06   3.6081E+06   3.6081E+06   3.6081E+06   3.6081E+06   3.6088E+06   1.3974E+06   2.2046E+06
   4.9969E+06   4.5749E+03   2.4981E+06   2.4981E+06   2.4981E+06   2.4981E+06   2.4981E+06   2.4981E+06   2.4981E+06   2.4986E+06   9.5292E+05   1.5409E+06
   5.3576E+06   3.2300E+03   1.7186E+06   1.7186E+06   1.7186E+06   1.7186E+06   1.7186E+06   1.7186E+06   1.7186E+06   1.7189E+06   6.4278E+05   1.0727E+06
   5.7442E+06   2.2805E+03   1.1798E+06   1.1798E+06   1.1798E+06   1.1799E+06   1.1799E+06   1.1799E+06   1.1798E+06   1.1801E+06   4.3359E+05   7.4410E+05
   6.1587E+06   1.6102E+03   8.0850E+05   8.0850E+05   8.0850E+05   8.0851E+05   8.0851E+05   8.0851E+05   8.0850E+05   8.0867E+05   2.9248E+05   5.1449E+05
   6.6032E+06   1.1369E+03   5.5286E+05   5.5286E+05   5.5286E+05   5.5286E+05   5.5286E+05   5.5286E+05   5.5286E+05   5.5297E+05   1.9730E+05   3.5448E+05
   7.0797E+06   8.0279E+02   3.7741E+05   3.7741E+05   3.7741E+05   3.7741E+05   3.7741E+05   3.7741E+05   3.7741E+05   3.7748E+05   1.3309E+05   2.4355E+05
   7.5907E+06   5.6687E+02   2.5725E+05   2.5724E+05   2.5724E+05   2.5725E+05   2.5725E+05   2.5725E+05   2.5724E+05   2.5730E+05   8.9781E+04   1.6692E+05
   8.1385E+06   4.0029E+02   1.7505E+05   1.7505E+05   1.7505E+05   1.7505E+05   1.7505E+05   1.7505E+05   1.7505E+05   1.7508E+05   6.0565E+04   1.1410E+05
   8.7258E+06   2.8267E+02   1.1895E+05   1.1895E+05   1.1895E+05   1.1895E+05   1.1895E+05   1.1895E+05   1.1895E+05   1.1898E+05   4.0857E+04   7.7824E+04
   9.3555E+06   1.9962E+02   8.0719E+04   8.0719E+04   8.0719E+04   8.0720E+04   8.0720E+04   8.0720E+04   8.0719E+04   8.0736E+04   2.7562E+04   5.2965E+04
   1.0031E+07   1.4098E+02   5.4704E+04   5.4704E+04   5.4704E+04   5.4704E+04   5.4704E+04   5.4704E+04   5.4704E+04   5.4715E+04   1.8594E+04   3.5973E+04
   1.0755E+07   9.9565E+01   3.7028E+04   3.7028E+04   3.7028E+04   3.7028E+04   3.7028E+04   3.7028E+04   3.7028E+04   3.7035E+04   1.2544E+04   2.4387E+04
   1.1531E+07   7.0321E+01   2.5035E+04   2.5035E+04   2.5035E+04   2.5035E+04   2.5035E+04   2.5035E+04   2.5035E+04   2.5040E+04   8.4624E+03   1.6505E+04
   1.2363E+07   4.9668E+01   1.6910E+04   1.6910E+04   1.6910E+04   1.6910E+04   1.6910E+04   1.6910E+04   1.6910E+04   1.6913E+04   5.7090E+03   1.1152E+04
   1.3255E+07   3.5083E+01   1.1411E+04   1.1411E+04   1.1411E+04   1.1411E+04   1.1411E+04   1.1411E+04   1.1411E+04   1.1413E+04   3.8516E+03   7.5251E+03
   1.4212E+07   2.4782E+01   7.6934E+03   7.6934E+03   7.6934E+03   7.6934E+03   7.6934E+03   7.6934E+03   7.6934E+03   7.6950E+03   2.5985E+03   5.0708E+03
   1.5237E+07   1.7507E+01   5.1830E+03   5.1830E+03   5.1830E+03   5.1830E+03   5.1831E+03   5.1830E+03   5.1830E+03   5.1841E+03   1.7531E+03   3.4129E+03
   1.6337E+07   1.2368E+01   3.4893E+03   3.4893E+03   3.4893E+03   3.4893E+03   3.4893E+03   3.4893E+03   3.4893E+03   3.4900E+03   1.1828E+03   2.2944E+03
   1.7516E+07   8.7382E+00   2.3475E+03   2.3475E+03   2.3475E+03   2.3475E+03   2.3475E+03   2.3475E+03   2.3475E+03   2.3480E+03   7.9799E+02   1.5410E+03
   1.8780E+07   6.1741E+00   1.5784E+03   1.5784E+03   1.5784E+03   1.5784E+03   1.5784E+03   1.5784E+03   1.5784E+03   1.5787E+03   5.3839E+02   1.0340E+03
   2.0135E+07   4.3627E+00   1.0545E+03   1.0545E+03   1.0545E+03   1.0545E+03   1.0545E+03   1.0545E+03   1.0545E+03   1.0547E+03   3.5700E+02   6.9319E+02
   2.1588E+07   3.0830E+00   7.0359E+02   7.0359E+02   7.0359E+02   7.0359E+02   7.0359E+02   7.0359E+02   7.0359E+02   7.0373E+02   2.3619E+02   4.6436E+02
   2.3146E+07   2.1789E+00   4.6928E+02   4.6928E+02   4.6928E+02   4.6928E+02   4.6928E+02   4.6928E+02   4.6928E+02   4.6937E+02   1.5627E+02   3.1086E+02
   2.4817E+07   1.5400E+00   3.1287E+02   3.1287E+02   3.1287E+02   3.1287E+02   3.1287E+02   3.1287E+02   3.1287E+02   3.1294E+02   1.0339E+02   2.0797E+02
   2.6608E+07   1.0886E+00   2.0853E+02   2.0853E+02   2.0853E+02   2.0853E+02   2.0853E+02   2.0853E+02   2.0853E+02   2.0857E+02   6.8405E+01   1.3905E+02
   2.8528E+07   7.6958E-01   1.3894E+02   1.3894E+02   1.3894E+02   1.3894E+02   1.3894E+02   1.3894E+02   1.3894E+02   1.3897E+02   4.5258E+01   9.2923E+01
   3.0587E+07   5.4411E-01   9.2549E+01   9.2549E+01   9.2549E+01   9.2549E+01   9.2549E+01   9.2549E+01   9.2549E+01   9.2568E+01   2.9943E+01   6.2069E+01
   3.2794E+07   3.8474E-01   6.1632E+01   6.1632E+01   6.1632E+01   6.1632E+01   6.1632E+01   6.1632E+01   6.1632E+01   6.1645E+01   1.9811E+01   4.1442E+01
   3.5161E+07   2.7209E-01   4.1036E+01   4.1036E+01   4.1036E+01   4.1036E+01   4.1036E+01   4.1036E+01   4.1036E+01   4.1044E+01   1.3107E+01   2.7660E+01
   3.7698E+07   1.9244E-01   2.7317E+01   2.7317E+01   2.7317E+01   2.7317E+01   2.7317E+01   2.7317E+01   2.7317E+01   2.7323E+01   8.6720E+00   1.8455E+01
   4.0419E+07   1.3613E-01   1.8182E+01   1.8182E+01   1.8182E+01   1.8182E+01   1.8182E+01   1.8182E+01   1.8182E+01   1.8186E+01   5.7376E+00   1.2310E+01
   4.3336E+07   9.6312E-02   1.2100E+01   1.2100E+01   1.2100E+01   1.2100E+01   1.2100E+01   1.2100E+01   1.2100E+01   1.2103E+01   3.7961E+00   8.2089E+00
   4.6463E+07   6.8152E-02   8.0520E+00   8.0520E+00   8.0520E+00   8.0520E+00   8.0520E+00   8.0520E+00   8.0520E+00   8.0537E+00   2.5115E+00   5.4730E+00
   4.9817E+07   4.8233E-02   5.3578E+00   5.3578E+00   5.3578E+00   5.3578E+00   5.3578E+00   5.3578E+00   5.3578E+00   5.3589E+00   1.6617E+00   3.6483E+00
   5.3412E+07   3.4143E-02   3.5649E+00   3.5649E+00   3.5649E+00   3.5649E+00   3.5649E+00   3.5649E+00   3.5649E+00   3.5656E+00   1.0994E+00   2.4316E+00
   5.7266E+07   2.4174E-02   2.3718E+00   2.3718E+00   2.3718E+00   2.3718E+00   2.3718E+00   2.3718E+00   2.3718E+00   2.3723E+00   7.2739E-01   1.6205E+00
   6.1399E+07   1.7119E-02   1.5781E+00   1.5781E+00   1.5781E+00   1.5781E+00   1.5781E+00   1.5781E+00   1.5781E+00   1.5784E+00   4.8126E-01   1.0798E+00
   6.5830E+07   1.2125E-02   1.0500E+00   1.0500E+00   1.0500E+00   1.0500E+00   1.0500E+00   1.0500E+00   1.0500E+00   1.0502E+00   3.1841E-01   7.1952E-01
   7.0581E+07   8.5906E-03   6.9861E-01   6.9861E-01   6.9861E-01   6.9861E-01   6.9861E-01   6.9861E-01   6.9861E-01   6.9875E-01   2.1067E-01   4.7942E-01
   7.5675E+07   6.0877E-03   4.6486E-01   4.6486E-01   4.6486E-01   4.6486E-01   4.6486E-01   4.6486E-01   4.6486E-01   4.6496E-01   1.3938E-01   3.1943E-01
   8.1136E+07   4.3153E-03   3.0935E-01   3.0935E-01   3.0935E-01   3.0935E-01   3.0935E-01   3.0935E-01   3.0935E-01   3.0941E-01   9.2217E-02   2.1284E-01
   8.6991E+07   3.0597E-03   2.0588E-01   2.0588E-01   2.0588E-01   2.0588E-01   2.0588E-01   2.0588E-01   2.0588E-01   2.0592E-01   6.1012E-02   1.4183E-01
   9.3269E+07   2.1702E-03   1.3703E-01   1.3703E-01   1.3703E-01   1.3703E-01   1.3703E-01   1.3703E-01   1.3703E-01   1.3706E-01   4.0368E-02   9.4509E-02
   1.0000E+08   1.5397E-03   9.1223E-02   9.1223E-02   9.1223E-02   9.1223E-02   9.1223E-02   9.1223E-02   9.1223E-02   9.1241E-02   2.6708E-02   6.2984E-02
