 (1): Wavelength (A) 
 (2): Intrinsic SED (1e30 erg/s/A)
 (3 - 9): SED at angles [   0.0000000      0.26183301      0.52366602      0.78549999       1.0473300       1.3091700       1.5710000     ] (1e30 erg/s/A)
 (10): Angle averaged SED (1e30 erg/s/A)
 (11): Molecular cloud emission (1e30 erg/s/A)
 (12): Cirrus emission (1e30 erg/s/A)
  
            1            2            3            4            5            6            7            8            9           10           11           12
   9.5000E+01   6.3492E+10   6.4534E+09   6.4919E+09   6.4037E+09   6.3607E+09   6.5310E+09   6.6586E+09   6.7415E+09   6.5399E+09   8.8482E+04   0.0000E+00
   1.0186E+02   1.7065E+11   7.5491E+09   7.6002E+09   7.4958E+09   7.4612E+09   7.6594E+09   7.7992E+09   7.8864E+09   7.6620E+09   7.1094E+04   0.0000E+00
   1.0921E+02   1.7863E+11   7.6012E+09   7.6542E+09   7.5487E+09   7.5132E+09   7.7133E+09   7.8543E+09   7.9402E+09   7.7157E+09   6.2084E+04   0.0000E+00
   1.1709E+02   1.8560E+11   7.6298E+09   7.6858E+09   7.5782E+09   7.5453E+09   7.7455E+09   7.8885E+09   7.9742E+09   7.7482E+09   5.6206E+04   0.0000E+00
   1.2554E+02   2.1178E+11   8.1435E+09   8.2150E+09   8.0964E+09   8.0693E+09   8.2818E+09   8.4347E+09   8.5228E+09   8.2832E+09   5.7466E+04   0.0000E+00
   1.3460E+02   2.1339E+11   8.2071E+09   8.2843E+09   8.1624E+09   8.1396E+09   8.3524E+09   8.5080E+09   8.5963E+09   8.3540E+09   8.5092E+04   0.0000E+00
   1.4431E+02   2.5943E+11   9.0840E+09   9.1918E+09   9.0520E+09   9.0358E+09   9.2753E+09   9.4432E+09   9.5305E+09   9.2706E+09   2.0194E+05   0.0000E+00
   1.5473E+02   2.8330E+11   9.7522E+09   9.8886E+09   9.7327E+09   9.7247E+09   9.9849E+09   1.0165E+10   1.0253E+10   9.9759E+09   6.5537E+05   0.0000E+00
   1.6589E+02   2.8850E+11   1.0027E+10   1.0177E+10   1.0013E+10   1.0013E+10   1.0279E+10   1.0465E+10   1.0555E+10   1.0269E+10   2.4134E+06   0.0000E+00
   1.7786E+02   2.9099E+11   1.0253E+10   1.0417E+10   1.0246E+10   1.0254E+10   1.0524E+10   1.0715E+10   1.0805E+10   1.0513E+10   9.3198E+06   0.0000E+00
   1.9070E+02   2.9272E+11   1.0521E+10   1.0699E+10   1.0522E+10   1.0536E+10   1.0811E+10   1.1008E+10   1.1097E+10   1.0799E+10   3.6907E+07   0.0000E+00
   2.0446E+02   2.9550E+11   1.0979E+10   1.1172E+10   1.0986E+10   1.1003E+10   1.1284E+10   1.1491E+10   1.1577E+10   1.1273E+10   1.4913E+08   0.0000E+00
   2.1922E+02   2.9795E+11   1.1748E+10   1.1958E+10   1.1763E+10   1.1782E+10   1.2060E+10   1.2288E+10   1.2359E+10   1.2057E+10   6.1424E+08   0.0000E+00
   2.3504E+02   9.6664E+11   2.5719E+10   2.6157E+10   2.5784E+10   2.5781E+10   2.6311E+10   2.6724E+10   2.6716E+10   2.6286E+10   2.5834E+09   0.0000E+00
   2.5200E+02   2.7997E+12   3.5137E+10   3.5631E+10   3.5241E+10   3.5053E+10   3.5496E+10   3.6197E+10   3.5908E+10   3.5621E+10   1.1105E+10   0.0000E+00
   2.7019E+02   3.8495E+12   7.2286E+10   7.2767E+10   7.2414E+10   7.1259E+10   7.1247E+10   7.3138E+10   7.1692E+10   7.2065E+10   4.8833E+10   0.0000E+00
   2.8969E+02   3.8068E+12   2.4409E+11   2.4450E+11   2.4431E+11   2.3832E+11   2.3679E+11   2.4408E+11   2.3776E+11   2.4068E+11   2.1967E+11   0.0000E+00
   3.1059E+02   2.8849E+12   5.0974E+11   5.0952E+11   5.0932E+11   4.9644E+11   4.9328E+11   5.0890E+11   4.9570E+11   5.0162E+11   4.8220E+11   0.0000E+00
   3.3301E+02   3.7829E+12   5.0102E+11   5.0074E+11   5.0056E+11   4.8747E+11   4.8428E+11   5.0010E+11   4.8664E+11   4.9272E+11   4.7449E+11   0.0000E+00
   3.5704E+02   3.8343E+12   4.9210E+11   4.9175E+11   4.9159E+11   4.7830E+11   4.7506E+11   4.9109E+11   4.7736E+11   4.8360E+11   4.6692E+11   0.0000E+00
   3.8280E+02   3.8181E+12   4.8385E+11   4.8345E+11   4.8330E+11   4.7032E+11   4.6712E+11   4.8282E+11   4.6939E+11   4.7549E+11   4.6033E+11   0.0000E+00
   4.1043E+02   4.3194E+12   4.7607E+11   4.7563E+11   4.7548E+11   4.6260E+11   4.5941E+11   4.7503E+11   4.6165E+11   4.6773E+11   4.5350E+11   0.0000E+00
   4.4005E+02   4.0874E+12   4.6774E+11   4.6721E+11   4.6708E+11   4.5391E+11   4.5069E+11   4.6660E+11   4.5283E+11   4.5915E+11   4.4614E+11   0.0000E+00
   4.7181E+02   3.7752E+12   4.5952E+11   4.5891E+11   4.5880E+11   4.4519E+11   4.4193E+11   4.5826E+11   4.4395E+11   4.5058E+11   4.3859E+11   0.0000E+00
   5.0586E+02   3.7123E+12   4.4378E+11   4.4305E+11   4.4295E+11   4.2934E+11   4.2617E+11   4.4262E+11   4.2806E+11   4.3480E+11   4.2239E+11   0.0000E+00
   5.4236E+02   3.9715E+12   4.2917E+11   4.2832E+11   4.2823E+11   4.1472E+11   4.1166E+11   4.2828E+11   4.1341E+11   4.2025E+11   4.0571E+11   0.0000E+00
   5.8151E+02   4.2849E+12   4.1279E+11   4.1169E+11   4.1164E+11   3.9775E+11   3.9486E+11   4.1186E+11   3.9627E+11   4.0351E+11   3.8894E+11   0.0000E+00
   6.2347E+02   4.1033E+12   3.9483E+11   3.9328E+11   3.9342E+11   3.7841E+11   3.7584E+11   3.9357E+11   3.7630E+11   3.8465E+11   3.7020E+11   0.0000E+00
   6.6847E+02   3.9041E+12   3.7804E+11   3.7603E+11   3.7638E+11   3.6108E+11   3.5886E+11   3.7651E+11   3.5845E+11   3.6744E+11   3.5324E+11   0.0000E+00
   7.1671E+02   3.7122E+12   4.0105E+11   3.9842E+11   3.9900E+11   3.8226E+11   3.8017E+11   3.9912E+11   3.7924E+11   3.8926E+11   3.7475E+11   0.0000E+00
   7.6843E+02   3.2218E+12   4.3569E+11   4.3262E+11   4.3306E+11   4.1599E+11   4.1384E+11   4.3407E+11   4.1385E+11   4.2350E+11   4.0771E+11   0.0000E+00
   8.2389E+02   3.1510E+12   4.7624E+11   4.7284E+11   4.7300E+11   4.5624E+11   4.5393E+11   4.7517E+11   4.5536E+11   4.6406E+11   4.4569E+11   0.0000E+00
   8.8334E+02   2.8946E+12   5.1905E+11   5.1519E+11   5.1513E+11   4.9840E+11   4.9601E+11   5.1833E+11   4.9853E+11   5.0661E+11   4.8539E+11   0.0000E+00
   9.4709E+02   1.0574E+13   1.3070E+12   1.2819E+12   1.2750E+12   1.2784E+12   1.2722E+12   1.3016E+12   1.3060E+12   1.2869E+12   5.2761E+11   0.0000E+00
   1.0154E+03   1.1668E+13   2.0777E+12   2.0374E+12   2.0190E+12   2.0369E+12   2.0389E+12   2.0717E+12   2.0993E+12   2.0530E+12   5.6386E+11   0.0000E+00
   1.0887E+03   1.1175E+13   2.7095E+12   2.6639E+12   2.6368E+12   2.6605E+12   2.6738E+12   2.7083E+12   2.7451E+12   2.6849E+12   6.0319E+11   0.0000E+00
   1.1673E+03   9.7216E+12   2.7430E+12   2.7006E+12   2.6736E+12   2.6966E+12   2.7115E+12   2.7459E+12   2.7841E+12   2.7222E+12   6.4553E+11   0.0000E+00
   1.2515E+03   8.7881E+12   2.5709E+12   2.5315E+12   2.5075E+12   2.5334E+12   2.5474E+12   2.5777E+12   2.6180E+12   2.5562E+12   5.8084E+11   0.0000E+00
   1.3419E+03   8.0240E+12   2.5547E+12   2.5194E+12   2.4962E+12   2.5234E+12   2.5414E+12   2.5669E+12   2.6077E+12   2.5465E+12   4.7971E+11   0.0000E+00
   1.4387E+03   6.7427E+12   2.2957E+12   2.2661E+12   2.2456E+12   2.2708E+12   2.2883E+12   2.3094E+12   2.3462E+12   2.2914E+12   3.9582E+11   0.0000E+00
   1.5425E+03   4.9641E+12   1.9229E+12   1.9013E+12   1.8844E+12   1.9035E+12   1.9199E+12   1.9363E+12   1.9638E+12   1.9213E+12   3.2659E+11   0.0000E+00
   1.6538E+03   4.6338E+12   1.7011E+12   1.6814E+12   1.6677E+12   1.6870E+12   1.7009E+12   1.7148E+12   1.7404E+12   1.7017E+12   2.6937E+11   0.0000E+00
   1.7732E+03   4.0301E+12   1.5641E+12   1.5472E+12   1.5343E+12   1.5520E+12   1.5667E+12   1.5788E+12   1.6019E+12   1.5664E+12   2.2191E+11   0.0000E+00
   1.9012E+03   3.3511E+12   1.3443E+12   1.3302E+12   1.3186E+12   1.3332E+12   1.3470E+12   1.3574E+12   1.3771E+12   1.3464E+12   1.8192E+11   0.0000E+00
   2.0384E+03   2.9193E+12   1.1857E+12   1.1727E+12   1.1612E+12   1.1741E+12   1.1876E+12   1.1971E+12   1.2160E+12   1.1870E+12   1.4269E+11   0.0000E+00
   2.1855E+03   2.5033E+12   1.0199E+12   1.0084E+12   9.9789E+11   1.0090E+12   1.0214E+12   1.0297E+12   1.0467E+12   1.0207E+12   1.1282E+11   0.0000E+00
   2.3432E+03   2.0120E+12   8.3884E+11   8.3010E+11   8.2255E+11   8.3193E+11   8.4106E+11   8.4733E+11   8.6015E+11   8.4043E+11   9.4469E+10   0.0000E+00
   2.5123E+03   1.6863E+12   7.8031E+11   7.7373E+11   7.6764E+11   7.7648E+11   7.8498E+11   7.9002E+11   8.0075E+11   7.8381E+11   7.9341E+10   0.0000E+00
   2.6936E+03   1.5253E+12   7.6106E+11   7.5617E+11   7.5047E+11   7.5870E+11   7.6759E+11   7.7221E+11   7.8160E+11   7.6599E+11   6.7083E+10   0.0000E+00
   2.8880E+03   1.3274E+12   7.0831E+11   7.0472E+11   6.9950E+11   7.0655E+11   7.1521E+11   7.1946E+11   7.2731E+11   7.1354E+11   5.9857E+10   0.0000E+00
   3.0964E+03   1.1797E+12   6.8210E+11   6.7980E+11   6.7470E+11   6.8075E+11   6.8969E+11   6.9377E+11   7.0039E+11   6.8787E+11   5.3574E+10   0.0000E+00
   3.3199E+03   1.0376E+12   6.3089E+11   6.2946E+11   6.2484E+11   6.2996E+11   6.3841E+11   6.4211E+11   6.4757E+11   6.3662E+11   4.8101E+10   0.0000E+00
   3.5595E+03   9.3919E+11   6.0274E+11   6.0204E+11   5.9763E+11   6.0197E+11   6.1024E+11   6.1371E+11   6.1826E+11   6.0845E+11   4.3315E+10   0.0000E+00
   3.8163E+03   1.2459E+12   9.0208E+11   9.0041E+11   8.9376E+11   8.9970E+11   9.1274E+11   9.1724E+11   9.2341E+11   9.0958E+11   3.9110E+10   0.0000E+00
   4.0918E+03   1.1783E+12   8.7867E+11   8.7874E+11   8.7203E+11   8.7690E+11   8.9005E+11   8.9459E+11   8.9958E+11   8.8691E+11   3.5413E+10   0.0000E+00
   4.3870E+03   1.1078E+12   8.7040E+11   8.7071E+11   8.6420E+11   8.6831E+11   8.8135E+11   8.8569E+11   8.8978E+11   8.7820E+11   3.2168E+10   0.0000E+00
   4.7036E+03   1.0139E+12   8.1208E+11   8.1298E+11   8.0698E+11   8.1037E+11   8.2248E+11   8.2648E+11   8.2986E+11   8.1957E+11   2.8901E+10   0.0000E+00
   5.0431E+03   8.7737E+11   7.1638E+11   7.1754E+11   7.1234E+11   7.1487E+11   7.2542E+11   7.2889E+11   7.3145E+11   7.2291E+11   2.5930E+10   0.0000E+00
   5.4070E+03   7.6867E+11   6.3855E+11   6.3985E+11   6.3536E+11   6.3723E+11   6.4641E+11   6.4940E+11   6.5137E+11   6.4425E+11   2.3315E+10   0.0000E+00
   5.7973E+03   7.2052E+11   6.0859E+11   6.1021E+11   6.0597E+11   6.0740E+11   6.1611E+11   6.1889E+11   6.2050E+11   6.1407E+11   2.1003E+10   0.0000E+00
   6.2156E+03   6.2549E+11   5.3499E+11   5.3644E+11   5.3285E+11   5.3386E+11   5.4126E+11   5.4360E+11   5.4484E+11   5.3955E+11   1.8956E+10   0.0000E+00
   6.6642E+03   5.5422E+11   4.7964E+11   4.8104E+11   4.7791E+11   4.7865E+11   4.8518E+11   4.8720E+11   4.8820E+11   4.8367E+11   1.6792E+10   0.0000E+00
   7.1451E+03   4.9054E+11   4.2810E+11   4.2935E+11   4.2668E+11   4.2721E+11   4.3282E+11   4.3453E+11   4.3533E+11   4.3152E+11   1.4678E+10   0.0000E+00
   7.6608E+03   4.3919E+11   3.8771E+11   3.8888E+11   3.8656E+11   3.8692E+11   3.9187E+11   3.9336E+11   3.9399E+11   3.9073E+11   1.2850E+10   0.0000E+00
   8.2136E+03   3.9313E+11   3.5083E+11   3.5190E+11   3.4988E+11   3.5012E+11   3.5447E+11   3.5577E+11   3.5630E+11   3.5348E+11   1.1271E+10   0.0000E+00
   8.8064E+03   3.2907E+11   2.9503E+11   2.9582E+11   2.9424E+11   2.9443E+11   2.9787E+11   2.9889E+11   2.9932E+11   2.9709E+11   9.9128E+09   0.0000E+00
   9.4420E+03   3.1214E+11   2.8236E+11   2.8316E+11   2.8170E+11   2.8185E+11   2.8507E+11   2.8599E+11   2.8639E+11   2.8433E+11   8.4111E+09   4.1013E+08
   1.0123E+04   2.7421E+11   2.4990E+11   2.5062E+11   2.4938E+11   2.4946E+11   2.5223E+11   2.5302E+11   2.5334E+11   2.5160E+11   7.1345E+09   4.5877E+08
   1.0854E+04   2.3380E+11   2.1446E+11   2.1506E+11   2.1405E+11   2.1409E+11   2.1636E+11   2.1700E+11   2.1725E+11   2.1585E+11   6.0755E+09   5.0760E+08
   1.1637E+04   2.0388E+11   1.8838E+11   1.8889E+11   1.8805E+11   1.8806E+11   1.8997E+11   1.9050E+11   1.9070E+11   1.8954E+11   5.2036E+09   5.5467E+08
   1.2477E+04   1.7099E+11   1.5856E+11   1.5898E+11   1.5832E+11   1.5832E+11   1.5985E+11   1.6026E+11   1.6043E+11   1.5950E+11   4.4361E+09   5.9883E+08
   1.3377E+04   1.5030E+11   1.4029E+11   1.4064E+11   1.4009E+11   1.4007E+11   1.4135E+11   1.4170E+11   1.4183E+11   1.4107E+11   3.7628E+09   6.3471E+08
   1.4343E+04   1.3240E+11   1.2436E+11   1.2465E+11   1.2419E+11   1.2417E+11   1.2524E+11   1.2553E+11   1.2563E+11   1.2500E+11   3.2085E+09   6.6110E+08
   1.5378E+04   1.1642E+11   1.0972E+11   1.0997E+11   1.0959E+11   1.0957E+11   1.1047E+11   1.1071E+11   1.1080E+11   1.1027E+11   2.7563E+09   6.7941E+08
   1.6488E+04   1.0575E+11   1.0045E+11   1.0066E+11   1.0034E+11   1.0031E+11   1.0109E+11   1.0129E+11   1.0136E+11   1.0092E+11   2.3343E+09   6.8877E+08
   1.7678E+04   8.9717E+10   8.5629E+10   8.5795E+10   8.5540E+10   8.5515E+10   8.6134E+10   8.6296E+10   8.6349E+10   8.5998E+10   1.9294E+09   6.8623E+08
   1.8953E+04   6.9032E+10   6.6202E+10   6.6318E+10   6.6139E+10   6.6123E+10   6.6562E+10   6.6677E+10   6.6719E+10   6.6467E+10   1.6074E+09   6.7501E+08
   2.0321E+04   5.7869E+10   5.5889E+10   5.5978E+10   5.5839E+10   5.5822E+10   5.6167E+10   5.6256E+10   5.6286E+10   5.6093E+10   1.3528E+09   6.5708E+08
   2.1788E+04   4.4947E+10   4.3671E+10   4.3736E+10   4.3637E+10   4.3625E+10   4.3875E+10   4.3938E+10   4.3961E+10   4.3822E+10   1.1536E+09   6.3354E+08
   2.3360E+04   3.7066E+10   3.6484E+10   3.6530E+10   3.6454E+10   3.6442E+10   3.6632E+10   3.6680E+10   3.6694E+10   3.6592E+10   1.0685E+09   6.0598E+08
   2.5046E+04   2.3060E+10   2.3071E+10   2.3095E+10   2.3056E+10   2.3053E+10   2.3154E+10   2.3179E+10   2.3193E+10   2.3133E+10   1.0614E+09   5.7783E+08
   2.6854E+04   2.0469E+10   2.0838E+10   2.0858E+10   2.0826E+10   2.0823E+10   2.0907E+10   2.0927E+10   2.0940E+10   2.0890E+10   1.1389E+09   5.5164E+08
   2.8792E+04   1.7666E+10   1.8501E+10   1.8516E+10   1.8491E+10   1.8489E+10   1.8554E+10   1.8569E+10   1.8581E+10   1.8542E+10   1.3326E+09   5.3427E+08
   3.0869E+04   1.2117E+10   1.3607E+10   1.3615E+10   1.3601E+10   1.3603E+10   1.3640E+10   1.3648E+10   1.3662E+10   1.3634E+10   1.6990E+09   5.8024E+08
   3.3097E+04   9.9559E+09   2.0234E+10   2.0237E+10   2.0241E+10   2.0276E+10   2.0305E+10   2.0299E+10   2.0326E+10   2.0291E+10   2.3357E+09   8.9974E+09
   3.5486E+04   8.6393E+09   1.2032E+10   1.2035E+10   1.2028E+10   1.2034E+10   1.2048E+10   1.2051E+10   1.2069E+10   1.2048E+10   3.3362E+09   5.2236E+08
   3.8047E+04   6.1339E+09   1.0640E+10   1.0641E+10   1.0638E+10   1.0646E+10   1.0649E+10   1.0649E+10   1.0669E+10   1.0651E+10   4.4017E+09   4.5530E+08
   4.0792E+04   5.1271E+09   1.1134E+10   1.1134E+10   1.1133E+10   1.1143E+10   1.1140E+10   1.1138E+10   1.1161E+10   1.1144E+10   5.8327E+09   4.4549E+08
   4.3736E+04   3.8250E+09   1.1846E+10   1.1844E+10   1.1846E+10   1.1859E+10   1.1849E+10   1.1845E+10   1.1871E+10   1.1854E+10   7.7536E+09   4.6832E+08
   4.6893E+04   2.7632E+09   1.3465E+10   1.3462E+10   1.3466E+10   1.3483E+10   1.3466E+10   1.3460E+10   1.3491E+10   1.3473E+10   1.0331E+10   5.2540E+08
   5.0277E+04   2.1810E+09   1.6423E+10   1.6419E+10   1.6426E+10   1.6446E+10   1.6425E+10   1.6417E+10   1.6453E+10   1.6433E+10   1.3721E+10   6.4949E+08
   5.3905E+04   1.7396E+09   1.8711E+10   1.8707E+10   1.8715E+10   1.8737E+10   1.8713E+10   1.8705E+10   1.8742E+10   1.8723E+10   1.6124E+10   9.5964E+08
   5.7795E+04   1.4101E+09   2.1825E+10   2.1820E+10   2.1830E+10   2.1856E+10   2.1831E+10   2.1821E+10   2.1860E+10   2.1840E+10   1.8323E+10   2.2151E+09
   6.1966E+04   1.1135E+09   3.4802E+10   3.4795E+10   3.4817E+10   3.4865E+10   3.4839E+10   3.4822E+10   3.4873E+10   3.4845E+10   2.0019E+10   1.4063E+10
   6.6438E+04   8.5100E+08   2.5811E+10   2.5806E+10   2.5817E+10   2.5845E+10   2.5819E+10   2.5808E+10   2.5849E+10   2.5829E+10   2.1706E+10   3.3702E+09
   7.1233E+04   6.5973E+08   2.8733E+10   2.8728E+10   2.8741E+10   2.8772E+10   2.8746E+10   2.8734E+10   2.8776E+10   2.8755E+10   2.2770E+10   5.4501E+09
   7.6374E+04   5.1961E+08   4.1203E+10   4.1193E+10   4.1222E+10   4.1286E+10   4.1252E+10   4.1229E+10   4.1294E+10   4.1258E+10   2.3265E+10   1.7915E+10
   8.1885E+04   4.1175E+08   3.0887E+10   3.0871E+10   3.0899E+10   3.0972E+10   3.0904E+10   3.0873E+10   3.0979E+10   3.0921E+10   2.3433E+10   7.3830E+09
   8.7795E+04   3.3097E+08   2.7881E+10   2.7843E+10   2.7874E+10   2.7977E+10   2.7850E+10   2.7797E+10   2.7990E+10   2.7887E+10   2.3134E+10   4.7482E+09
   9.4131E+04   2.6432E+08   2.4405E+10   2.4341E+10   2.4361E+10   2.4471E+10   2.4284E+10   2.4211E+10   2.4494E+10   2.4348E+10   2.2835E+10   1.3853E+09
   1.0092E+05   2.1132E+08   2.4973E+10   2.4918E+10   2.4939E+10   2.5041E+10   2.4870E+10   2.4805E+10   2.5057E+10   2.4928E+10   2.3913E+10   8.8358E+08
   1.0821E+05   1.6015E+08   2.5928E+10   2.5891E+10   2.5914E+10   2.6000E+10   2.5869E+10   2.5819E+10   2.6009E+10   2.5912E+10   2.4593E+10   1.2437E+09
   1.1602E+05   1.2218E+08   2.6393E+10   2.6370E+10   2.6392E+10   2.6461E+10   2.6370E+10   2.6334E+10   2.6467E+10   2.6399E+10   2.4281E+10   2.1004E+09
   1.2439E+05   9.4094E+07   2.4397E+10   2.4383E+10   2.4399E+10   2.4446E+10   2.4385E+10   2.4361E+10   2.4450E+10   2.4406E+10   2.3149E+10   1.2080E+09
   1.3337E+05   7.3378E+07   2.2196E+10   2.2188E+10   2.2199E+10   2.2230E+10   2.2190E+10   2.2175E+10   2.2233E+10   2.2205E+10   2.1587E+10   5.6168E+08
   1.4299E+05   5.7853E+07   2.0805E+10   2.0798E+10   2.0806E+10   2.0832E+10   2.0799E+10   2.0787E+10   2.0834E+10   2.0812E+10   2.0483E+10   2.7905E+08
   1.5331E+05   4.5828E+07   2.0849E+10   2.0841E+10   2.0850E+10   2.0878E+10   2.0841E+10   2.0826E+10   2.0881E+10   2.0854E+10   2.0568E+10   2.4869E+08
   1.6437E+05   3.7023E+07   2.3369E+10   2.3357E+10   2.3370E+10   2.3408E+10   2.3363E+10   2.3342E+10   2.3413E+10   2.3378E+10   2.0967E+10   2.4498E+09
   1.7624E+05   2.9998E+07   2.1680E+10   2.1666E+10   2.1676E+10   2.1713E+10   2.1661E+10   2.1639E+10   2.1718E+10   2.1679E+10   2.1264E+10   3.9984E+08
   1.8895E+05   2.4554E+07   2.1405E+10   2.1390E+10   2.1400E+10   2.1435E+10   2.1385E+10   2.1363E+10   2.1441E+10   2.1403E+10   2.0944E+10   4.5047E+08
   2.0259E+05   2.0496E+07   2.0487E+10   2.0475E+10   2.0484E+10   2.0513E+10   2.0472E+10   2.0454E+10   2.0519E+10   2.0487E+10   1.9875E+10   6.1097E+08
   2.1721E+05   1.7456E+07   1.9839E+10   1.9829E+10   1.9837E+10   1.9862E+10   1.9829E+10   1.9814E+10   1.9867E+10   1.9842E+10   1.8689E+10   1.1667E+09
   2.3289E+05   1.4857E+07   1.8431E+10   1.8424E+10   1.8430E+10   1.8450E+10   1.8424E+10   1.8412E+10   1.8454E+10   1.8434E+10   1.7578E+10   8.6171E+08
   2.4969E+05   1.2515E+07   1.6955E+10   1.6949E+10   1.6954E+10   1.6970E+10   1.6949E+10   1.6939E+10   1.6974E+10   1.6958E+10   1.6481E+10   4.7373E+08
   2.6771E+05   1.0775E+07   1.5566E+10   1.5562E+10   1.5566E+10   1.5579E+10   1.5562E+10   1.5555E+10   1.5582E+10   1.5570E+10   1.5100E+10   4.6775E+08
   2.8703E+05   9.3211E+06   1.4291E+10   1.4288E+10   1.4291E+10   1.4302E+10   1.4289E+10   1.4283E+10   1.4305E+10   1.4295E+10   1.3806E+10   4.8794E+08
   3.0775E+05   7.9659E+06   1.3139E+10   1.3136E+10   1.3139E+10   1.3148E+10   1.3138E+10   1.3133E+10   1.3150E+10   1.3143E+10   1.2626E+10   5.1635E+08
   3.2996E+05   6.8173E+06   1.2105E+10   1.2103E+10   1.2106E+10   1.2113E+10   1.2105E+10   1.2101E+10   1.2115E+10   1.2109E+10   1.1552E+10   5.5847E+08
   3.5377E+05   5.8014E+06   1.1189E+10   1.1188E+10   1.1190E+10   1.1196E+10   1.1190E+10   1.1187E+10   1.1198E+10   1.1193E+10   1.0573E+10   6.2283E+08
   3.7930E+05   5.0486E+06   1.0361E+10   1.0360E+10   1.0361E+10   1.0367E+10   1.0362E+10   1.0359E+10   1.0369E+10   1.0365E+10   9.6546E+09   7.1347E+08
   4.0667E+05   4.3175E+06   9.2872E+09   9.2865E+09   9.2881E+09   9.2928E+09   9.2889E+09   9.2869E+09   9.2940E+09   9.2914E+09   8.4677E+09   8.2795E+08
   4.3602E+05   3.6898E+06   8.4042E+09   8.4038E+09   8.4053E+09   8.4093E+09   8.4064E+09   8.4048E+09   8.4102E+09   8.4084E+09   7.4510E+09   9.6273E+08
   4.6749E+05   3.1090E+06   7.6785E+09   7.6783E+09   7.6796E+09   7.6831E+09   7.6808E+09   7.6796E+09   7.6838E+09   7.6825E+09   6.5780E+09   1.1106E+09
   5.0123E+05   2.6637E+06   7.0780E+09   7.0780E+09   7.0791E+09   7.0821E+09   7.0804E+09   7.0795E+09   7.0826E+09   7.0818E+09   5.8268E+09   1.2616E+09
   5.3740E+05   2.2197E+06   6.5722E+09   6.5722E+09   6.5733E+09   6.5758E+09   6.5746E+09   6.5738E+09   6.5763E+09   6.5758E+09   5.1790E+09   1.4035E+09
   5.7618E+05   1.8511E+06   6.1346E+09   6.1346E+09   6.1356E+09   6.1377E+09   6.1368E+09   6.1362E+09   6.1381E+09   6.1379E+09   4.6190E+09   1.5254E+09
   6.1776E+05   1.5447E+06   5.7167E+09   5.7168E+09   5.7175E+09   5.7193E+09   5.7186E+09   5.7182E+09   5.7196E+09   5.7196E+09   4.1087E+09   1.6170E+09
   6.6235E+05   1.2566E+06   5.2967E+09   5.2968E+09   5.2974E+09   5.2989E+09   5.2984E+09   5.2980E+09   5.2991E+09   5.2993E+09   3.6343E+09   1.6705E+09
   7.1015E+05   9.9999E+05   4.8990E+09   4.8991E+09   4.8996E+09   4.9008E+09   4.9004E+09   4.9001E+09   4.9010E+09   4.9013E+09   3.2223E+09   1.6837E+09
   7.6140E+05   7.9936E+05   4.5131E+09   4.5131E+09   4.5136E+09   4.5145E+09   4.5143E+09   4.5140E+09   4.5147E+09   4.5150E+09   2.8635E+09   1.6555E+09
   8.1635E+05   6.1522E+05   4.1347E+09   4.1347E+09   4.1351E+09   4.1358E+09   4.1356E+09   4.1355E+09   4.1360E+09   4.1364E+09   2.5501E+09   1.5895E+09
   8.7526E+05   4.7848E+05   3.6935E+09   3.6936E+09   3.6938E+09   3.6944E+09   3.6943E+09   3.6942E+09   3.6945E+09   3.6949E+09   2.2046E+09   1.4929E+09
   9.3842E+05   3.6806E+05   3.2173E+09   3.2173E+09   3.2175E+09   3.2179E+09   3.2178E+09   3.2177E+09   3.2180E+09   3.2184E+09   1.8480E+09   1.3724E+09
   1.0061E+06   2.6336E+05   2.7839E+09   2.7840E+09   2.7841E+09   2.7844E+09   2.7844E+09   2.7843E+09   2.7845E+09   2.7849E+09   1.5505E+09   1.2359E+09
   1.0788E+06   1.8656E+05   2.3923E+09   2.3923E+09   2.3924E+09   2.3927E+09   2.3926E+09   2.3926E+09   2.3927E+09   2.3931E+09   1.3022E+09   1.0920E+09
   1.1566E+06   1.3218E+05   2.0437E+09   2.0437E+09   2.0438E+09   2.0440E+09   2.0440E+09   2.0439E+09   2.0440E+09   2.0443E+09   1.0946E+09   9.5054E+08
   1.2401E+06   9.3680E+04   1.6969E+09   1.6969E+09   1.6970E+09   1.6971E+09   1.6971E+09   1.6971E+09   1.6972E+09   1.6974E+09   8.8258E+08   8.1544E+08
   1.3296E+06   6.6411E+04   1.3790E+09   1.3790E+09   1.3791E+09   1.3792E+09   1.3792E+09   1.3792E+09   1.3792E+09   1.3794E+09   6.8657E+08   6.9329E+08
   1.4255E+06   4.7092E+04   1.1101E+09   1.1101E+09   1.1101E+09   1.1102E+09   1.1102E+09   1.1102E+09   1.1102E+09   1.1104E+09   5.3435E+08   5.7636E+08
   1.5284E+06   3.3403E+04   8.7921E+08   8.7921E+08   8.7923E+08   8.7927E+08   8.7927E+08   8.7926E+08   8.7928E+08   8.7944E+08   4.1608E+08   4.6354E+08
   1.6387E+06   2.3701E+04   6.9252E+08   6.9252E+08   6.9253E+08   6.9256E+08   6.9256E+08   6.9256E+08   6.9257E+08   6.9270E+08   3.2413E+08   3.6867E+08
   1.7570E+06   1.6823E+04   5.4264E+08   5.4264E+08   5.4265E+08   5.4266E+08   5.4267E+08   5.4266E+08   5.4267E+08   5.4277E+08   2.5263E+08   2.9021E+08
   1.8838E+06   1.1945E+04   4.2314E+08   4.2314E+08   4.2314E+08   4.2316E+08   4.2316E+08   4.2315E+08   4.2316E+08   4.2324E+08   1.9699E+08   2.2628E+08
   2.0197E+06   8.4849E+03   3.1859E+08   3.1859E+08   3.1860E+08   3.1860E+08   3.1860E+08   3.1860E+08   3.1861E+08   3.1867E+08   1.4429E+08   1.7439E+08
   2.1655E+06   6.0294E+03   2.3829E+08   2.3829E+08   2.3829E+08   2.3830E+08   2.3830E+08   2.3830E+08   2.3830E+08   2.3834E+08   1.0522E+08   1.3314E+08
   2.3217E+06   4.2864E+03   1.7732E+08   1.7732E+08   1.7732E+08   1.7732E+08   1.7732E+08   1.7732E+08   1.7732E+08   1.7736E+08   7.6740E+07   1.0062E+08
   2.4893E+06   3.0487E+03   1.3129E+08   1.3129E+08   1.3129E+08   1.3129E+08   1.3130E+08   1.3129E+08   1.3130E+08   1.3132E+08   5.5980E+07   7.5340E+07
   2.6689E+06   2.1694E+03   9.6732E+07   9.6732E+07   9.6733E+07   9.6734E+07   9.6734E+07   9.6734E+07   9.6735E+07   9.6754E+07   4.0845E+07   5.5907E+07
   2.8616E+06   1.5444E+03   7.0915E+07   7.0915E+07   7.0915E+07   7.0916E+07   7.0916E+07   7.0916E+07   7.0916E+07   7.0930E+07   2.9807E+07   4.1120E+07
   3.0681E+06   1.1001E+03   5.1481E+07   5.1481E+07   5.1481E+07   5.1482E+07   5.1482E+07   5.1482E+07   5.1482E+07   5.1492E+07   2.1463E+07   3.0027E+07
   3.2895E+06   7.8406E+02   3.6792E+07   3.6792E+07   3.6792E+07   3.6792E+07   3.6792E+07   3.6792E+07   3.6792E+07   3.6800E+07   1.5019E+07   2.1778E+07
   3.5269E+06   5.5913E+02   2.6191E+07   2.6191E+07   2.6191E+07   2.6191E+07   2.6192E+07   2.6191E+07   2.6192E+07   2.6197E+07   1.0511E+07   1.5684E+07
   3.7814E+06   3.9897E+02   1.8578E+07   1.8578E+07   1.8578E+07   1.8578E+07   1.8578E+07   1.8578E+07   1.8578E+07   1.8581E+07   7.3562E+06   1.1224E+07
   4.0543E+06   2.8487E+02   1.3135E+07   1.3135E+07   1.3135E+07   1.3135E+07   1.3135E+07   1.3135E+07   1.3135E+07   1.3138E+07   5.1488E+06   7.9877E+06
   4.3469E+06   2.0354E+02   9.2566E+06   9.2566E+06   9.2566E+06   9.2566E+06   9.2566E+06   9.2566E+06   9.2566E+06   9.2585E+06   3.6040E+06   5.6536E+06
   4.6606E+06   1.4553E+02   6.5041E+06   6.5041E+06   6.5041E+06   6.5041E+06   6.5041E+06   6.5041E+06   6.5041E+06   6.5054E+06   2.5229E+06   3.9819E+06
   4.9969E+06   1.0413E+02   4.5103E+06   4.5103E+06   4.5103E+06   4.5103E+06   4.5103E+06   4.5103E+06   4.5103E+06   4.5112E+06   1.7196E+06   2.7911E+06
   5.3576E+06   7.4564E+01   3.1076E+06   3.1076E+06   3.1076E+06   3.1076E+06   3.1076E+06   3.1076E+06   3.1076E+06   3.1083E+06   1.1596E+06   1.9483E+06
   5.7442E+06   5.3435E+01   2.1366E+06   2.1366E+06   2.1366E+06   2.1366E+06   2.1366E+06   2.1366E+06   2.1366E+06   2.1370E+06   7.8200E+05   1.3548E+06
   6.1587E+06   3.8325E+01   1.4661E+06   1.4661E+06   1.4661E+06   1.4661E+06   1.4661E+06   1.4661E+06   1.4661E+06   1.4664E+06   5.2735E+05   9.3888E+05
   6.6032E+06   2.7511E+01   1.0038E+06   1.0038E+06   1.0038E+06   1.0038E+06   1.0038E+06   1.0038E+06   1.0038E+06   1.0040E+06   3.5563E+05   6.4826E+05
   7.0797E+06   1.9766E+01   6.8605E+05   6.8605E+05   6.8605E+05   6.8605E+05   6.8605E+05   6.8605E+05   6.8605E+05   6.8619E+05   2.3982E+05   4.4628E+05
   7.5907E+06   1.4214E+01   4.6813E+05   4.6813E+05   4.6813E+05   4.6813E+05   4.6813E+05   4.6813E+05   4.6813E+05   4.6822E+05   1.6173E+05   3.0643E+05
   8.1385E+06   1.0231E+01   3.1886E+05   3.1886E+05   3.1886E+05   3.1886E+05   3.1886E+05   3.1886E+05   3.1886E+05   3.1893E+05   1.0907E+05   2.0981E+05
   8.7258E+06   7.3718E+00   2.1688E+05   2.1688E+05   2.1688E+05   2.1688E+05   2.1688E+05   2.1688E+05   2.1688E+05   2.1692E+05   7.3555E+04   1.4333E+05
   9.3555E+06   5.3166E+00   1.4729E+05   1.4729E+05   1.4729E+05   1.4729E+05   1.4729E+05   1.4729E+05   1.4729E+05   1.4732E+05   4.9605E+04   9.7690E+04
   1.0031E+07   3.8384E+00   9.9889E+04   9.9889E+04   9.9889E+04   9.9889E+04   9.9889E+04   9.9889E+04   9.9889E+04   9.9909E+04   3.3454E+04   6.6439E+04
   1.0755E+07   2.7741E+00   6.7656E+04   6.7656E+04   6.7656E+04   6.7656E+04   6.7656E+04   6.7656E+04   6.7656E+04   6.7670E+04   2.2562E+04   4.5097E+04
   1.1531E+07   2.0070E+00   4.5770E+04   4.5770E+04   4.5770E+04   4.5770E+04   4.5770E+04   4.5770E+04   4.5770E+04   4.5779E+04   1.5216E+04   3.0556E+04
   1.2363E+07   1.4536E+00   3.0930E+04   3.0930E+04   3.0930E+04   3.0930E+04   3.0930E+04   3.0930E+04   3.0930E+04   3.0936E+04   1.0262E+04   2.0669E+04
   1.3255E+07   1.0540E+00   2.0880E+04   2.0880E+04   2.0880E+04   2.0880E+04   2.0880E+04   2.0880E+04   2.0880E+04   2.0885E+04   6.9210E+03   1.3960E+04
   1.4212E+07   7.6506E-01   1.4083E+04   1.4083E+04   1.4083E+04   1.4083E+04   1.4083E+04   1.4083E+04   1.4083E+04   1.4086E+04   4.6678E+03   9.4154E+03
   1.5237E+07   5.5599E-01   9.4903E+03   9.4903E+03   9.4903E+03   9.4903E+03   9.4903E+03   9.4903E+03   9.4903E+03   9.4922E+03   3.1482E+03   6.3423E+03
   1.6337E+07   4.0450E-01   6.3904E+03   6.3904E+03   6.3904E+03   6.3904E+03   6.3904E+03   6.3904E+03   6.3904E+03   6.3917E+03   2.1233E+03   4.2671E+03
   1.7516E+07   2.9464E-01   4.3000E+03   4.3000E+03   4.3000E+03   4.3000E+03   4.3000E+03   4.3000E+03   4.3000E+03   4.3008E+03   1.4321E+03   2.8679E+03
   1.8780E+07   2.1486E-01   2.8915E+03   2.8915E+03   2.8915E+03   2.8915E+03   2.8915E+03   2.8915E+03   2.8915E+03   2.8921E+03   9.6591E+02   1.9256E+03
   2.0135E+07   1.5687E-01   1.9321E+03   1.9321E+03   1.9321E+03   1.9321E+03   1.9321E+03   1.9321E+03   1.9321E+03   1.9325E+03   6.4042E+02   1.2917E+03
   2.1588E+07   1.1466E-01   1.2895E+03   1.2895E+03   1.2895E+03   1.2895E+03   1.2895E+03   1.2895E+03   1.2895E+03   1.2898E+03   4.2368E+02   8.6581E+02
   2.3146E+07   8.3907E-02   8.6022E+02   8.6022E+02   8.6022E+02   8.6022E+02   8.6022E+02   8.6022E+02   8.6022E+02   8.6039E+02   2.8030E+02   5.7990E+02
   2.4817E+07   6.1473E-02   5.7359E+02   5.7359E+02   5.7359E+02   5.7359E+02   5.7359E+02   5.7359E+02   5.7359E+02   5.7371E+02   1.8544E+02   3.8814E+02
   2.6608E+07   4.5090E-02   3.8233E+02   3.8233E+02   3.8233E+02   3.8233E+02   3.8233E+02   3.8233E+02   3.8233E+02   3.8240E+02   1.2268E+02   2.5963E+02
   2.8528E+07   3.3110E-02   2.5475E+02   2.5475E+02   2.5475E+02   2.5475E+02   2.5475E+02   2.5475E+02   2.5475E+02   2.5480E+02   8.1163E+01   1.7357E+02
   3.0587E+07   2.4341E-02   1.6969E+02   1.6969E+02   1.6969E+02   1.6969E+02   1.6969E+02   1.6969E+02   1.6969E+02   1.6972E+02   5.3695E+01   1.1598E+02
   3.2794E+07   1.7914E-02   1.1300E+02   1.1300E+02   1.1300E+02   1.1300E+02   1.1300E+02   1.1300E+02   1.1300E+02   1.1302E+02   3.5523E+01   7.7463E+01
   3.5161E+07   1.3199E-02   7.5227E+01   7.5227E+01   7.5227E+01   7.5227E+01   7.5227E+01   7.5227E+01   7.5227E+01   7.5242E+01   2.3502E+01   5.1718E+01
   3.7698E+07   9.7354E-03   5.0070E+01   5.0070E+01   5.0070E+01   5.0070E+01   5.0070E+01   5.0070E+01   5.0070E+01   5.0080E+01   1.5548E+01   3.4516E+01
   4.0419E+07   7.1883E-03   3.3320E+01   3.3320E+01   3.3320E+01   3.3320E+01   3.3320E+01   3.3320E+01   3.3320E+01   3.3327E+01   1.0286E+01   2.3029E+01
   4.3336E+07   5.3131E-03   2.2169E+01   2.2169E+01   2.2169E+01   2.2169E+01   2.2169E+01   2.2169E+01   2.2169E+01   2.2174E+01   6.8051E+00   1.5361E+01
   4.6463E+07   3.9310E-03   1.4748E+01   1.4748E+01   1.4748E+01   1.4748E+01   1.4748E+01   1.4748E+01   1.4748E+01   1.4751E+01   4.5021E+00   1.0243E+01
   4.9817E+07   2.9113E-03   9.8101E+00   9.8101E+00   9.8101E+00   9.8101E+00   9.8101E+00   9.8101E+00   9.8101E+00   9.8121E+00   2.9785E+00   6.8295E+00
   5.3412E+07   2.1582E-03   6.5248E+00   6.5248E+00   6.5248E+00   6.5248E+00   6.5248E+00   6.5248E+00   6.5248E+00   6.5261E+00   1.9705E+00   4.5527E+00
   5.7266E+07   1.6014E-03   4.3394E+00   4.3394E+00   4.3394E+00   4.3394E+00   4.3394E+00   4.3394E+00   4.3394E+00   4.3402E+00   1.3036E+00   3.0345E+00
   6.1399E+07   1.1893E-03   2.8858E+00   2.8858E+00   2.8858E+00   2.8858E+00   2.8858E+00   2.8858E+00   2.8858E+00   2.8863E+00   8.6246E-01   2.0224E+00
   6.5830E+07   8.8405E-04   1.9190E+00   1.9190E+00   1.9190E+00   1.9190E+00   1.9190E+00   1.9190E+00   1.9190E+00   1.9194E+00   5.7058E-01   1.3477E+00
   7.0581E+07   6.5769E-04   1.2761E+00   1.2761E+00   1.2761E+00   1.2761E+00   1.2761E+00   1.2761E+00   1.2761E+00   1.2764E+00   3.7748E-01   8.9809E-01
   7.5675E+07   4.8968E-04   8.4860E-01   8.4860E-01   8.4860E-01   8.4860E-01   8.4860E-01   8.4860E-01   8.4860E-01   8.4877E-01   2.4973E-01   5.9845E-01
   8.1136E+07   3.6488E-04   5.6432E-01   5.6432E-01   5.6432E-01   5.6432E-01   5.6432E-01   5.6432E-01   5.6432E-01   5.6444E-01   1.6522E-01   3.9879E-01
   8.6991E+07   2.7209E-04   3.7529E-01   3.7529E-01   3.7529E-01   3.7529E-01   3.7529E-01   3.7529E-01   3.7529E-01   3.7537E-01   1.0931E-01   2.6575E-01
   9.3269E+07   2.0304E-04   2.4959E-01   2.4959E-01   2.4959E-01   2.4959E-01   2.4959E-01   2.4959E-01   2.4959E-01   2.4964E-01   7.2315E-02   1.7710E-01
   1.0000E+08   1.5162E-04   1.6601E-01   1.6601E-01   1.6601E-01   1.6601E-01   1.6601E-01   1.6601E-01   1.6601E-01   1.6604E-01   4.7842E-02   1.1803E-01
