 (1): Wavelength (A) 
 (2): Intrinsic SED (1e30 erg/s/A)
 (3 - 9): SED at angles [   0.0000000      0.26183301      0.52366602      0.78549999       1.0473300       1.3091700       1.5710000     ] (1e30 erg/s/A)
 (10): Angle averaged SED (1e30 erg/s/A)
 (11): Molecular cloud emission (1e30 erg/s/A)
 (12): Cirrus emission (1e30 erg/s/A)
  
            1            2            3            4            5            6            7            8            9           10           11           12
   9.5000E+01   1.1088E+11   1.1774E+09   1.1745E+09   1.1710E+09   1.1744E+09   1.1686E+09   1.1893E+09   1.2510E+09   1.1866E+09   3.2911E+05   0.0000E+00
   1.0186E+02   2.6233E+11   1.4407E+09   1.4387E+09   1.4392E+09   1.4476E+09   1.4485E+09   1.4757E+09   1.5379E+09   1.4650E+09   1.8263E+05   0.0000E+00
   1.0921E+02   2.7364E+11   1.4316E+09   1.4299E+09   1.4310E+09   1.4400E+09   1.4421E+09   1.4691E+09   1.5284E+09   1.4575E+09   1.0737E+05   0.0000E+00
   1.1709E+02   2.8298E+11   1.4114E+09   1.4100E+09   1.4117E+09   1.4208E+09   1.4242E+09   1.4508E+09   1.5072E+09   1.4385E+09   6.3502E+04   0.0000E+00
   1.2554E+02   3.1496E+11   1.4695E+09   1.4686E+09   1.4720E+09   1.4826E+09   1.4903E+09   1.5185E+09   1.5709E+09   1.5025E+09   4.1061E+04   0.0000E+00
   1.3460E+02   3.1620E+11   1.4533E+09   1.4526E+09   1.4567E+09   1.4674E+09   1.4767E+09   1.5047E+09   1.5537E+09   1.4877E+09   3.7892E+04   0.0000E+00
   1.4431E+02   3.6057E+11   1.5829E+09   1.5835E+09   1.5911E+09   1.6056E+09   1.6228E+09   1.6542E+09   1.6959E+09   1.6299E+09   5.6878E+04   0.0000E+00
   1.5473E+02   3.7731E+11   1.6509E+09   1.6525E+09   1.6628E+09   1.6797E+09   1.7029E+09   1.7363E+09   1.7714E+09   1.7067E+09   1.1732E+05   0.0000E+00
   1.6589E+02   3.8040E+11   1.6679E+09   1.6700E+09   1.6817E+09   1.6995E+09   1.7256E+09   1.7596E+09   1.7907E+09   1.7277E+09   2.7079E+05   0.0000E+00
   1.7786E+02   3.8008E+11   1.6828E+09   1.6856E+09   1.6986E+09   1.7173E+09   1.7461E+09   1.7806E+09   1.8079E+09   1.7465E+09   6.4310E+05   0.0000E+00
   1.9070E+02   3.7816E+11   1.7052E+09   1.7086E+09   1.7230E+09   1.7429E+09   1.7744E+09   1.8094E+09   1.8331E+09   1.7731E+09   1.5398E+06   0.0000E+00
   2.0446E+02   3.7661E+11   1.7385E+09   1.7426E+09   1.7585E+09   1.7798E+09   1.8140E+09   1.8500E+09   1.8701E+09   1.8111E+09   3.7040E+06   0.0000E+00
   2.1922E+02   3.7397E+11   1.7707E+09   1.7755E+09   1.7930E+09   1.8151E+09   1.8517E+09   1.8891E+09   1.9070E+09   1.8478E+09   8.8590E+06   0.0000E+00
   2.3504E+02   7.7482E+11   4.6978E+09   4.7093E+09   4.7592E+09   4.8246E+09   4.9341E+09   5.0233E+09   5.0294E+09   4.9080E+09   2.1202E+07   0.0000E+00
   2.5200E+02   1.4482E+12   4.7451E+09   4.7597E+09   4.8150E+09   4.8821E+09   4.9966E+09   5.0933E+09   5.0996E+09   4.9705E+09   5.0575E+07   0.0000E+00
   2.7019E+02   1.9607E+12   4.4549E+09   4.4699E+09   4.5232E+09   4.5789E+09   4.6794E+09   4.7797E+09   4.8043E+09   4.6651E+09   1.2052E+08   0.0000E+00
   2.8969E+02   1.9746E+12   4.1079E+09   4.1223E+09   4.1706E+09   4.2017E+09   4.2728E+09   4.3856E+09   4.4577E+09   4.2867E+09   2.8700E+08   0.0000E+00
   3.1059E+02   1.6369E+12   3.7763E+09   3.7912E+09   3.8375E+09   3.8559E+09   3.9092E+09   4.0260E+09   4.1217E+09   3.9375E+09   3.6724E+08   0.0000E+00
   3.3301E+02   1.9766E+12   3.3188E+09   3.3335E+09   3.3778E+09   3.4040E+09   3.4595E+09   3.5556E+09   3.6213E+09   3.4736E+09   2.5128E+08   0.0000E+00
   3.5704E+02   2.1392E+12   2.8680E+09   2.8820E+09   2.9227E+09   2.9517E+09   3.0046E+09   3.0837E+09   3.1297E+09   3.0104E+09   1.7183E+08   0.0000E+00
   3.8280E+02   2.3114E+12   2.4766E+09   2.4885E+09   2.5241E+09   2.5528E+09   2.6024E+09   2.6674E+09   2.6981E+09   2.6026E+09   1.2031E+08   0.0000E+00
   4.1043E+02   3.0990E+12   2.1898E+09   2.2009E+09   2.2337E+09   2.2627E+09   2.3097E+09   2.3650E+09   2.3855E+09   2.3060E+09   8.3364E+07   0.0000E+00
   4.4005E+02   2.9568E+12   1.8727E+09   1.8829E+09   1.9127E+09   1.9401E+09   1.9815E+09   2.0278E+09   2.0429E+09   1.9765E+09   5.6629E+07   0.0000E+00
   4.7181E+02   2.7156E+12   1.5928E+09   1.6020E+09   1.6294E+09   1.6552E+09   1.6908E+09   1.7296E+09   1.7419E+09   1.6854E+09   3.8105E+07   0.0000E+00
   5.0586E+02   2.6270E+12   1.4862E+09   1.4914E+09   1.5264E+09   1.5692E+09   1.6061E+09   1.6345E+09   1.6435E+09   1.5916E+09   7.3830E+06   0.0000E+00
   5.4236E+02   2.8518E+12   1.6548E+09   1.6455E+09   1.7054E+09   1.7931E+09   1.8315E+09   1.8507E+09   1.8764E+09   1.8037E+09   1.2118E+06   0.0000E+00
   5.8151E+02   3.4095E+12   1.5673E+09   1.5467E+09   1.6155E+09   1.7215E+09   1.7555E+09   1.7694E+09   1.8050E+09   1.7242E+09   1.9226E+05   0.0000E+00
   6.2347E+02   3.2796E+12   1.4060E+09   1.3721E+09   1.4494E+09   1.5773E+09   1.6089E+09   1.6149E+09   1.6632E+09   1.5720E+09   2.7739E+04   0.0000E+00
   6.6847E+02   3.2023E+12   1.2582E+09   1.2242E+09   1.3011E+09   1.4357E+09   1.4647E+09   1.4643E+09   1.5240E+09   1.4265E+09   4.0987E+03   0.0000E+00
   7.1671E+02   3.0980E+12   1.2505E+09   1.2125E+09   1.2934E+09   1.4438E+09   1.4699E+09   1.4619E+09   1.5413E+09   1.4288E+09   5.5068E+03   0.0000E+00
   7.6843E+02   2.6403E+12   1.5091E+09   1.4567E+09   1.5534E+09   1.7412E+09   1.7711E+09   1.7563E+09   1.8612E+09   1.7203E+09   1.0483E+04   0.0000E+00
   8.2389E+02   2.6475E+12   2.0711E+09   1.9950E+09   2.1179E+09   2.3613E+09   2.3997E+09   2.3800E+09   2.5215E+09   2.3348E+09   2.0839E+04   0.0000E+00
   8.8334E+02   2.4438E+12   2.7666E+09   2.6637E+09   2.8079E+09   3.1018E+09   3.1524E+09   3.1329E+09   3.3214E+09   3.0769E+09   3.9293E+04   0.0000E+00
   9.4709E+02   9.9364E+12   1.7644E+11   1.7187E+11   1.7583E+11   1.8651E+11   1.9096E+11   1.8997E+11   2.0275E+11   1.8798E+11   7.1707E+04   0.0000E+00
   1.0154E+03   1.1258E+13   4.0237E+11   3.9455E+11   3.9924E+11   4.1491E+11   4.2388E+11   4.2323E+11   4.5244E+11   4.2034E+11   3.8993E+05   0.0000E+00
   1.0887E+03   1.0957E+13   6.2624E+11   6.1634E+11   6.2054E+11   6.3594E+11   6.4579E+11   6.4849E+11   6.9129E+11   6.4511E+11   2.1977E+06   0.0000E+00
   1.1673E+03   9.6858E+12   6.4982E+11   6.4055E+11   6.4449E+11   6.6009E+11   6.7008E+11   6.7393E+11   7.1727E+11   6.6982E+11   1.2300E+07   0.0000E+00
   1.2515E+03   9.1858E+12   6.3328E+11   6.2403E+11   6.2759E+11   6.4368E+11   6.5395E+11   6.5836E+11   6.9950E+11   6.5343E+11   2.2397E+07   0.0000E+00
   1.3419E+03   8.5617E+12   6.9327E+11   6.8510E+11   6.8921E+11   7.0542E+11   7.1381E+11   7.2044E+11   7.6279E+11   7.1496E+11   2.3467E+07   0.0000E+00
   1.4387E+03   7.1932E+12   6.4570E+11   6.3864E+11   6.4236E+11   6.5710E+11   6.6463E+11   6.7131E+11   7.0943E+11   6.6591E+11   2.4322E+07   0.0000E+00
   1.5425E+03   5.0638E+12   5.5029E+11   5.4517E+11   5.4835E+11   5.5984E+11   5.6581E+11   5.7196E+11   6.0284E+11   5.6726E+11   2.5183E+07   0.0000E+00
   1.6538E+03   4.9688E+12   4.9984E+11   4.9475E+11   4.9753E+11   5.0900E+11   5.1461E+11   5.2032E+11   5.4758E+11   5.1559E+11   2.5951E+07   0.0000E+00
   1.7732E+03   4.3423E+12   4.7122E+11   4.6699E+11   4.6980E+11   4.8041E+11   4.8552E+11   4.9127E+11   5.1600E+11   4.8655E+11   2.6362E+07   0.0000E+00
   1.9012E+03   3.6157E+12   4.0668E+11   4.0335E+11   4.0587E+11   4.1475E+11   4.1909E+11   4.2421E+11   4.4543E+11   4.2009E+11   2.4061E+07   0.0000E+00
   2.0384E+03   3.1975E+12   3.5819E+11   3.5551E+11   3.5792E+11   3.6557E+11   3.6941E+11   3.7398E+11   3.9334E+11   3.7041E+11   6.0936E+06   0.0000E+00
   2.1855E+03   2.7580E+12   3.0715E+11   3.0495E+11   3.0713E+11   3.1356E+11   3.1687E+11   3.2073E+11   3.3760E+11   3.1775E+11   2.0417E+06   0.0000E+00
   2.3432E+03   2.2067E+12   2.6032E+11   2.5818E+11   2.5976E+11   2.6539E+11   2.6818E+11   2.7150E+11   2.8487E+11   2.6882E+11   6.1789E+06   0.0000E+00
   2.5123E+03   1.8519E+12   2.5389E+11   2.5203E+11   2.5368E+11   2.5945E+11   2.6191E+11   2.6529E+11   2.7688E+11   2.6243E+11   1.8951E+07   0.0000E+00
   2.6936E+03   1.6643E+12   2.5387E+11   2.5230E+11   2.5418E+11   2.6014E+11   2.6268E+11   2.6619E+11   2.7652E+11   2.6299E+11   5.0597E+07   0.0000E+00
   2.8880E+03   1.4313E+12   2.3750E+11   2.3621E+11   2.3815E+11   2.4376E+11   2.4623E+11   2.4955E+11   2.5843E+11   2.4637E+11   5.5960E+07   0.0000E+00
   3.0964E+03   1.2446E+12   2.2869E+11   2.2770E+11   2.2979E+11   2.3529E+11   2.3776E+11   2.4101E+11   2.4871E+11   2.3772E+11   6.1925E+07   0.0000E+00
   3.3199E+03   1.0821E+12   2.1247E+11   2.1168E+11   2.1382E+11   2.1906E+11   2.2149E+11   2.2450E+11   2.3097E+11   2.2127E+11   6.8799E+07   0.0000E+00
   3.5595E+03   9.5006E+11   2.0304E+11   2.0243E+11   2.0464E+11   2.0965E+11   2.1214E+11   2.1499E+11   2.2048E+11   2.1174E+11   7.6813E+07   0.0000E+00
   3.8163E+03   1.2174E+12   3.2399E+11   3.2348E+11   3.2705E+11   3.3458E+11   3.3796E+11   3.4259E+11   3.5097E+11   3.3763E+11   8.6280E+07   0.0000E+00
   4.0918E+03   1.0869E+12   3.0833E+11   3.0796E+11   3.1164E+11   3.1898E+11   3.2268E+11   3.2694E+11   3.3373E+11   3.2190E+11   9.8146E+07   0.0000E+00
   4.3870E+03   9.8431E+11   3.0738E+11   3.0728E+11   3.1127E+11   3.1869E+11   3.2264E+11   3.2678E+11   3.3251E+11   3.2154E+11   1.1409E+08   0.0000E+00
   4.7036E+03   8.7814E+11   2.8612E+11   2.8612E+11   2.9012E+11   2.9719E+11   3.0114E+11   3.0481E+11   3.0958E+11   2.9980E+11   1.1775E+08   0.0000E+00
   5.0431E+03   7.3875E+11   2.5169E+11   2.5179E+11   2.5553E+11   2.6185E+11   2.6558E+11   2.6863E+11   2.7232E+11   2.6413E+11   1.1965E+08   0.0000E+00
   5.4070E+03   6.3218E+11   2.2503E+11   2.2524E+11   2.2883E+11   2.3461E+11   2.3814E+11   2.4066E+11   2.4360E+11   2.3659E+11   1.2500E+08   0.0000E+00
   5.7973E+03   5.7413E+11   2.1305E+11   2.1335E+11   2.1702E+11   2.2265E+11   2.2625E+11   2.2845E+11   2.3083E+11   2.2450E+11   1.3435E+08   0.0000E+00
   6.2156E+03   4.8670E+11   1.8809E+11   1.8843E+11   1.9180E+11   1.9679E+11   2.0011E+11   2.0191E+11   2.0378E+11   1.9840E+11   1.4903E+08   0.0000E+00
   6.6642E+03   4.2806E+11   1.6957E+11   1.6997E+11   1.7321E+11   1.7780E+11   1.8090E+11   1.8239E+11   1.8397E+11   1.7922E+11   1.6114E+08   0.0000E+00
   7.1451E+03   3.7411E+11   1.5335E+11   1.5381E+11   1.5686E+11   1.6106E+11   1.6392E+11   1.6513E+11   1.6649E+11   1.6229E+11   1.7138E+08   0.0000E+00
   7.6608E+03   3.3417E+11   1.4055E+11   1.4108E+11   1.4407E+11   1.4802E+11   1.5072E+11   1.5168E+11   1.5288E+11   1.4910E+11   1.8699E+08   0.0000E+00
   8.2136E+03   2.9831E+11   1.2909E+11   1.2967E+11   1.3254E+11   1.3621E+11   1.3872E+11   1.3949E+11   1.4059E+11   1.3715E+11   2.0903E+08   0.0000E+00
   8.8064E+03   2.5049E+11   1.1157E+11   1.1213E+11   1.1467E+11   1.1784E+11   1.1999E+11   1.2057E+11   1.2155E+11   1.1861E+11   2.4021E+08   0.0000E+00
   9.4420E+03   2.3773E+11   1.0874E+11   1.0938E+11   1.1200E+11   1.1517E+11   1.1729E+11   1.1775E+11   1.1874E+11   1.1587E+11   2.5149E+08   9.2533E+08
   1.0123E+04   2.0764E+11   9.7411E+10   9.8052E+10   1.0051E+11   1.0337E+11   1.0531E+11   1.0563E+11   1.0649E+11   1.0397E+11   2.6410E+08   1.0381E+09
   1.0854E+04   1.7598E+11   8.5041E+10   8.5653E+10   8.7844E+10   9.0340E+10   9.2025E+10   9.2244E+10   9.2985E+10   9.0827E+10   2.8062E+08   1.1515E+09
   1.1637E+04   1.5145E+11   7.5644E+10   7.6222E+10   7.8192E+10   8.0382E+10   8.1883E+10   8.2036E+10   8.2661E+10   8.0801E+10   3.0243E+08   1.2620E+09
   1.2477E+04   1.2948E+11   6.6029E+10   6.6585E+10   6.8353E+10   7.0265E+10   7.1544E+10   7.1621E+10   7.2213E+10   7.0591E+10   3.1119E+08   1.3675E+09
   1.3377E+04   1.1267E+11   5.9532E+10   6.0053E+10   6.1643E+10   6.3325E+10   6.4458E+10   6.4499E+10   6.5011E+10   6.3602E+10   3.0747E+08   1.4557E+09
   1.4343E+04   9.8153E+10   5.3795E+10   5.4276E+10   5.5694E+10   5.7167E+10   5.8164E+10   5.8183E+10   5.8627E+10   5.7403E+10   3.0780E+08   1.5236E+09
   1.5378E+04   8.8186E+10   4.9343E+10   4.9815E+10   5.1135E+10   5.2475E+10   5.3353E+10   5.3336E+10   5.3775E+10   5.2661E+10   3.1577E+08   1.5741E+09
   1.6488E+04   7.8062E+10   4.5648E+10   4.6079E+10   4.7258E+10   4.8434E+10   4.9223E+10   4.9204E+10   4.9570E+10   4.8603E+10   3.1905E+08   1.6046E+09
   1.7678E+04   6.6215E+10   3.9982E+10   4.0362E+10   4.1372E+10   4.2360E+10   4.3022E+10   4.2993E+10   4.3305E+10   4.2496E+10   3.0807E+08   1.6076E+09
   1.8953E+04   5.1860E+10   3.2318E+10   3.2628E+10   3.3426E+10   3.4193E+10   3.4693E+10   3.4659E+10   3.4919E+10   3.4286E+10   3.0393E+08   1.5898E+09
   2.0321E+04   4.2498E+10   2.7630E+10   2.7888E+10   2.8535E+10   2.9149E+10   2.9556E+10   2.9528E+10   2.9730E+10   2.9226E+10   3.0850E+08   1.5557E+09
   2.1788E+04   3.3468E+10   2.2513E+10   2.2725E+10   2.3237E+10   2.3713E+10   2.4021E+10   2.3992E+10   2.4161E+10   2.3766E+10   3.2489E+08   1.5074E+09
   2.3360E+04   2.5775E+10   1.8484E+10   1.8643E+10   1.9022E+10   1.9373E+10   1.9611E+10   1.9595E+10   1.9708E+10   1.9420E+10   3.8820E+08   1.4487E+09
   2.5046E+04   1.7085E+10   1.2887E+10   1.3003E+10   1.3259E+10   1.3490E+10   1.3635E+10   1.3618E+10   1.3713E+10   1.3513E+10   4.8466E+08   1.3882E+09
   2.6854E+04   1.5146E+10   1.1965E+10   1.2072E+10   1.2298E+10   1.2498E+10   1.2620E+10   1.2603E+10   1.2690E+10   1.2515E+10   6.2542E+08   1.3322E+09
   2.8792E+04   1.2670E+10   1.0750E+10   1.0842E+10   1.1030E+10   1.1192E+10   1.1289E+10   1.1274E+10   1.1351E+10   1.1205E+10   8.3544E+08   1.2983E+09
   3.0869E+04   9.3428E+09   8.8469E+09   8.9298E+09   9.0813E+09   9.2064E+09   9.2667E+09   9.2507E+09   9.3313E+09   9.2082E+09   1.1555E+09   1.4249E+09
   3.3097E+04   7.4464E+09   2.3856E+10   2.4128E+10   2.4632E+10   2.5020E+10   2.5131E+10   2.5044E+10   2.5373E+10   2.4972E+10   1.6511E+09   2.2871E+10
   3.5486E+04   6.1061E+09   7.9956E+09   8.0698E+09   8.1824E+09   8.2689E+09   8.2809E+09   8.2650E+09   8.3625E+09   8.2552E+09   2.4218E+09   1.3018E+09
   3.8047E+04   4.4945E+09   7.6109E+09   7.6846E+09   7.7841E+09   7.8563E+09   7.8460E+09   7.8280E+09   7.9390E+09   7.8342E+09   3.3441E+09   1.1414E+09
   4.0792E+04   3.6125E+09   8.2634E+09   8.3423E+09   8.4403E+09   8.5085E+09   8.4801E+09   8.4591E+09   8.5906E+09   8.4780E+09   4.6172E+09   1.1286E+09
   4.3736E+04   2.6463E+09   9.3492E+09   9.4369E+09   9.5387E+09   9.6069E+09   9.5569E+09   9.5310E+09   9.6921E+09   9.5651E+09   6.3748E+09   1.2006E+09
   4.6893E+04   1.9337E+09   1.1345E+10   1.1446E+10   1.1560E+10   1.1635E+10   1.1561E+10   1.1528E+10   1.1729E+10   1.1579E+10   8.8005E+09   1.3654E+09
   5.0277E+04   1.5254E+09   1.4585E+10   1.4706E+10   1.4842E+10   1.4931E+10   1.4828E+10   1.4786E+10   1.5040E+10   1.4856E+10   1.2082E+10   1.7140E+09
   5.3905E+04   1.2054E+09   1.7506E+10   1.7639E+10   1.7791E+10   1.7891E+10   1.7776E+10   1.7728E+10   1.8012E+10   1.7807E+10   1.4511E+10   2.5755E+09
   5.7795E+04   9.6269E+08   2.2606E+10   2.2763E+10   2.2954E+10   2.3082E+10   2.2963E+10   2.2905E+10   2.3228E+10   2.2988E+10   1.6764E+10   6.0540E+09
   6.1966E+04   7.5374E+08   5.2835E+10   5.3182E+10   5.3711E+10   5.4086E+10   5.4019E+10   5.3897E+10   5.4436E+10   5.3949E+10   1.8427E+10   3.9163E+10
   6.6438E+04   5.7622E+08   2.9022E+10   2.9197E+10   2.9420E+10   2.9570E+10   2.9444E+10   2.9378E+10   2.9733E+10   2.9467E+10   2.0322E+10   9.5544E+09
   7.1233E+04   4.4249E+08   3.5548E+10   3.5752E+10   3.6026E+10   3.6213E+10   3.6096E+10   3.6020E+10   3.6407E+10   3.6105E+10   2.1416E+10   1.5752E+10
   7.6374E+04   3.4175E+08   6.6174E+10   6.6642E+10   6.7373E+10   6.7893E+10   6.7831E+10   6.7666E+10   6.8369E+10   6.7718E+10   2.0936E+10   5.2783E+10
   8.1885E+04   2.6440E+08   3.5189E+10   3.5601E+10   3.6164E+10   3.6552E+10   3.6374E+10   3.6235E+10   3.6961E+10   3.6356E+10   1.8222E+10   2.2134E+10
   8.7795E+04   2.0581E+08   2.3783E+10   2.4218E+10   2.4746E+10   2.5089E+10   2.4861E+10   2.4752E+10   2.5535E+10   2.4891E+10   1.4589E+10   1.4435E+10
   9.4131E+04   1.5953E+08   1.4166E+10   1.4496E+10   1.4784E+10   1.4908E+10   1.4660E+10   1.4649E+10   1.5251E+10   1.4779E+10   1.2081E+10   4.1735E+09
   1.0092E+05   1.2339E+08   1.4693E+10   1.5017E+10   1.5290E+10   1.5408E+10   1.5133E+10   1.5109E+10   1.5729E+10   1.5263E+10   1.3435E+10   2.6703E+09
   1.0821E+05   9.1824E+07   1.7670E+10   1.7998E+10   1.8312E+10   1.8479E+10   1.8202E+10   1.8142E+10   1.8796E+10   1.8310E+10   1.5472E+10   3.8986E+09
   1.1602E+05   6.8382E+07   2.1711E+10   2.2026E+10   2.2373E+10   2.2582E+10   2.2341E+10   2.2258E+10   2.2886E+10   2.2412E+10   1.7121E+10   6.7917E+09
   1.2439E+05   5.0959E+07   2.0665E+10   2.0896E+10   2.1149E+10   2.1300E+10   2.1095E+10   2.1027E+10   2.1518E+10   2.1161E+10   1.7851E+10   3.9681E+09
   1.3337E+05   3.8000E+07   1.9040E+10   1.9203E+10   1.9377E+10   1.9480E+10   1.9322E+10   1.9272E+10   1.9633E+10   1.9377E+10   1.7728E+10   1.8688E+09
   1.4299E+05   2.8355E+07   1.7647E+10   1.7778E+10   1.7918E+10   1.7998E+10   1.7866E+10   1.7826E+10   1.8122E+10   1.7914E+10   1.7068E+10   9.3317E+08
   1.5331E+05   2.1171E+07   1.6932E+10   1.7073E+10   1.7219E+10   1.7299E+10   1.7161E+10   1.7122E+10   1.7434E+10   1.7213E+10   1.6473E+10   8.3344E+08
   1.6437E+05   1.5817E+07   2.2802E+10   2.3020E+10   2.3289E+10   2.3454E+10   2.3328E+10   2.3269E+10   2.3673E+10   2.3351E+10   1.5882E+10   8.8632E+09
   1.7624E+05   1.1824E+07   1.6202E+10   1.6376E+10   1.6547E+10   1.6633E+10   1.6482E+10   1.6448E+10   1.6806E+10   1.6543E+10   1.5388E+10   1.3874E+09
   1.8895E+05   8.8447E+06   1.5875E+10   1.6044E+10   1.6211E+10   1.6293E+10   1.6152E+10   1.6124E+10   1.6465E+10   1.6210E+10   1.4887E+10   1.5971E+09
   2.0259E+05   6.6357E+06   1.5920E+10   1.6071E+10   1.6227E+10   1.6305E+10   1.6189E+10   1.6163E+10   1.6461E+10   1.6235E+10   1.4335E+10   2.2519E+09
   2.1721E+05   5.0329E+06   1.7164E+10   1.7306E+10   1.7467E+10   1.7555E+10   1.7466E+10   1.7439E+10   1.7704E+10   1.7494E+10   1.3690E+10   4.4221E+09
   2.3289E+05   3.8173E+06   1.5692E+10   1.5806E+10   1.5935E+10   1.6002E+10   1.5927E+10   1.5906E+10   1.6123E+10   1.5953E+10   1.3028E+10   3.3421E+09
   2.4969E+05   2.8953E+06   1.3922E+10   1.4012E+10   1.4110E+10   1.4158E+10   1.4094E+10   1.4079E+10   1.4255E+10   1.4119E+10   1.2331E+10   2.0185E+09
   2.6771E+05   2.1960E+06   1.3299E+10   1.3376E+10   1.3462E+10   1.3507E+10   1.3453E+10   1.3438E+10   1.3589E+10   1.3473E+10   1.1500E+10   2.2030E+09
   2.8703E+05   1.6656E+06   1.2869E+10   1.2935E+10   1.3014E+10   1.3056E+10   1.3010E+10   1.2996E+10   1.3127E+10   1.3026E+10   1.0701E+10   2.5696E+09
   3.0775E+05   1.2633E+06   1.2601E+10   1.2659E+10   1.2731E+10   1.2771E+10   1.2733E+10   1.2719E+10   1.2834E+10   1.2745E+10   9.9527E+09   3.0580E+09
   3.2996E+05   9.5821E+05   1.2505E+10   1.2556E+10   1.2624E+10   1.2663E+10   1.2631E+10   1.2618E+10   1.2719E+10   1.2640E+10   9.2538E+09   3.6761E+09
   3.5377E+05   7.2678E+05   1.2581E+10   1.2627E+10   1.2691E+10   1.2730E+10   1.2703E+10   1.2691E+10   1.2780E+10   1.2709E+10   8.6019E+09   4.4224E+09
   3.7930E+05   5.5124E+05   1.2786E+10   1.2828E+10   1.2889E+10   1.2927E+10   1.2905E+10   1.2893E+10   1.2973E+10   1.2908E+10   7.9925E+09   5.2510E+09
   4.0667E+05   4.1794E+05   1.2999E+10   1.3038E+10   1.3096E+10   1.3133E+10   1.3114E+10   1.3101E+10   1.3173E+10   1.3115E+10   7.3812E+09   6.0770E+09
   4.3602E+05   3.1647E+05   1.3220E+10   1.3255E+10   1.3309E+10   1.3344E+10   1.3328E+10   1.3316E+10   1.3380E+10   1.3328E+10   6.8354E+09   6.8303E+09
   4.6749E+05   2.3963E+05   1.3373E+10   1.3404E+10   1.3452E+10   1.3485E+10   1.3472E+10   1.3460E+10   1.3516E+10   1.3471E+10   6.3463E+09   7.4443E+09
   5.0123E+05   1.8145E+05   1.3393E+10   1.3420E+10   1.3463E+10   1.3493E+10   1.3481E+10   1.3470E+10   1.3520E+10   1.3480E+10   5.9069E+09   7.8650E+09
   5.3740E+05   1.3740E+05   1.3235E+10   1.3258E+10   1.3295E+10   1.3321E+10   1.3311E+10   1.3302E+10   1.3344E+10   1.3311E+10   5.5112E+09   8.0556E+09
   5.7618E+05   1.0404E+05   1.2888E+10   1.2907E+10   1.2938E+10   1.2960E+10   1.2951E+10   1.2943E+10   1.2979E+10   1.2951E+10   5.1538E+09   8.0152E+09
   6.1776E+05   7.8753E+04   1.2319E+10   1.2334E+10   1.2360E+10   1.2378E+10   1.2371E+10   1.2364E+10   1.2393E+10   1.2371E+10   4.7919E+09   7.7582E+09
   6.6235E+05   5.9588E+04   1.1541E+10   1.1554E+10   1.1574E+10   1.1588E+10   1.1583E+10   1.1577E+10   1.1601E+10   1.1583E+10   4.4118E+09   7.3144E+09
   7.1015E+05   4.5088E+04   1.0654E+10   1.0664E+10   1.0680E+10   1.0692E+10   1.0687E+10   1.0683E+10   1.0701E+10   1.0688E+10   4.0648E+09   6.7343E+09
   7.6140E+05   3.4116E+04   9.6978E+09   9.7055E+09   9.7177E+09   9.7266E+09   9.7229E+09   9.7196E+09   9.7342E+09   9.7239E+09   3.7475E+09   6.0608E+09
   8.1635E+05   2.5810E+04   8.7149E+09   8.7208E+09   8.7301E+09   8.7369E+09   8.7339E+09   8.7314E+09   8.7428E+09   8.7350E+09   3.4571E+09   5.3405E+09
   8.7526E+05   1.9521E+04   7.6348E+09   7.6392E+09   7.6461E+09   7.6512E+09   7.6488E+09   7.6470E+09   7.6556E+09   7.6500E+09   3.0778E+09   4.6177E+09
   9.3842E+05   1.4764E+04   6.5206E+09   6.5238E+09   6.5288E+09   6.5325E+09   6.5308E+09   6.5294E+09   6.5357E+09   6.5318E+09   2.6419E+09   3.9224E+09
   1.0061E+06   1.1166E+04   5.5129E+09   5.5152E+09   5.5188E+09   5.5215E+09   5.5202E+09   5.5192E+09   5.5238E+09   5.5211E+09   2.2683E+09   3.2756E+09
   1.0788E+06   8.4431E+03   4.6206E+09   4.6223E+09   4.6249E+09   4.6268E+09   4.6259E+09   4.6251E+09   4.6285E+09   4.6267E+09   1.9480E+09   2.6945E+09
   1.1566E+06   6.3841E+03   3.8505E+09   3.8517E+09   3.8536E+09   3.8550E+09   3.8543E+09   3.8537E+09   3.8562E+09   3.8550E+09   1.6734E+09   2.1925E+09
   1.2401E+06   4.8267E+03   3.1283E+09   3.1292E+09   3.1305E+09   3.1314E+09   3.1309E+09   3.1306E+09   3.1323E+09   3.1315E+09   1.3726E+09   1.7664E+09
   1.3296E+06   3.6488E+03   2.4926E+09   2.4932E+09   2.4941E+09   2.4947E+09   2.4944E+09   2.4942E+09   2.4954E+09   2.4949E+09   1.0822E+09   1.4178E+09
   1.4255E+06   2.7583E+03   1.9624E+09   1.9628E+09   1.9634E+09   1.9638E+09   1.9636E+09   1.9634E+09   1.9642E+09   1.9640E+09   8.5346E+08   1.1139E+09
   1.5284E+06   2.0848E+03   1.5157E+09   1.5160E+09   1.5164E+09   1.5167E+09   1.5165E+09   1.5164E+09   1.5169E+09   1.5168E+09   6.7322E+08   8.4574E+08
   1.6387E+06   1.5758E+03   1.1669E+09   1.1671E+09   1.1674E+09   1.1676E+09   1.1675E+09   1.1674E+09   1.1677E+09   1.1677E+09   5.3110E+08   6.3793E+08
   1.7570E+06   1.1911E+03   8.9599E+08   8.9611E+08   8.9628E+08   8.9641E+08   8.9634E+08   8.9629E+08   8.9653E+08   8.9652E+08   4.1905E+08   4.7831E+08
   1.8838E+06   9.0027E+02   6.8632E+08   6.8639E+08   6.8651E+08   6.8660E+08   6.8655E+08   6.8651E+08   6.8668E+08   6.8669E+08   3.3069E+08   3.5652E+08
   2.0197E+06   6.8047E+02   5.0689E+08   5.0694E+08   5.0701E+08   5.0707E+08   5.0704E+08   5.0702E+08   5.0712E+08   5.0714E+08   2.4398E+08   2.6348E+08
   2.1655E+06   5.1434E+02   3.7221E+08   3.7224E+08   3.7229E+08   3.7232E+08   3.7230E+08   3.7229E+08   3.7235E+08   3.7238E+08   1.7911E+08   1.9346E+08
   2.3217E+06   3.8876E+02   2.7228E+08   2.7230E+08   2.7233E+08   2.7235E+08   2.7234E+08   2.7233E+08   2.7237E+08   2.7239E+08   1.3150E+08   1.4101E+08
   2.4893E+06   2.9384E+02   1.9850E+08   1.9851E+08   1.9853E+08   1.9855E+08   1.9854E+08   1.9853E+08   1.9856E+08   1.9858E+08   9.6549E+07   1.0210E+08
   2.6689E+06   2.2210E+02   1.4424E+08   1.4425E+08   1.4426E+08   1.4427E+08   1.4427E+08   1.4426E+08   1.4428E+08   1.4430E+08   7.0893E+07   7.3445E+07
   2.8616E+06   1.6788E+02   1.0449E+08   1.0449E+08   1.0450E+08   1.0451E+08   1.0450E+08   1.0450E+08   1.0451E+08   1.0453E+08   5.2059E+07   5.2491E+07
   3.0681E+06   1.2689E+02   7.4973E+07   7.4976E+07   7.4980E+07   7.4984E+07   7.4982E+07   7.4980E+07   7.4987E+07   7.4997E+07   3.7683E+07   3.7328E+07
   3.2895E+06   9.5911E+01   5.2857E+07   5.2859E+07   5.2862E+07   5.2864E+07   5.2863E+07   5.2862E+07   5.2866E+07   5.2873E+07   2.6460E+07   2.6421E+07
   3.5269E+06   7.2494E+01   3.7170E+07   3.7171E+07   3.7173E+07   3.7174E+07   3.7173E+07   3.7173E+07   3.7175E+07   3.7181E+07   1.8580E+07   1.8605E+07
   3.7814E+06   5.4795E+01   2.6080E+07   2.6080E+07   2.6081E+07   2.6082E+07   2.6082E+07   2.6081E+07   2.6083E+07   2.6087E+07   1.3047E+07   1.3042E+07
   4.0543E+06   4.1417E+01   1.8264E+07   1.8264E+07   1.8265E+07   1.8265E+07   1.8265E+07   1.8265E+07   1.8266E+07   1.8269E+07   9.1618E+06   9.1078E+06
   4.3469E+06   3.1305E+01   1.2765E+07   1.2766E+07   1.2766E+07   1.2766E+07   1.2766E+07   1.2766E+07   1.2767E+07   1.2769E+07   6.4337E+06   6.3354E+06
   4.6606E+06   2.3663E+01   8.9074E+06   8.9075E+06   8.9078E+06   8.9079E+06   8.9078E+06   8.9078E+06   8.9081E+06   8.9096E+06   4.5181E+06   4.3916E+06
   4.9969E+06   1.7886E+01   6.1172E+06   6.1173E+06   6.1175E+06   6.1176E+06   6.1175E+06   6.1175E+06   6.1177E+06   6.1188E+06   3.0850E+06   3.0337E+06
   5.3576E+06   1.3519E+01   4.1714E+06   4.1714E+06   4.1715E+06   4.1716E+06   4.1715E+06   4.1715E+06   4.1716E+06   4.1724E+06   2.0828E+06   2.0895E+06
   5.7442E+06   1.0218E+01   2.8409E+06   2.8409E+06   2.8410E+06   2.8410E+06   2.8410E+06   2.8410E+06   2.8410E+06   2.8415E+06   1.4062E+06   1.4353E+06
   6.1587E+06   7.7237E+00   1.9326E+06   1.9326E+06   1.9326E+06   1.9326E+06   1.9326E+06   1.9326E+06   1.9327E+06   1.9330E+06   9.4934E+05   9.8361E+05
   6.6032E+06   5.8381E+00   1.3129E+06   1.3129E+06   1.3129E+06   1.3129E+06   1.3129E+06   1.3129E+06   1.3129E+06   1.3132E+06   6.4093E+05   6.7220E+05
   7.0797E+06   4.4128E+00   8.9098E+05   8.9099E+05   8.9100E+05   8.9101E+05   8.9100E+05   8.9100E+05   8.9101E+05   8.9118E+05   4.3271E+05   4.5842E+05
   7.5907E+06   3.3354E+00   6.0410E+05   6.0411E+05   6.0411E+05   6.0412E+05   6.0412E+05   6.0411E+05   6.0412E+05   6.0424E+05   2.9214E+05   3.1206E+05
   8.1385E+06   2.5211E+00   4.0916E+05   4.0916E+05   4.0917E+05   4.0917E+05   4.0917E+05   4.0917E+05   4.0917E+05   4.0925E+05   1.9723E+05   2.1199E+05
   8.7258E+06   1.9056E+00   2.7689E+05   2.7689E+05   2.7690E+05   2.7690E+05   2.7690E+05   2.7690E+05   2.7690E+05   2.7695E+05   1.3316E+05   1.4377E+05
   9.3555E+06   1.4404E+00   1.8721E+05   1.8721E+05   1.8722E+05   1.8722E+05   1.8722E+05   1.8722E+05   1.8722E+05   1.8725E+05   8.9899E+04   9.7339E+04
   1.0031E+07   1.0888E+00   1.2648E+05   1.2648E+05   1.2648E+05   1.2648E+05   1.2648E+05   1.2648E+05   1.2648E+05   1.2650E+05   6.0695E+04   6.5797E+04
   1.0755E+07   8.2295E-01   8.5378E+04   8.5378E+04   8.5379E+04   8.5379E+04   8.5379E+04   8.5379E+04   8.5379E+04   8.5396E+04   4.0977E+04   4.4411E+04
   1.1531E+07   6.2204E-01   5.7595E+04   5.7595E+04   5.7595E+04   5.7595E+04   5.7595E+04   5.7595E+04   5.7595E+04   5.7607E+04   2.7666E+04   2.9936E+04
   1.2363E+07   4.7018E-01   3.8827E+04   3.8827E+04   3.8828E+04   3.8828E+04   3.8828E+04   3.8828E+04   3.8828E+04   3.8835E+04   1.8678E+04   2.0153E+04
   1.3255E+07   3.5540E-01   2.6160E+04   2.6160E+04   2.6160E+04   2.6160E+04   2.6160E+04   2.6160E+04   2.6160E+04   2.6166E+04   1.2611E+04   1.3552E+04
   1.4212E+07   2.6863E-01   1.7616E+04   1.7616E+04   1.7616E+04   1.7616E+04   1.7616E+04   1.7616E+04   1.7616E+04   1.7620E+04   8.5141E+03   9.1037E+03
   1.5237E+07   2.0305E-01   1.1857E+04   1.1857E+04   1.1857E+04   1.1857E+04   1.1857E+04   1.1857E+04   1.1857E+04   1.1859E+04   5.7484E+03   6.1097E+03
   1.6337E+07   1.5348E-01   7.9769E+03   7.9769E+03   7.9769E+03   7.9769E+03   7.9769E+03   7.9769E+03   7.9770E+03   7.9786E+03   3.8810E+03   4.0966E+03
   1.7516E+07   1.1601E-01   5.3645E+03   5.3645E+03   5.3645E+03   5.3645E+03   5.3645E+03   5.3645E+03   5.3645E+03   5.3656E+03   2.6203E+03   2.7447E+03
   1.8780E+07   8.7690E-02   3.6063E+03   3.6063E+03   3.6064E+03   3.6064E+03   3.6064E+03   3.6064E+03   3.6064E+03   3.6071E+03   1.7691E+03   1.8375E+03
   2.0135E+07   6.6282E-02   2.4025E+03   2.4025E+03   2.4025E+03   2.4025E+03   2.4025E+03   2.4025E+03   2.4025E+03   2.4030E+03   1.1733E+03   1.2294E+03
   2.1588E+07   5.0101E-02   1.5982E+03   1.5982E+03   1.5982E+03   1.5982E+03   1.5982E+03   1.5982E+03   1.5982E+03   1.5986E+03   7.7639E+02   8.2198E+02
   2.3146E+07   3.7870E-02   1.0630E+03   1.0630E+03   1.0630E+03   1.0630E+03   1.0630E+03   1.0630E+03   1.0630E+03   1.0632E+03   5.1374E+02   5.4930E+02
   2.4817E+07   2.8625E-02   7.0679E+02   7.0679E+02   7.0679E+02   7.0679E+02   7.0679E+02   7.0679E+02   7.0679E+02   7.0693E+02   3.3994E+02   3.6689E+02
   2.6608E+07   2.1637E-02   4.6986E+02   4.6986E+02   4.6986E+02   4.6986E+02   4.6986E+02   4.6986E+02   4.6986E+02   4.6996E+02   2.2494E+02   2.4495E+02
   2.8528E+07   1.6355E-02   3.1229E+02   3.1229E+02   3.1229E+02   3.1229E+02   3.1229E+02   3.1229E+02   3.1229E+02   3.1236E+02   1.4884E+02   1.6347E+02
   3.0587E+07   1.2362E-02   2.0753E+02   2.0753E+02   2.0753E+02   2.0753E+02   2.0753E+02   2.0753E+02   2.0753E+02   2.0757E+02   9.8490E+01   1.0905E+02
   3.2794E+07   9.3444E-03   1.3789E+02   1.3789E+02   1.3789E+02   1.3789E+02   1.3789E+02   1.3789E+02   1.3789E+02   1.3792E+02   6.5171E+01   7.2726E+01
   3.5161E+07   7.0633E-03   9.1610E+01   9.1610E+01   9.1610E+01   9.1610E+01   9.1610E+01   9.1610E+01   9.1610E+01   9.1628E+01   4.3124E+01   4.8488E+01
   3.7698E+07   5.3390E-03   6.0854E+01   6.0854E+01   6.0854E+01   6.0854E+01   6.0854E+01   6.0854E+01   6.0854E+01   6.0867E+01   2.8535E+01   3.2320E+01
   4.0419E+07   4.0357E-03   4.0421E+01   4.0421E+01   4.0421E+01   4.0421E+01   4.0421E+01   4.0421E+01   4.0421E+01   4.0429E+01   1.8882E+01   2.1539E+01
   4.3336E+07   3.0505E-03   2.6846E+01   2.6846E+01   2.6846E+01   2.6846E+01   2.6846E+01   2.6846E+01   2.6846E+01   2.6851E+01   1.2494E+01   1.4351E+01
   4.6463E+07   2.3058E-03   1.7829E+01   1.7829E+01   1.7829E+01   1.7829E+01   1.7829E+01   1.7829E+01   1.7829E+01   1.7832E+01   8.2674E+00   9.5609E+00
   4.9817E+07   1.7429E-03   1.1840E+01   1.1840E+01   1.1840E+01   1.1840E+01   1.1840E+01   1.1840E+01   1.1840E+01   1.1842E+01   5.4706E+00   6.3688E+00
   5.3412E+07   1.3174E-03   7.8625E+00   7.8625E+00   7.8625E+00   7.8625E+00   7.8625E+00   7.8625E+00   7.8625E+00   7.8641E+00   3.6199E+00   4.2421E+00
   5.7266E+07   9.9582E-04   5.2211E+00   5.2211E+00   5.2211E+00   5.2211E+00   5.2211E+00   5.2211E+00   5.2211E+00   5.2222E+00   2.3953E+00   2.8254E+00
   6.1399E+07   7.5273E-04   3.4671E+00   3.4671E+00   3.4671E+00   3.4671E+00   3.4671E+00   3.4671E+00   3.4671E+00   3.4678E+00   1.5850E+00   1.8817E+00
   6.5830E+07   5.6898E-04   2.3023E+00   2.3023E+00   2.3023E+00   2.3023E+00   2.3023E+00   2.3023E+00   2.3023E+00   2.3028E+00   1.0488E+00   1.2532E+00
   7.0581E+07   4.3008E-04   1.5289E+00   1.5289E+00   1.5289E+00   1.5289E+00   1.5289E+00   1.5289E+00   1.5289E+00   1.5292E+00   6.9399E-01   8.3466E-01
   7.5675E+07   3.2509E-04   1.0153E+00   1.0153E+00   1.0153E+00   1.0153E+00   1.0153E+00   1.0153E+00   1.0153E+00   1.0155E+00   4.5921E-01   5.5591E-01
   8.1136E+07   2.4573E-04   6.7430E-01   6.7430E-01   6.7430E-01   6.7430E-01   6.7430E-01   6.7430E-01   6.7430E-01   6.7444E-01   3.0386E-01   3.7028E-01
   8.6991E+07   1.8575E-04   4.4784E-01   4.4784E-01   4.4784E-01   4.4784E-01   4.4784E-01   4.4784E-01   4.4784E-01   4.4793E-01   2.0107E-01   2.4665E-01
   9.3269E+07   1.4041E-04   2.9746E-01   2.9746E-01   2.9746E-01   2.9746E-01   2.9746E-01   2.9746E-01   2.9746E-01   2.9752E-01   1.3305E-01   1.6431E-01
   1.0000E+08   1.0613E-04   1.9759E-01   1.9759E-01   1.9759E-01   1.9759E-01   1.9759E-01   1.9759E-01   1.9759E-01   1.9763E-01   8.8038E-02   1.0947E-01
