 (1): Wavelength (A) 
 (2): Intrinsic SED (1e30 erg/s/A)
 (3 - 9): SED at angles [   0.0000000      0.26183301      0.52366602      0.78549999       1.0473300       1.3091700       1.5710000     ] (1e30 erg/s/A)
 (10): Angle averaged SED (1e30 erg/s/A)
 (11): Molecular cloud emission (1e30 erg/s/A)
 (12): Cirrus emission (1e30 erg/s/A)
  
            1            2            3            4            5            6            7            8            9           10           11           12
   9.5000E+01   2.3046E+14   4.1283E+12   4.0112E+12   3.3888E+12   6.4804E+12   5.7802E+12   3.8934E+12   1.0976E+13   5.6541E+12   1.0894E+09   0.0000E+00
   1.0186E+02   2.3577E+14   3.7028E+12   3.6235E+12   3.0978E+12   6.0694E+12   5.3536E+12   3.6665E+12   1.0653E+13   5.3137E+12   9.2683E+08   0.0000E+00
   1.0921E+02   2.3578E+14   3.7073E+12   3.6276E+12   3.1010E+12   6.0742E+12   5.3584E+12   3.6693E+12   1.0658E+13   5.3178E+12   7.9436E+08   0.0000E+00
   1.1709E+02   2.3579E+14   3.4616E+12   3.3997E+12   2.9260E+12   5.8115E+12   5.0916E+12   3.5177E+12   1.0384E+13   5.0944E+12   6.7880E+08   0.0000E+00
   1.2554E+02   2.4131E+14   2.9961E+12   2.9773E+12   2.5957E+12   5.2936E+12   4.5974E+12   3.2657E+12   9.9246E+12   4.6873E+12   5.7766E+08   0.0000E+00
   1.3460E+02   2.4131E+14   2.6806E+12   2.6833E+12   2.3572E+12   4.8700E+12   4.2106E+12   3.0680E+12   9.4641E+12   4.3581E+12   4.9330E+08   0.0000E+00
   1.4431E+02   2.4136E+14   2.3401E+12   2.3636E+12   2.0976E+12   4.4053E+12   3.7848E+12   2.8515E+12   8.9467E+12   3.9957E+12   4.2100E+08   0.0000E+00
   1.5473E+02   2.4486E+14   1.9970E+12   2.0400E+12   1.8367E+12   3.9447E+12   3.3566E+12   2.6467E+12   8.4750E+12   3.6418E+12   3.5888E+08   0.0000E+00
   1.6589E+02   2.4700E+14   1.6967E+12   1.7524E+12   1.6031E+12   3.5282E+12   2.9672E+12   2.4551E+12   8.0156E+12   3.3162E+12   3.0610E+08   0.0000E+00
   1.7786E+02   2.4700E+14   1.4218E+12   1.4842E+12   1.3831E+12   3.1309E+12   2.5940E+12   2.2607E+12   7.5312E+12   2.9974E+12   2.6115E+08   0.0000E+00
   1.9070E+02   2.4701E+14   1.2158E+12   1.2800E+12   1.2149E+12   2.8300E+12   2.3063E+12   2.1077E+12   7.1543E+12   2.7518E+12   2.2311E+08   0.0000E+00
   2.0446E+02   2.5088E+14   1.1043E+12   1.1688E+12   1.1256E+12   2.6837E+12   2.1561E+12   2.0395E+12   7.0231E+12   2.6364E+12   1.9109E+08   0.0000E+00
   2.1922E+02   2.5276E+14   9.1516E+11   9.7601E+11   9.6748E+11   2.4222E+12   1.8846E+12   1.8928E+12   6.7084E+12   2.4137E+12   1.6309E+08   0.0000E+00
   2.3504E+02   2.5324E+14   7.7364E+11   8.2845E+11   8.4806E+11   2.2348E+12   1.6698E+12   1.7681E+12   6.4487E+12   2.2387E+12   1.3931E+08   0.0000E+00
   2.5200E+02   2.5517E+14   6.0237E+11   6.6194E+11   6.9367E+11   1.8688E+12   1.3773E+12   1.6178E+12   5.9040E+12   1.9639E+12   1.1881E+08   0.0000E+00
   2.7019E+02   2.6013E+14   4.6656E+11   5.2733E+11   5.6754E+11   1.5675E+12   1.1359E+12   1.4975E+12   5.4697E+12   1.7407E+12   1.0133E+08   0.0000E+00
   2.8969E+02   2.6005E+14   3.5159E+11   4.0868E+11   4.5337E+11   1.2903E+12   9.1589E+11   1.3636E+12   4.9944E+12   1.5210E+12   8.6471E+07   0.0000E+00
   3.1059E+02   2.5975E+14   2.6306E+11   3.1394E+11   3.6048E+11   1.0638E+12   7.3599E+11   1.2436E+12   4.5822E+12   1.3359E+12   6.4511E+07   0.0000E+00
   3.3301E+02   2.6605E+14   2.0128E+11   2.4566E+11   2.9324E+11   9.0732E+11   6.0719E+11   1.1630E+12   4.3405E+12   1.2127E+12   4.2088E+07   0.0000E+00
   3.5704E+02   2.6607E+14   1.5099E+11   1.8712E+11   2.3350E+11   7.7240E+11   4.9346E+11   1.0643E+12   4.0694E+12   1.0902E+12   2.7530E+07   0.0000E+00
   3.8280E+02   2.6609E+14   1.5563E+11   1.9303E+11   2.3964E+11   7.8765E+11   5.0664E+11   1.0764E+12   4.1024E+12   1.1045E+12   1.8303E+07   0.0000E+00
   4.1043E+02   2.7132E+14   1.4235E+11   1.7766E+11   2.2462E+11   7.6207E+11   4.8018E+11   1.0623E+12   4.0961E+12   1.0863E+12   1.2120E+07   0.0000E+00
   4.4005E+02   2.7240E+14   9.7654E+10   1.2422E+11   1.6965E+11   6.6463E+11   3.6962E+11   9.5087E+11   3.9029E+12   9.7938E+11   7.9530E+06   0.0000E+00
   4.7181E+02   2.7748E+14   5.7377E+10   7.6465E+10   1.1358E+11   4.9640E+11   2.4040E+11   8.3154E+11   3.5275E+12   8.3005E+11   5.2031E+06   0.0000E+00
   5.0586E+02   2.7853E+14   3.1187E+10   4.3493E+10   6.9288E+10   3.1871E+11   1.4435E+11   7.0336E+11   3.0066E+12   6.6813E+11   9.8986E+05   0.0000E+00
   5.4236E+02   2.7874E+14   1.7778E+10   2.3918E+10   4.0806E+10   2.3253E+11   8.2386E+10   5.7155E+11   2.6960E+12   5.6008E+11   1.6409E+05   0.0000E+00
   5.8151E+02   2.7900E+14   9.3602E+09   1.1479E+10   1.8091E+10   8.9861E+10   3.6394E+10   4.0860E+11   1.9396E+12   3.8109E+11   2.7112E+04   0.0000E+00
   6.2347E+02   2.7336E+14   6.8742E+09   7.1563E+09   7.9813E+09   1.4591E+10   1.0076E+10   1.9822E+11   1.1846E+12   2.0945E+11   4.3017E+03   0.0000E+00
   6.6847E+02   2.7257E+14   6.3899E+09   6.5354E+09   6.5576E+09   7.8518E+09   6.6634E+09   1.0399E+11   9.1522E+11   1.4878E+11   6.9263E+02   0.0000E+00
   7.1671E+02   2.6688E+14   6.3918E+09   6.5611E+09   6.4502E+09   6.7929E+09   6.2383E+09   6.7181E+10   7.4266E+11   1.1694E+11   1.1892E+03   0.0000E+00
   7.6843E+02   2.6350E+14   6.8472E+09   7.1220E+09   7.0621E+09   7.8320E+09   6.9836E+09   9.6370E+10   8.4670E+11   1.3819E+11   2.6757E+03   0.0000E+00
   8.2389E+02   2.6569E+14   8.1184E+09   8.5810E+09   8.9506E+09   1.2795E+10   9.8903E+09   1.6581E+11   1.0718E+12   1.8661E+11   6.1545E+03   0.0000E+00
   8.8334E+02   2.6870E+14   9.6659E+09   1.0497E+10   1.1705E+10   2.3797E+10   1.5181E+10   2.3323E+11   1.2748E+12   2.3346E+11   1.3768E+04   0.0000E+00
   9.4709E+02   2.8372E+14   4.1587E+11   4.3913E+11   4.3542E+11   4.5985E+11   4.3065E+11   6.9052E+11   1.8802E+12   6.8961E+11   3.0295E+04   0.0000E+00
   1.0154E+03   3.0112E+14   8.5518E+11   8.9309E+11   8.9463E+11   9.4419E+11   8.9855E+11   1.2344E+12   2.6632E+12   1.2179E+12   2.0720E+05   0.0000E+00
   1.0887E+03   3.1131E+14   1.2239E+12   1.2664E+12   1.2760E+12   1.3994E+12   1.3006E+12   1.7344E+12   3.5942E+12   1.7175E+12   1.4723E+06   0.0000E+00
   1.1673E+03   3.1404E+14   1.2716E+12   1.3151E+12   1.3356E+12   1.5601E+12   1.3809E+12   1.9095E+12   4.2741E+12   1.9085E+12   1.0528E+07   0.0000E+00
   1.2515E+03   3.0995E+14   1.2536E+12   1.3020E+12   1.3309E+12   1.5938E+12   1.4085E+12   2.0046E+12   4.4688E+12   1.9680E+12   2.1156E+07   0.0000E+00
   1.3419E+03   2.8930E+14   1.4235E+12   1.4735E+12   1.5119E+12   1.8871E+12   1.6363E+12   2.2356E+12   4.9289E+12   2.2279E+12   2.2709E+07   0.0000E+00
   1.4387E+03   2.6907E+14   1.3650E+12   1.4147E+12   1.4615E+12   1.9497E+12   1.6412E+12   2.2060E+12   5.0953E+12   2.2431E+12   2.4251E+07   0.0000E+00
   1.5425E+03   2.4145E+14   1.2193E+12   1.2685E+12   1.3125E+12   1.7871E+12   1.5395E+12   2.0523E+12   4.7130E+12   2.0711E+12   2.5897E+07   0.0000E+00
   1.6538E+03   2.1773E+14   1.1602E+12   1.2142E+12   1.2546E+12   1.7623E+12   1.5175E+12   1.9646E+12   4.5479E+12   2.0062E+12   2.7602E+07   0.0000E+00
   1.7732E+03   1.9614E+14   1.1628E+12   1.2140E+12   1.2504E+12   1.7607E+12   1.5231E+12   1.9086E+12   4.3567E+12   1.9679E+12   2.9217E+07   0.0000E+00
   1.9012E+03   1.7650E+14   1.0121E+12   1.0543E+12   1.0870E+12   1.5120E+12   1.3098E+12   1.6694E+12   3.7968E+12   1.7078E+12   2.7825E+07   0.0000E+00
   2.0384E+03   1.5681E+14   8.6716E+11   8.9420E+11   9.2155E+11   1.2149E+12   1.0544E+12   1.3849E+12   3.0772E+12   1.3973E+12   6.4520E+06   0.0000E+00
   2.1855E+03   1.4030E+14   7.4209E+11   7.6107E+11   7.8286E+11   1.0072E+12   8.6077E+11   1.1578E+12   2.5923E+12   1.1673E+12   2.0398E+06   0.0000E+00
   2.3432E+03   1.2864E+14   6.6129E+11   6.8928E+11   7.1273E+11   1.0055E+12   8.6340E+11   1.1308E+12   2.6466E+12   1.1526E+12   6.9069E+06   0.0000E+00
   2.5123E+03   1.1888E+14   8.6449E+11   8.9675E+11   9.0950E+11   1.5038E+12   1.2604E+12   1.3409E+12   3.4170E+12   1.5279E+12   2.3851E+07   0.0000E+00
   2.6936E+03   1.1091E+14   1.1374E+12   1.1701E+12   1.1376E+12   1.8678E+12   1.6364E+12   1.5362E+12   3.7950E+12   1.8291E+12   7.4123E+07   0.0000E+00
   2.8880E+03   1.0067E+14   1.2905E+12   1.3144E+12   1.2457E+12   2.0514E+12   1.8230E+12   1.5875E+12   3.8729E+12   1.9537E+12   9.6516E+07   0.0000E+00
   3.0964E+03   8.9324E+13   1.4794E+12   1.4868E+12   1.3790E+12   2.2555E+12   2.0250E+12   1.6515E+12   3.9254E+12   2.0912E+12   1.2624E+08   0.0000E+00
   3.3199E+03   7.7398E+13   1.6518E+12   1.6340E+12   1.4821E+12   2.4112E+12   2.1805E+12   1.6785E+12   3.8923E+12   2.1832E+12   1.6622E+08   0.0000E+00
   3.5595E+03   6.6194E+13   1.8353E+12   1.7921E+12   1.5874E+12   2.5086E+12   2.3109E+12   1.7201E+12   3.7817E+12   2.2537E+12   2.2033E+08   0.0000E+00
   3.8163E+03   5.6635E+13   2.3110E+12   2.2411E+12   1.9936E+12   2.9048E+12   2.7243E+12   2.0717E+12   3.9745E+12   2.6225E+12   2.9391E+08   0.0000E+00
   4.0918E+03   4.8560E+13   2.5000E+12   2.3999E+12   2.1088E+12   3.0160E+12   2.8419E+12   2.1339E+12   3.9042E+12   2.7045E+12   3.9547E+08   0.0000E+00
   4.3870E+03   4.2412E+13   2.8153E+12   2.6737E+12   2.3219E+12   3.2557E+12   3.0815E+12   2.2972E+12   3.9799E+12   2.9040E+12   5.3836E+08   0.0000E+00
   4.7036E+03   3.6971E+13   2.9777E+12   2.8018E+12   2.4093E+12   3.3370E+12   3.1699E+12   2.3529E+12   3.9114E+12   2.9664E+12   6.0669E+08   0.0000E+00
   5.0431E+03   3.2365E+13   3.0724E+12   2.8705E+12   2.4455E+12   3.3579E+12   3.1930E+12   2.3632E+12   3.7974E+12   2.9741E+12   6.5426E+08   0.0000E+00
   5.4070E+03   2.8620E+13   3.2821E+12   3.0471E+12   2.5733E+12   3.4809E+12   3.3200E+12   2.4684E+12   3.7889E+12   3.0823E+12   7.1104E+08   0.0000E+00
   5.7973E+03   2.5146E+13   3.4719E+12   3.2130E+12   2.7100E+12   3.5963E+12   3.4380E+12   2.5937E+12   3.7803E+12   3.1921E+12   7.7685E+08   0.0000E+00
   6.2156E+03   2.2619E+13   3.5852E+12   3.3084E+12   2.7851E+12   3.6585E+12   3.4987E+12   2.6637E+12   3.7442E+12   3.2480E+12   8.5343E+08   0.0000E+00
   6.6642E+03   2.0366E+13   3.6762E+12   3.3882E+12   2.8518E+12   3.6953E+12   3.5405E+12   2.7321E+12   3.7000E+12   3.2910E+12   8.9905E+08   0.0000E+00
   7.1451E+03   1.7993E+13   3.7198E+12   3.4266E+12   2.8907E+12   3.6856E+12   3.5386E+12   2.7779E+12   3.6165E+12   3.2978E+12   9.2012E+08   0.0000E+00
   7.6608E+03   1.6156E+13   3.7998E+12   3.5022E+12   2.9671E+12   3.7245E+12   3.5822E+12   2.8628E+12   3.5904E+12   3.3489E+12   9.4827E+08   0.0000E+00
   8.2136E+03   1.4275E+13   3.7409E+12   3.4527E+12   2.9406E+12   3.6415E+12   3.5074E+12   2.8484E+12   3.4638E+12   3.2892E+12   9.8457E+08   0.0000E+00
   8.8064E+03   1.2787E+13   3.6902E+12   3.4095E+12   2.9163E+12   3.5694E+12   3.4427E+12   2.8352E+12   3.3577E+12   3.2375E+12   1.0340E+09   0.0000E+00
   9.4420E+03   1.1542E+13   3.7773E+12   3.4973E+12   3.0133E+12   3.6325E+12   3.5139E+12   2.9452E+12   3.3908E+12   3.3168E+12   1.0016E+09   2.9388E+11
   1.0123E+04   1.0297E+13   3.7209E+12   3.4536E+12   2.9968E+12   3.5650E+12   3.4554E+12   2.9414E+12   3.3052E+12   3.2733E+12   9.7089E+08   3.0999E+11
   1.0854E+04   9.3267E+12   3.6803E+12   3.4245E+12   2.9915E+12   3.5185E+12   3.4162E+12   2.9470E+12   3.2456E+12   3.2463E+12   9.4973E+08   3.3181E+11
   1.1637E+04   8.4895E+12   3.6310E+12   3.3881E+12   2.9794E+12   3.4650E+12   3.3709E+12   2.9446E+12   3.1875E+12   3.2134E+12   9.3954E+08   3.5348E+11
   1.2477E+04   7.7239E+12   3.5786E+12   3.3496E+12   2.9659E+12   3.4112E+12   3.3253E+12   2.9404E+12   3.1325E+12   3.1799E+12   8.9503E+08   3.7329E+11
   1.3377E+04   7.2592E+12   3.6194E+12   3.3994E+12   3.0317E+12   3.4501E+12   3.3695E+12   3.0136E+12   3.1669E+12   3.2323E+12   8.2448E+08   3.8824E+11
   1.4343E+04   6.9922E+12   3.7068E+12   3.4925E+12   3.1350E+12   3.5361E+12   3.4588E+12   3.1228E+12   3.2470E+12   3.3268E+12   7.6402E+08   3.9818E+11
   1.5378E+04   6.8102E+12   3.8289E+12   3.6197E+12   3.2707E+12   3.6564E+12   3.5822E+12   3.2641E+12   3.3616E+12   3.4548E+12   7.1408E+08   4.0446E+11
   1.6488E+04   6.6455E+12   3.9566E+12   3.7539E+12   3.4157E+12   3.7839E+12   3.7133E+12   3.4144E+12   3.4868E+12   3.5913E+12   6.5523E+08   4.0701E+11
   1.7678E+04   6.7742E+12   4.2325E+12   4.0294E+12   3.6899E+12   4.0553E+12   3.9851E+12   3.6931E+12   3.7460E+12   3.8638E+12   5.8277E+08   4.0442E+11
   1.8953E+04   6.7427E+12   4.4047E+12   4.2072E+12   3.8761E+12   4.2292E+12   4.1614E+12   3.8835E+12   3.9176E+12   4.0439E+12   5.2225E+08   3.9871E+11
   2.0321E+04   6.7265E+12   4.5846E+12   4.3934E+12   4.0725E+12   4.4111E+12   4.3461E+12   4.0835E+12   4.1007E+12   4.2333E+12   4.7341E+08   3.9093E+11
   2.1788E+04   6.7064E+12   4.7556E+12   4.5721E+12   4.2636E+12   4.5862E+12   4.5244E+12   4.2778E+12   4.2800E+12   4.4167E+12   4.3717E+08   3.8160E+11
   2.3360E+04   6.6091E+12   4.8697E+12   4.6972E+12   4.4065E+12   4.7082E+12   4.6504E+12   4.4231E+12   4.4125E+12   4.5496E+12   4.8777E+08   3.7140E+11
   2.5046E+04   6.5090E+12   4.9622E+12   4.8006E+12   4.5278E+12   4.8089E+12   4.7552E+12   4.5462E+12   4.5257E+12   4.6612E+12   5.7390E+08   3.6202E+11
   2.6854E+04   6.2841E+12   4.9532E+12   4.8059E+12   4.5567E+12   4.8114E+12   4.7630E+12   4.5759E+12   4.5482E+12   4.6776E+12   6.9892E+08   3.5459E+11
   2.8792E+04   6.0511E+12   4.9247E+12   4.7916E+12   4.5659E+12   4.7950E+12   4.7517E+12   4.5855E+12   4.5528E+12   4.6748E+12   8.8569E+08   3.5263E+11
   3.0869E+04   5.7176E+12   4.8244E+12   4.7063E+12   4.5055E+12   4.7082E+12   4.6702E+12   4.5249E+12   4.4895E+12   4.6021E+12   1.1727E+09   3.8633E+11
   3.3097E+04   5.3940E+12   8.5168E+12   8.3281E+12   8.0176E+12   8.3253E+12   8.2887E+12   8.0710E+12   7.9958E+12   8.1762E+12   1.6248E+09   5.1413E+12
   3.5486E+04   5.1311E+12   4.5670E+12   4.4759E+12   4.3204E+12   4.4762E+12   4.4472E+12   4.3379E+12   4.3023E+12   4.3949E+12   2.3159E+09   3.7891E+11
   3.8047E+04   4.7827E+12   4.3466E+12   4.2686E+12   4.1353E+12   4.2685E+12   4.2437E+12   4.1512E+12   4.1176E+12   4.1990E+12   3.0994E+09   3.5460E+11
   4.0792E+04   4.5296E+12   4.2213E+12   4.1533E+12   4.0369E+12   4.1529E+12   4.1315E+12   4.0516E+12   4.0199E+12   4.0926E+12   4.1522E+09   3.6803E+11
   4.3736E+04   4.2551E+12   4.0882E+12   4.0291E+12   3.9279E+12   4.0286E+12   4.0102E+12   3.9414E+12   3.9119E+12   3.9764E+12   5.5690E+09   4.1005E+11
   4.6893E+04   3.9674E+12   3.9618E+12   3.9104E+12   3.8223E+12   3.9098E+12   3.8941E+12   3.8347E+12   3.8075E+12   3.8647E+12   7.4780E+09   4.8739E+11
   5.0277E+04   3.6997E+12   3.9039E+12   3.8582E+12   3.7801E+12   3.8575E+12   3.8440E+12   3.7919E+12   3.7665E+12   3.8179E+12   1.0003E+10   6.3361E+11
   5.3905E+04   3.4502E+12   4.0181E+12   3.9752E+12   3.9027E+12   3.9745E+12   3.9627E+12   3.9146E+12   3.8897E+12   3.9382E+12   1.1815E+10   9.6314E+11
   5.7795E+04   3.2177E+12   4.9704E+12   4.9216E+12   4.8400E+12   4.9201E+12   4.9094E+12   4.8559E+12   4.8258E+12   4.8810E+12   1.3484E+10   2.2016E+12
   6.1966E+04   3.0008E+12   1.5195E+13   1.5045E+13   1.4802E+13   1.5035E+13   1.5022E+13   1.4866E+13   1.4767E+13   1.4932E+13   1.4780E+10   1.3618E+13
   6.6438E+04   2.7985E+12   5.8111E+12   5.7615E+12   5.6794E+12   5.7592E+12   5.7508E+12   5.6978E+12   5.6653E+12   5.7217E+12   1.6074E+10   3.4624E+12
   7.1233E+04   2.6100E+12   7.6052E+12   7.5429E+12   7.4405E+12   7.5387E+12   7.5312E+12   7.4661E+12   7.4240E+12   7.4943E+12   1.6887E+10   5.5648E+12
   7.6374E+04   2.4178E+12   1.8320E+13   1.8126E+13   1.7810E+13   1.8107E+13   1.8100E+13   1.7901E+13   1.7772E+13   1.7981E+13   1.7045E+10   1.7779E+13
   8.1885E+04   2.2185E+12   8.2864E+12   8.1410E+12   7.9055E+12   8.1313E+12   8.1207E+12   7.9644E+12   7.8871E+12   8.0313E+12   1.6546E+10   7.5525E+12
   8.7795E+04   2.0691E+12   5.3834E+12   5.2269E+12   4.9768E+12   5.2255E+12   5.2088E+12   5.0274E+12   4.9794E+12   5.1120E+12   1.5871E+10   5.0940E+12
   9.4131E+04   1.8932E+12   2.8863E+12   2.7716E+12   2.5884E+12   2.7843E+12   2.7589E+12   2.6078E+12   2.6030E+12   2.6871E+12   1.5481E+10   2.4251E+12
   1.0092E+05   1.7450E+12   2.7298E+12   2.6316E+12   2.4740E+12   2.6423E+12   2.6185E+12   2.4901E+12   2.4790E+12   2.5573E+12   1.6233E+10   2.1459E+12
   1.0821E+05   1.6031E+12   3.0737E+12   2.9853E+12   2.8430E+12   2.9896E+12   2.9716E+12   2.8632E+12   2.8391E+12   2.9173E+12   1.6813E+10   2.4373E+12
   1.1602E+05   1.4611E+12   3.6461E+12   3.5675E+12   3.4400E+12   3.5658E+12   3.5549E+12   3.4650E+12   3.4311E+12   3.5066E+12   1.6809E+10   2.9969E+12
   1.2439E+05   1.3353E+12   3.0903E+12   3.0403E+12   2.9581E+12   3.0386E+12   3.0306E+12   2.9741E+12   2.9482E+12   3.0002E+12   1.6255E+10   2.2379E+12
   1.3337E+05   1.2307E+12   2.6236E+12   2.5918E+12   2.5388E+12   2.5904E+12   2.5847E+12   2.5490E+12   2.5305E+12   2.5655E+12   1.5361E+10   1.6825E+12
   1.4299E+05   1.1321E+12   2.4167E+12   2.3911E+12   2.3485E+12   2.3898E+12   2.3852E+12   2.3567E+12   2.3413E+12   2.3699E+12   1.4626E+10   1.5106E+12
   1.5331E+05   1.0218E+12   2.4998E+12   2.4701E+12   2.4206E+12   2.4681E+12   2.4636E+12   2.4307E+12   2.4131E+12   2.4456E+12   1.4539E+10   1.7473E+12
   1.6437E+05   9.4046E+11   3.7305E+12   3.6797E+12   3.5962E+12   3.6724E+12   3.6725E+12   3.6204E+12   3.5887E+12   3.6409E+12   1.4638E+10   3.2891E+12
   1.7624E+05   8.4835E+11   2.9661E+12   2.9204E+12   2.8448E+12   2.9154E+12   2.9127E+12   2.8633E+12   2.8373E+12   2.8843E+12   1.4695E+10   2.5607E+12
   1.8895E+05   7.6416E+11   3.0453E+12   2.9988E+12   2.9221E+12   2.9923E+12   2.9920E+12   2.9433E+12   2.9157E+12   2.9629E+12   1.4410E+10   2.7368E+12
   2.0259E+05   6.9590E+11   2.9656E+12   2.9260E+12   2.8606E+12   2.9189E+12   2.9210E+12   2.8814E+12   2.8555E+12   2.8961E+12   1.3698E+10   2.6560E+12
   2.1721E+05   6.3444E+11   2.9211E+12   2.8876E+12   2.8325E+12   2.8803E+12   2.8844E+12   2.8528E+12   2.8287E+12   2.8633E+12   1.2913E+10   2.6136E+12
   2.3289E+05   5.7147E+11   2.6317E+12   2.6055E+12   2.5626E+12   2.5991E+12   2.6036E+12   2.5799E+12   2.5598E+12   2.5870E+12   1.2170E+10   2.3131E+12
   2.4969E+05   5.0304E+11   2.3383E+12   2.3180E+12   2.2850E+12   2.3126E+12   2.3171E+12   2.2995E+12   2.2830E+12   2.3042E+12   1.1432E+10   2.0291E+12
   2.6771E+05   4.5311E+11   2.1321E+12   2.1161E+12   2.0900E+12   2.1114E+12   2.1158E+12   2.1026E+12   2.0887E+12   2.1056E+12   1.0520E+10   1.8329E+12
   2.8703E+05   4.0775E+11   1.9272E+12   1.9145E+12   1.8941E+12   1.9106E+12   1.9148E+12   1.9049E+12   1.8934E+12   1.9067E+12   9.6652E+09   1.6410E+12
   3.0775E+05   3.5927E+11   1.7153E+12   1.7054E+12   1.6898E+12   1.7022E+12   1.7060E+12   1.6987E+12   1.6894E+12   1.6997E+12   8.8839E+09   1.4506E+12
   3.2996E+05   3.1575E+11   1.5074E+12   1.4998E+12   1.4879E+12   1.4972E+12   1.5005E+12   1.4952E+12   1.4878E+12   1.4957E+12   8.1703E+09   1.2640E+12
   3.5377E+05   2.7467E+11   1.3068E+12   1.3011E+12   1.2922E+12   1.2991E+12   1.3018E+12   1.2980E+12   1.2922E+12   1.2982E+12   7.5186E+09   1.0867E+12
   3.7930E+05   2.4451E+11   1.1232E+12   1.1189E+12   1.1123E+12   1.1174E+12   1.1195E+12   1.1168E+12   1.1124E+12   1.1169E+12   6.9087E+09   9.1908E+11
   4.0667E+05   2.1270E+11   9.4647E+11   9.4337E+11   9.3864E+11   9.4225E+11   9.4390E+11   9.4202E+11   9.3872E+11   9.4197E+11   6.1558E+09   7.6267E+11
   4.3602E+05   1.8452E+11   7.8766E+11   7.8545E+11   7.8210E+11   7.8465E+11   7.8586E+11   7.8457E+11   7.8218E+11   7.8452E+11   5.5063E+09   6.2314E+11
   4.6749E+05   1.5730E+11   6.4650E+11   6.4495E+11   6.4262E+11   6.4439E+11   6.4526E+11   6.4438E+11   6.4269E+11   6.4434E+11   4.9448E+09   5.0246E+11
   5.0123E+05   1.3637E+11   5.2836E+11   5.2728E+11   5.2566E+11   5.2690E+11   5.2749E+11   5.2690E+11   5.2572E+11   5.2687E+11   4.4585E+09   4.0042E+11
   5.3740E+05   1.1457E+11   4.2502E+11   4.2428E+11   4.2318E+11   4.2403E+11   4.2443E+11   4.2403E+11   4.2323E+11   4.2403E+11   4.0363E+09   3.1535E+11
   5.7618E+05   9.6252E+10   3.3978E+11   3.3928E+11   3.3854E+11   3.3911E+11   3.3937E+11   3.3911E+11   3.3857E+11   3.3912E+11   3.6690E+09   2.4600E+11
   6.1776E+05   8.0864E+10   2.7024E+11   2.6991E+11   2.6940E+11   2.6980E+11   2.6996E+11   2.6978E+11   2.6943E+11   2.6980E+11   3.3261E+09   1.9024E+11
   6.6235E+05   6.6085E+10   2.1218E+11   2.1195E+11   2.1162E+11   2.1188E+11   2.1199E+11   2.1187E+11   2.1164E+11   2.1189E+11   2.9960E+09   1.4590E+11
   7.1015E+05   5.2746E+10   1.6475E+11   1.6460E+11   1.6438E+11   1.6456E+11   1.6462E+11   1.6454E+11   1.6440E+11   1.6456E+11   2.7056E+09   1.1116E+11
   7.6140E+05   4.2293E+10   1.2764E+11   1.2754E+11   1.2740E+11   1.2751E+11   1.2755E+11   1.2750E+11   1.2740E+11   1.2752E+11   2.4495E+09   8.4120E+10
   8.1635E+05   3.2581E+10   9.7278E+10   9.7216E+10   9.7123E+10   9.7197E+10   9.7222E+10   9.7189E+10   9.7130E+10   9.7205E+10   2.2231E+09   6.3269E+10
   8.7526E+05   2.5377E+10   7.4174E+10   7.4134E+10   7.4074E+10   7.4122E+10   7.4137E+10   7.4116E+10   7.4078E+10   7.4129E+10   1.9583E+09   4.7355E+10
   9.3842E+05   1.9537E+10   5.6160E+10   5.6134E+10   5.6095E+10   5.6127E+10   5.6136E+10   5.6122E+10   5.6099E+10   5.6132E+10   1.6725E+09   3.5283E+10
   1.0061E+06   1.3940E+10   4.1320E+10   4.1304E+10   4.1281E+10   4.1300E+10   4.1305E+10   4.1297E+10   4.1283E+10   4.1305E+10   1.4310E+09   2.6158E+10
   1.0788E+06   9.8387E+09   3.0250E+10   3.0240E+10   3.0226E+10   3.0238E+10   3.0241E+10   3.0236E+10   3.0228E+10   3.0242E+10   1.2265E+09   1.9315E+10
   1.1566E+06   6.9442E+09   2.2174E+10   2.2168E+10   2.2160E+10   2.2167E+10   2.2169E+10   2.2166E+10   2.2161E+10   2.2170E+10   1.0531E+09   1.4258E+10
   1.2401E+06   4.9013E+09   1.6248E+10   1.6244E+10   1.6239E+10   1.6243E+10   1.6244E+10   1.6243E+10   1.6240E+10   1.6246E+10   8.6618E+08   1.0531E+10
   1.3296E+06   3.4594E+09   1.1950E+10   1.1948E+10   1.1945E+10   1.1947E+10   1.1948E+10   1.1947E+10   1.1945E+10   1.1950E+10   6.8666E+08   7.8371E+09
   1.4255E+06   2.4417E+09   8.6955E+09   8.6941E+09   8.6920E+09   8.6936E+09   8.6942E+09   8.6936E+09   8.6925E+09   8.6952E+09   5.4505E+08   5.7293E+09
   1.5284E+06   1.7233E+09   6.1867E+09   6.1858E+09   6.1846E+09   6.1856E+09   6.1859E+09   6.1855E+09   6.1849E+09   6.1867E+09   4.3321E+08   4.0424E+09
   1.6387E+06   1.2163E+09   4.4123E+09   4.4117E+09   4.4110E+09   4.4116E+09   4.4118E+09   4.4116E+09   4.4112E+09   4.4124E+09   3.4477E+08   2.8586E+09
   1.7570E+06   8.5850E+08   3.1527E+09   3.1524E+09   3.1520E+09   3.1523E+09   3.1524E+09   3.1523E+09   3.1521E+09   3.1529E+09   2.7475E+08   2.0240E+09
   1.8838E+06   6.0594E+08   2.2549E+09   2.2547E+09   2.2544E+09   2.2547E+09   2.2547E+09   2.2546E+09   2.2545E+09   2.2551E+09   2.1926E+08   1.4325E+09
   2.0197E+06   4.2768E+08   1.5991E+09   1.5990E+09   1.5988E+09   1.5989E+09   1.5990E+09   1.5989E+09   1.5988E+09   1.5992E+09   1.6327E+08   1.0098E+09
   2.1655E+06   3.0186E+08   1.1319E+09   1.1318E+09   1.1317E+09   1.1318E+09   1.1318E+09   1.1318E+09   1.1318E+09   1.1320E+09   1.2103E+08   7.1005E+08
   2.3217E+06   2.1305E+08   7.9959E+08   7.9954E+08   7.9948E+08   7.9953E+08   7.9955E+08   7.9953E+08   7.9950E+08   7.9969E+08   8.9769E+07   4.9739E+08
   2.4893E+06   1.5038E+08   5.6383E+08   5.6380E+08   5.6377E+08   5.6380E+08   5.6381E+08   5.6380E+08   5.6378E+08   5.6391E+08   6.6628E+07   3.4721E+08
   2.6689E+06   1.0614E+08   3.9688E+08   3.9687E+08   3.9685E+08   3.9687E+08   3.9687E+08   3.9686E+08   3.9685E+08   3.9694E+08   4.9484E+07   2.4150E+08
   2.8616E+06   7.4911E+07   2.7887E+08   2.7886E+08   2.7884E+08   2.7885E+08   2.7886E+08   2.7885E+08   2.7885E+08   2.7891E+08   3.6777E+07   1.6732E+08
   3.0681E+06   5.2873E+07   1.9532E+08   1.9532E+08   1.9531E+08   1.9532E+08   1.9532E+08   1.9532E+08   1.9531E+08   1.9536E+08   2.6915E+07   1.1562E+08
   3.2895E+06   3.7318E+07   1.3601E+08   1.3601E+08   1.3601E+08   1.3601E+08   1.3601E+08   1.3601E+08   1.3601E+08   1.3604E+08   1.9050E+07   7.9698E+07
   3.5269E+06   2.6340E+07   9.4557E+07   9.4554E+07   9.4551E+07   9.4554E+07   9.4554E+07   9.4553E+07   9.4552E+07   9.4573E+07   1.3487E+07   5.4763E+07
   3.7814E+06   1.8591E+07   6.5649E+07   6.5648E+07   6.5646E+07   6.5647E+07   6.5648E+07   6.5647E+07   6.5646E+07   6.5660E+07   9.5507E+06   3.7527E+07
   4.0543E+06   1.3122E+07   4.5537E+07   4.5536E+07   4.5535E+07   4.5536E+07   4.5536E+07   4.5536E+07   4.5535E+07   4.5545E+07   6.7650E+06   2.5662E+07
   4.3469E+06   9.2612E+06   3.1554E+07   3.1554E+07   3.1553E+07   3.1554E+07   3.1554E+07   3.1553E+07   3.1553E+07   3.1560E+07   4.7929E+06   1.7508E+07
   4.6606E+06   6.5366E+06   2.1848E+07   2.1848E+07   2.1847E+07   2.1848E+07   2.1848E+07   2.1848E+07   2.1848E+07   2.1852E+07   3.3966E+06   1.1920E+07
   4.9969E+06   4.6137E+06   1.5040E+07   1.5040E+07   1.5040E+07   1.5040E+07   1.5040E+07   1.5040E+07   1.5040E+07   1.5043E+07   2.3311E+06   8.0981E+06
   5.3576E+06   3.2563E+06   1.0326E+07   1.0326E+07   1.0326E+07   1.0326E+07   1.0326E+07   1.0326E+07   1.0326E+07   1.0328E+07   1.5793E+06   5.4924E+06
   5.7442E+06   2.2984E+06   7.0867E+06   7.0867E+06   7.0866E+06   7.0867E+06   7.0867E+06   7.0866E+06   7.0866E+06   7.0881E+06   1.0700E+06   3.7195E+06
   6.1587E+06   1.6222E+06   4.8621E+06   4.8620E+06   4.8620E+06   4.8620E+06   4.8620E+06   4.8620E+06   4.8620E+06   4.8630E+06   7.2497E+05   2.5156E+06
   6.6032E+06   1.1450E+06   3.3341E+06   3.3341E+06   3.3341E+06   3.3341E+06   3.3341E+06   3.3341E+06   3.3341E+06   3.3348E+06   4.9121E+05   1.6984E+06
   7.0797E+06   8.0812E+05   2.2860E+06   2.2860E+06   2.2859E+06   2.2860E+06   2.2860E+06   2.2860E+06   2.2860E+06   2.2864E+06   3.3283E+05   1.1453E+06
   7.5907E+06   5.7038E+05   1.5673E+06   1.5673E+06   1.5673E+06   1.5673E+06   1.5673E+06   1.5673E+06   1.5673E+06   1.5676E+06   2.2553E+05   7.7158E+05
   8.1385E+06   4.0258E+05   1.0745E+06   1.0745E+06   1.0745E+06   1.0745E+06   1.0745E+06   1.0745E+06   1.0745E+06   1.0747E+06   1.5283E+05   5.1916E+05
   8.7258E+06   2.8414E+05   7.3665E+05   7.3664E+05   7.3664E+05   7.3664E+05   7.3664E+05   7.3664E+05   7.3664E+05   7.3679E+05   1.0356E+05   3.4900E+05
   9.3555E+06   2.0055E+05   5.0506E+05   5.0506E+05   5.0506E+05   5.0506E+05   5.0506E+05   5.0506E+05   5.0506E+05   5.0516E+05   7.0183E+04   2.3437E+05
   1.0031E+07   1.4155E+05   3.4633E+05   3.4633E+05   3.4633E+05   3.4633E+05   3.4633E+05   3.4633E+05   3.4633E+05   3.4640E+05   4.7563E+04   1.5724E+05
   1.0755E+07   9.9908E+04   2.3753E+05   2.3753E+05   2.3753E+05   2.3753E+05   2.3753E+05   2.3753E+05   2.3753E+05   2.3758E+05   3.2235E+04   1.0540E+05
   1.1531E+07   7.0516E+04   1.6295E+05   1.6295E+05   1.6295E+05   1.6295E+05   1.6295E+05   1.6295E+05   1.6295E+05   1.6298E+05   2.1847E+04   7.0595E+04
   1.2363E+07   4.9770E+04   1.1182E+05   1.1182E+05   1.1182E+05   1.1182E+05   1.1182E+05   1.1182E+05   1.1182E+05   1.1184E+05   1.4807E+04   4.7248E+04
   1.3255E+07   3.5128E+04   7.6762E+04   7.6762E+04   7.6762E+04   7.6762E+04   7.6762E+04   7.6762E+04   7.6762E+04   7.6777E+04   1.0036E+04   3.1601E+04
   1.4212E+07   2.4794E+04   5.2717E+04   5.2717E+04   5.2717E+04   5.2717E+04   5.2717E+04   5.2717E+04   5.2717E+04   5.2728E+04   6.8029E+03   2.1123E+04
   1.5237E+07   1.7500E+04   3.6221E+04   3.6221E+04   3.6221E+04   3.6221E+04   3.6221E+04   3.6221E+04   3.6221E+04   3.6229E+04   4.6114E+03   1.4112E+04
   1.6337E+07   1.2352E+04   2.4899E+04   2.4899E+04   2.4899E+04   2.4899E+04   2.4899E+04   2.4899E+04   2.4899E+04   2.4904E+04   3.1259E+03   9.4228E+03
   1.7516E+07   8.7178E+03   1.7125E+04   1.7125E+04   1.7125E+04   1.7125E+04   1.7125E+04   1.7125E+04   1.7125E+04   1.7129E+04   2.1191E+03   6.2891E+03
   1.8780E+07   6.1531E+03   1.1785E+04   1.1785E+04   1.1785E+04   1.1785E+04   1.1785E+04   1.1785E+04   1.1785E+04   1.1787E+04   1.4366E+03   4.1959E+03
   2.0135E+07   4.3429E+03   8.0947E+03   8.0947E+03   8.0947E+03   8.0947E+03   8.0947E+03   8.0947E+03   8.0947E+03   8.0963E+03   9.5384E+02   2.7983E+03
   2.1588E+07   3.0653E+03   5.5623E+03   5.5623E+03   5.5623E+03   5.5623E+03   5.5623E+03   5.5623E+03   5.5623E+03   5.5635E+03   6.3164E+02   1.8656E+03
   2.3146E+07   2.1635E+03   3.8252E+03   3.8252E+03   3.8252E+03   3.8252E+03   3.8252E+03   3.8252E+03   3.8252E+03   3.8259E+03   4.1829E+02   1.2435E+03
   2.4817E+07   1.5270E+03   2.6325E+03   2.6325E+03   2.6325E+03   2.6325E+03   2.6325E+03   2.6325E+03   2.6325E+03   2.6331E+03   2.7700E+02   8.2862E+02
   2.6608E+07   1.0778E+03   1.8132E+03   1.8132E+03   1.8132E+03   1.8132E+03   1.8132E+03   1.8132E+03   1.8132E+03   1.8136E+03   1.8343E+02   5.5204E+02
   2.8528E+07   7.6071E+02   1.2499E+03   1.2499E+03   1.2499E+03   1.2499E+03   1.2499E+03   1.2499E+03   1.2499E+03   1.2501E+03   1.2147E+02   3.6772E+02
   3.0587E+07   5.3691E+02   8.6223E+02   8.6223E+02   8.6222E+02   8.6223E+02   8.6223E+02   8.6222E+02   8.6222E+02   8.6240E+02   8.0440E+01   2.4490E+02
   3.2794E+07   3.7896E+02   5.9529E+02   5.9529E+02   5.9529E+02   5.9529E+02   5.9529E+02   5.9529E+02   5.9529E+02   5.9541E+02   5.3269E+01   1.6308E+02
   3.5161E+07   2.6747E+02   4.1133E+02   4.1133E+02   4.1133E+02   4.1133E+02   4.1133E+02   4.1133E+02   4.1133E+02   4.1141E+02   3.5276E+01   1.0859E+02
   3.7698E+07   1.8879E+02   2.8444E+02   2.8444E+02   2.8444E+02   2.8444E+02   2.8444E+02   2.8444E+02   2.8444E+02   2.8450E+02   2.3360E+01   7.2301E+01
   4.0419E+07   1.3325E+02   1.9685E+02   1.9685E+02   1.9685E+02   1.9685E+02   1.9685E+02   1.9685E+02   1.9685E+02   1.9689E+02   1.5470E+01   4.8137E+01
   4.3336E+07   9.4046E+01   1.3634E+02   1.3634E+02   1.3634E+02   1.3634E+02   1.3634E+02   1.3634E+02   1.3634E+02   1.3636E+02   1.0244E+01   3.2048E+01
   4.6463E+07   6.6379E+01   9.4498E+01   9.4498E+01   9.4498E+01   9.4498E+01   9.4498E+01   9.4498E+01   9.4498E+01   9.4517E+01   6.7840E+00   2.1337E+01
   4.9817E+07   4.6851E+01   6.5547E+01   6.5547E+01   6.5547E+01   6.5547E+01   6.5547E+01   6.5547E+01   6.5547E+01   6.5561E+01   4.4925E+00   1.4206E+01
   5.3412E+07   3.3068E+01   4.5501E+01   4.5501E+01   4.5501E+01   4.5501E+01   4.5501E+01   4.5501E+01   4.5501E+01   4.5510E+01   2.9751E+00   9.4585E+00
   5.7266E+07   2.3340E+01   3.1607E+01   3.1607E+01   3.1607E+01   3.1607E+01   3.1607E+01   3.1607E+01   3.1607E+01   3.1614E+01   1.9702E+00   6.2980E+00
   6.1399E+07   1.6474E+01   2.1972E+01   2.1972E+01   2.1972E+01   2.1972E+01   2.1972E+01   2.1972E+01   2.1972E+01   2.1976E+01   1.3047E+00   4.1939E+00
   6.5830E+07   1.1627E+01   1.5284E+01   1.5284E+01   1.5284E+01   1.5284E+01   1.5284E+01   1.5284E+01   1.5284E+01   1.5287E+01   8.6401E-01   2.7930E+00
   7.0581E+07   8.2067E+00   1.0639E+01   1.0639E+01   1.0639E+01   1.0639E+01   1.0639E+01   1.0639E+01   1.0639E+01   1.0641E+01   5.7217E-01   1.8603E+00
   7.5675E+07   5.7923E+00   7.4103E+00   7.4103E+00   7.4103E+00   7.4103E+00   7.4103E+00   7.4103E+00   7.4103E+00   7.4118E+00   3.7891E-01   1.2392E+00
   8.1136E+07   4.0883E+00   5.1648E+00   5.1648E+00   5.1648E+00   5.1648E+00   5.1648E+00   5.1648E+00   5.1648E+00   5.1658E+00   2.5092E-01   8.2564E-01
   8.6991E+07   2.8856E+00   3.6018E+00   3.6018E+00   3.6018E+00   3.6018E+00   3.6018E+00   3.6018E+00   3.6018E+00   3.6026E+00   1.6617E-01   5.5017E-01
   9.3269E+07   2.0367E+00   2.5134E+00   2.5134E+00   2.5134E+00   2.5134E+00   2.5134E+00   2.5134E+00   2.5134E+00   2.5139E+00   1.1004E-01   3.6667E-01
   1.0000E+08   1.4375E+00   1.7548E+00   1.7548E+00   1.7548E+00   1.7548E+00   1.7548E+00   1.7548E+00   1.7548E+00   1.7551E+00   7.2874E-02   2.4442E-01
