 (1): Wavelength (A) 
 (2): Intrinsic SED (1e30 erg/s/A)
 (3 - 9): SED at angles [   0.0000000      0.26183301      0.52366602      0.78549999       1.0473300       1.3091700       1.5710000     ] (1e30 erg/s/A)
 (10): Angle averaged SED (1e30 erg/s/A)
 (11): Molecular cloud emission (1e30 erg/s/A)
 (12): Cirrus emission (1e30 erg/s/A)
  
            1            2            3            4            5            6            7            8            9           10           11           12
   9.5000E+01   6.4719E+10   1.1948E+10   1.2468E+10   1.2405E+10   1.1825E+10   1.2680E+10   1.3045E+10   1.0787E+10   1.2310E+10   6.0769E+04   0.0000E+00
   1.0186E+02   1.6136E+11   1.3396E+10   1.3947E+10   1.3886E+10   1.3228E+10   1.4068E+10   1.4421E+10   1.2036E+10   1.3699E+10   4.3925E+04   0.0000E+00
   1.0921E+02   1.6929E+11   1.3484E+10   1.4034E+10   1.3973E+10   1.3312E+10   1.4152E+10   1.4503E+10   1.2113E+10   1.3783E+10   5.1375E+04   0.0000E+00
   1.1709E+02   1.7626E+11   1.3521E+10   1.4085E+10   1.4034E+10   1.3360E+10   1.4203E+10   1.4560E+10   1.2145E+10   1.3833E+10   9.1050E+04   0.0000E+00
   1.2554E+02   2.0600E+11   1.4225E+10   1.4834E+10   1.4803E+10   1.4073E+10   1.4937E+10   1.5315E+10   1.2766E+10   1.4559E+10   1.9335E+05   0.0000E+00
   1.3460E+02   2.0791E+11   1.4285E+10   1.4916E+10   1.4899E+10   1.4150E+10   1.5019E+10   1.5407E+10   1.2820E+10   1.4641E+10   4.3794E+05   0.0000E+00
   1.4431E+02   2.6006E+11   1.5358E+10   1.6013E+10   1.6013E+10   1.5201E+10   1.6068E+10   1.6458E+10   1.3751E+10   1.5687E+10   1.0030E+06   0.0000E+00
   1.5473E+02   2.8567E+11   1.6231E+10   1.6931E+10   1.6957E+10   1.6079E+10   1.6965E+10   1.7374E+10   1.4517E+10   1.6576E+10   2.2939E+06   0.0000E+00
   1.6589E+02   2.9068E+11   1.6561E+10   1.7303E+10   1.7354E+10   1.6431E+10   1.7331E+10   1.7761E+10   1.4814E+10   1.6939E+10   5.2520E+06   0.0000E+00
   1.7786E+02   2.9323E+11   1.6780E+10   1.7560E+10   1.7635E+10   1.6672E+10   1.7576E+10   1.8023E+10   1.5014E+10   1.7187E+10   1.2020E+07   0.0000E+00
   1.9070E+02   2.9512E+11   1.7038E+10   1.7852E+10   1.7950E+10   1.6944E+10   1.7853E+10   1.8312E+10   1.5249E+10   1.7467E+10   2.7581E+07   0.0000E+00
   2.0446E+02   2.9820E+11   1.7540E+10   1.8393E+10   1.8509E+10   1.7445E+10   1.8375E+10   1.8848E+10   1.5700E+10   1.7985E+10   6.3640E+07   0.0000E+00
   2.1922E+02   3.0091E+11   1.7973E+10   1.8878E+10   1.9023E+10   1.7871E+10   1.8817E+10   1.9296E+10   1.6087E+10   1.8430E+10   1.4529E+08   0.0000E+00
   2.3504E+02   8.1668E+11   3.1004E+10   3.1924E+10   3.2053E+10   3.0275E+10   3.1095E+10   3.1449E+10   2.7557E+10   3.0760E+10   3.3212E+08   0.0000E+00
   2.5200E+02   1.4630E+12   3.2571E+10   3.3560E+10   3.3730E+10   3.1643E+10   3.2486E+10   3.2772E+10   2.8856E+10   3.2175E+10   7.5496E+08   0.0000E+00
   2.7019E+02   1.9763E+12   3.2552E+10   3.3627E+10   3.3831E+10   3.1266E+10   3.2189E+10   3.2281E+10   2.8722E+10   3.1916E+10   1.7137E+09   0.0000E+00
   2.8969E+02   2.0095E+12   3.3181E+10   3.4320E+10   3.4534E+10   3.0936E+10   3.1984E+10   3.1531E+10   2.8964E+10   3.1802E+10   3.9417E+09   0.0000E+00
   3.1059E+02   1.6911E+12   6.3699E+10   6.5932E+10   6.5975E+10   6.1876E+10   6.2960E+10   6.1958E+10   6.0440E+10   6.2800E+10   3.6558E+10   0.0000E+00
   3.3301E+02   1.9721E+12   6.1384E+10   6.3784E+10   6.3901E+10   6.0337E+10   6.1420E+10   6.0756E+10   5.8774E+10   6.1205E+10   3.6053E+10   0.0000E+00
   3.5704E+02   2.1119E+12   5.8933E+10   6.1478E+10   6.1645E+10   5.8548E+10   5.9614E+10   5.9210E+10   5.6967E+10   5.9364E+10   3.5820E+10   0.0000E+00
   3.8280E+02   2.2624E+12   5.7166E+10   5.9720E+10   5.9883E+10   5.7193E+10   5.8249E+10   5.8023E+10   5.5639E+10   5.7965E+10   3.5934E+10   0.0000E+00
   4.1043E+02   2.9895E+12   5.6147E+10   5.8799E+10   5.8984E+10   5.6580E+10   5.7647E+10   5.7589E+10   5.5003E+10   5.7331E+10   3.6131E+10   0.0000E+00
   4.4005E+02   2.8556E+12   5.4616E+10   5.7468E+10   5.7695E+10   5.5530E+10   5.6598E+10   5.6694E+10   5.4005E+10   5.6269E+10   3.6372E+10   0.0000E+00
   4.7181E+02   2.6265E+12   5.3393E+10   5.6527E+10   5.6810E+10   5.4812E+10   5.5900E+10   5.6145E+10   5.3342E+10   5.5559E+10   3.6702E+10   0.0000E+00
   5.0586E+02   2.5354E+12   5.4199E+10   5.7753E+10   5.8044E+10   5.6480E+10   5.7509E+10   5.8022E+10   5.5022E+10   5.7168E+10   3.9105E+10   0.0000E+00
   5.4236E+02   2.7322E+12   5.6903E+10   6.0968E+10   6.1250E+10   5.9806E+10   6.0735E+10   6.1364E+10   5.8451E+10   6.0456E+10   4.2650E+10   0.0000E+00
   5.8151E+02   3.2525E+12   5.9539E+10   6.4391E+10   6.4681E+10   6.3246E+10   6.4123E+10   6.4818E+10   6.2149E+10   6.3906E+10   4.6680E+10   0.0000E+00
   6.2347E+02   3.1206E+12   6.1421E+10   6.7648E+10   6.7936E+10   6.6480E+10   6.7255E+10   6.8020E+10   6.5946E+10   6.7164E+10   5.0910E+10   0.0000E+00
   6.6847E+02   3.0399E+12   6.4122E+10   7.1670E+10   7.1900E+10   7.0479E+10   7.1178E+10   7.1984E+10   7.0494E+10   7.1184E+10   5.5572E+10   0.0000E+00
   7.1671E+02   2.9437E+12   6.9317E+10   7.8030E+10   7.8092E+10   7.6806E+10   7.7388E+10   7.8147E+10   7.7300E+10   7.7472E+10   6.2316E+10   0.0000E+00
   7.6843E+02   2.5036E+12   7.7956E+10   8.6796E+10   8.6670E+10   8.5544E+10   8.6042E+10   8.6644E+10   8.6012E+10   8.6109E+10   7.0754E+10   0.0000E+00
   8.2389E+02   2.5029E+12   8.9211E+10   9.7804E+10   9.7519E+10   9.6491E+10   9.6905E+10   9.7372E+10   9.6747E+10   9.6954E+10   8.0502E+10   0.0000E+00
   8.8334E+02   2.3052E+12   1.0140E+11   1.1004E+11   1.0959E+11   1.0866E+11   1.0896E+11   1.0932E+11   1.0885E+11   1.0903E+11   9.1319E+10   0.0000E+00
   9.4709E+02   8.5278E+12   4.9079E+11   4.9008E+11   4.7648E+11   4.6556E+11   4.4018E+11   4.4750E+11   4.6770E+11   4.5921E+11   1.0341E+11   0.0000E+00
   1.0154E+03   9.2743E+12   9.5420E+11   9.4556E+11   9.1456E+11   8.8808E+11   8.4040E+11   8.4741E+11   8.8575E+11   8.7551E+11   1.0871E+11   0.0000E+00
   1.0887E+03   8.9987E+12   1.3755E+12   1.3646E+12   1.3215E+12   1.2803E+12   1.2147E+12   1.2136E+12   1.2645E+12   1.2597E+12   1.1417E+11   0.0000E+00
   1.1673E+03   7.7815E+12   1.4574E+12   1.4449E+12   1.3970E+12   1.3510E+12   1.2776E+12   1.2702E+12   1.3257E+12   1.3254E+12   1.2002E+11   0.0000E+00
   1.2515E+03   7.2349E+12   1.4186E+12   1.4053E+12   1.3581E+12   1.3140E+12   1.2409E+12   1.2315E+12   1.2873E+12   1.2874E+12   1.0751E+11   0.0000E+00
   1.3419E+03   6.8818E+12   1.5849E+12   1.5691E+12   1.5173E+12   1.4619E+12   1.3735E+12   1.3507E+12   1.4140E+12   1.4248E+12   8.8941E+10   0.0000E+00
   1.4387E+03   5.7993E+12   1.4807E+12   1.4662E+12   1.4191E+12   1.3663E+12   1.2836E+12   1.2587E+12   1.3159E+12   1.3301E+12   7.3549E+10   0.0000E+00
   1.5425E+03   4.1487E+12   1.2773E+12   1.2662E+12   1.2278E+12   1.1806E+12   1.1101E+12   1.0846E+12   1.1304E+12   1.1480E+12   6.0828E+10   0.0000E+00
   1.6538E+03   4.0439E+12   1.1486E+12   1.1385E+12   1.1050E+12   1.0640E+12   1.0013E+12   9.7853E+11   1.0199E+12   1.0348E+12   5.0303E+10   0.0000E+00
   1.7732E+03   3.5923E+12   1.1191E+12   1.1091E+12   1.0774E+12   1.0361E+12   9.7480E+11   9.5006E+11   9.8721E+11   1.0064E+12   4.1575E+10   0.0000E+00
   1.9012E+03   3.0292E+12   9.8905E+11   9.8005E+11   9.5193E+11   9.1429E+11   8.5989E+11   8.3736E+11   8.6856E+11   8.8768E+11   3.4266E+10   0.0000E+00
   2.0384E+03   2.6905E+12   9.0071E+11   8.9154E+11   8.6449E+11   8.2832E+11   7.7704E+11   7.5694E+11   7.8509E+11   8.0370E+11   2.7605E+10   0.0000E+00
   2.1855E+03   2.3286E+12   7.8661E+11   7.7827E+11   7.5428E+11   7.2177E+11   6.7682E+11   6.6030E+11   6.8380E+11   7.0065E+11   2.2311E+10   0.0000E+00
   2.3432E+03   1.8559E+12   6.3693E+11   6.3114E+11   6.1335E+11   5.8885E+11   5.5460E+11   5.4065E+11   5.5926E+11   5.7223E+11   1.8063E+10   0.0000E+00
   2.5123E+03   1.5796E+12   6.2006E+11   6.1509E+11   5.9985E+11   5.7728E+11   5.4580E+11   5.3029E+11   5.4590E+11   5.6072E+11   1.4720E+10   0.0000E+00
   2.6936E+03   1.4676E+12   6.4049E+11   6.3578E+11   6.2180E+11   5.9884E+11   5.6865E+11   5.5188E+11   5.6377E+11   5.8207E+11   1.2108E+10   0.0000E+00
   2.8880E+03   1.3033E+12   6.1605E+11   6.1174E+11   5.9936E+11   5.7759E+11   5.5006E+11   5.3363E+11   5.4221E+11   5.6173E+11   9.8697E+09   0.0000E+00
   3.0964E+03   1.1928E+12   6.2102E+11   6.1685E+11   6.0548E+11   5.8379E+11   5.5773E+11   5.4092E+11   5.4594E+11   5.6810E+11   8.0612E+09   0.0000E+00
   3.3199E+03   1.0716E+12   5.8978E+11   5.8600E+11   5.7603E+11   5.5589E+11   5.3262E+11   5.1671E+11   5.1920E+11   5.4144E+11   6.6030E+09   0.0000E+00
   3.5595E+03   9.8744E+11   5.7870E+11   5.7515E+11   5.6615E+11   5.4698E+11   5.2566E+11   5.1019E+11   5.1053E+11   5.3330E+11   5.4288E+09   0.0000E+00
   3.8163E+03   1.3606E+12   9.1964E+11   9.1385E+11   8.9929E+11   8.6909E+11   8.3366E+11   8.0623E+11   8.0931E+11   8.4564E+11   4.4844E+09   0.0000E+00
   4.0918E+03   1.3030E+12   9.1759E+11   9.1214E+11   8.9936E+11   8.7062E+11   8.4007E+11   8.1492E+11   8.1110E+11   8.4962E+11   3.7301E+09   0.0000E+00
   4.3870E+03   1.2610E+12   9.3793E+11   9.3245E+11   9.2012E+11   8.9202E+11   8.6256E+11   8.3686E+11   8.3148E+11   8.7110E+11   3.1356E+09   0.0000E+00
   4.7036E+03   1.1621E+12   8.8497E+11   8.7997E+11   8.6910E+11   8.4396E+11   8.1883E+11   7.9576E+11   7.8814E+11   8.2559E+11   2.6757E+09   0.0000E+00
   5.0431E+03   1.0134E+12   7.8815E+11   7.8382E+11   7.7471E+11   7.5347E+11   7.3309E+11   7.1350E+11   7.0512E+11   7.3818E+11   2.2936E+09   0.0000E+00
   5.4070E+03   8.9241E+11   7.0782E+11   7.0407E+11   6.9638E+11   6.7853E+11   6.6210E+11   6.4546E+11   6.3679E+11   6.6584E+11   1.9761E+09   0.0000E+00
   5.7973E+03   8.4398E+11   6.8356E+11   6.8001E+11   6.7306E+11   6.5695E+11   6.4311E+11   6.2808E+11   6.1804E+11   6.4581E+11   1.7104E+09   0.0000E+00
   6.2156E+03   7.3527E+11   6.0393E+11   6.0090E+11   5.9504E+11   5.8161E+11   5.7050E+11   5.5791E+11   5.4867E+11   5.7246E+11   1.4886E+09   0.0000E+00
   6.6642E+03   6.5508E+11   5.4450E+11   5.4183E+11   5.3676E+11   5.2538E+11   5.1631E+11   5.0548E+11   4.9679E+11   5.1768E+11   1.2952E+09   0.0000E+00
   7.1451E+03   5.8049E+11   4.8811E+11   4.8580E+11   4.8145E+11   4.7190E+11   4.6452E+11   4.5531E+11   4.4751E+11   4.6548E+11   1.1284E+09   0.0000E+00
   7.6608E+03   5.2509E+11   4.4685E+11   4.4479E+11   4.4101E+11   4.3290E+11   4.2691E+11   4.1893E+11   4.1159E+11   4.2748E+11   9.9141E+08   0.0000E+00
   8.2136E+03   4.7240E+11   4.0644E+11   4.0463E+11   4.0134E+11   3.9443E+11   3.8944E+11   3.8251E+11   3.7590E+11   3.8979E+11   8.8088E+08   0.0000E+00
   8.8064E+03   3.9469E+11   3.4171E+11   3.4027E+11   3.3762E+11   3.3215E+11   3.2816E+11   3.2253E+11   3.1736E+11   3.2842E+11   7.9693E+08   0.0000E+00
   9.4420E+03   3.7591E+11   3.2919E+11   3.2785E+11   3.2542E+11   3.2052E+11   3.1703E+11   3.1187E+11   3.0690E+11   3.1715E+11   6.9883E+08   3.8949E+08
   1.0123E+04   3.3346E+11   2.9452E+11   2.9336E+11   2.9130E+11   2.8727E+11   2.8457E+11   2.8023E+11   2.7572E+11   2.8452E+11   6.2184E+08   4.3827E+08
   1.0854E+04   2.8528E+11   2.5386E+11   2.5290E+11   2.5122E+11   2.4801E+11   2.4594E+11   2.4242E+11   2.3860E+11   2.4582E+11   5.6752E+08   4.8685E+08
   1.1637E+04   2.5066E+11   2.2494E+11   2.2412E+11   2.2271E+11   2.2007E+11   2.1848E+11   2.1556E+11   2.1220E+11   2.1831E+11   5.3621E+08   5.3363E+08
   1.2477E+04   2.0911E+11   1.8838E+11   1.8774E+11   1.8663E+11   1.8458E+11   1.8334E+11   1.8102E+11   1.7839E+11   1.8319E+11   5.0543E+08   5.7765E+08
   1.3377E+04   1.8539E+11   1.6836E+11   1.6781E+11   1.6688E+11   1.6520E+11   1.6424E+11   1.6232E+11   1.6001E+11   1.6407E+11   4.7012E+08   6.1381E+08
   1.4343E+04   1.6409E+11   1.5017E+11   1.4971E+11   1.4891E+11   1.4753E+11   1.4678E+11   1.4518E+11   1.4319E+11   1.4661E+11   4.4635E+08   6.4102E+08
   1.5378E+04   1.4379E+11   1.3209E+11   1.3171E+11   1.3106E+11   1.2994E+11   1.2933E+11   1.2799E+11   1.2635E+11   1.2918E+11   4.3527E+08   6.6073E+08
   1.6488E+04   1.3271E+11   1.2308E+11   1.2274E+11   1.2217E+11   1.2122E+11   1.2076E+11   1.1962E+11   1.1811E+11   1.2059E+11   4.1961E+08   6.7206E+08
   1.7678E+04   1.1374E+11   1.0608E+11   1.0581E+11   1.0536E+11   1.0461E+11   1.0426E+11   1.0334E+11   1.0211E+11   1.0411E+11   3.8912E+08   6.7207E+08
   1.8953E+04   8.7295E+10   8.1784E+10   8.1592E+10   8.1269E+10   8.0737E+10   8.0481E+10   7.9817E+10   7.8951E+10   8.0379E+10   3.6706E+08   6.6383E+08
   2.0321E+04   7.4038E+10   6.9911E+10   6.9758E+10   6.9500E+10   6.9086E+10   6.8905E+10   6.8385E+10   6.7676E+10   6.8814E+10   3.5387E+08   6.4918E+08
   2.1788E+04   5.7086E+10   5.4199E+10   5.4090E+10   5.3906E+10   5.3613E+10   5.3483E+10   5.3107E+10   5.2604E+10   5.3418E+10   3.5105E+08   6.2910E+08
   2.3360E+04   4.8347E+10   4.6500E+10   4.6413E+10   4.6266E+10   4.6040E+10   4.5960E+10   4.5673E+10   4.5254E+10   4.5900E+10   3.9418E+08   6.0505E+08
   2.5046E+04   2.8823E+10   2.8000E+10   2.7957E+10   2.7876E+10   2.7746E+10   2.7687E+10   2.7525E+10   2.7318E+10   2.7663E+10   4.6788E+08   5.8045E+08
   2.6854E+04   2.6204E+10   2.5774E+10   2.5736E+10   2.5668E+10   2.5561E+10   2.5518E+10   2.5379E+10   2.5197E+10   2.5493E+10   5.8207E+08   5.5788E+08
   2.8792E+04   2.2986E+10   2.3053E+10   2.3022E+10   2.2966E+10   2.2879E+10   2.2850E+10   2.2736E+10   2.2584E+10   2.2827E+10   7.6160E+08   5.4459E+08
   3.0869E+04   1.5301E+10   1.6050E+10   1.6032E+10   1.5999E+10   1.5940E+10   1.5918E+10   1.5839E+10   1.5751E+10   1.5904E+10   1.0504E+09   5.9896E+08
   3.3097E+04   1.2703E+10   2.2594E+10   2.2579E+10   2.2554E+10   2.2475E+10   2.2425E+10   2.2309E+10   2.2230E+10   2.2414E+10   1.5278E+09   9.6694E+09
   3.5486E+04   1.1271E+10   1.3581E+10   1.3571E+10   1.3553E+10   1.3504E+10   1.3498E+10   1.3437E+10   1.3377E+10   1.3484E+10   2.2878E+09   5.4725E+08
   3.8047E+04   7.8873E+09   1.1112E+10   1.1105E+10   1.1097E+10   1.1055E+10   1.1052E+10   1.0999E+10   1.0962E+10   1.1040E+10   3.1192E+09   4.7937E+08
   4.0792E+04   6.7185E+09   1.1175E+10   1.1169E+10   1.1165E+10   1.1122E+10   1.1123E+10   1.1070E+10   1.1039E+10   1.1110E+10   4.2614E+09   4.7369E+08
   4.3736E+04   5.0757E+09   1.1222E+10   1.1217E+10   1.1219E+10   1.1175E+10   1.1179E+10   1.1123E+10   1.1101E+10   1.1165E+10   5.8337E+09   5.0259E+08
   4.6893E+04   3.6636E+09   1.2107E+10   1.2102E+10   1.2111E+10   1.2063E+10   1.2069E+10   1.2008E+10   1.1992E+10   1.2053E+10   8.0024E+09   5.6979E+08
   5.0277E+04   2.9066E+09   1.4467E+10   1.4460E+10   1.4476E+10   1.4421E+10   1.4429E+10   1.4358E+10   1.4346E+10   1.4411E+10   1.0940E+10   7.1267E+08
   5.3905E+04   2.3355E+09   1.6398E+10   1.6391E+10   1.6411E+10   1.6353E+10   1.6362E+10   1.6286E+10   1.6276E+10   1.6343E+10   1.3071E+10   1.0662E+09
   5.7795E+04   1.9114E+09   1.9361E+10   1.9353E+10   1.9376E+10   1.9315E+10   1.9322E+10   1.9239E+10   1.9229E+10   1.9301E+10   1.5051E+10   2.4934E+09
   6.1966E+04   1.5223E+09   3.3679E+10   3.3670E+10   3.3698E+10   3.3611E+10   3.3594E+10   3.3467E+10   3.3448E+10   3.3573E+10   1.6612E+10   1.6036E+10
   6.6438E+04   1.1723E+09   2.3130E+10   2.3121E+10   2.3148E+10   2.3085E+10   2.3091E+10   2.3002E+10   2.2995E+10   2.3070E+10   1.8163E+10   3.8877E+09
   7.1233E+04   9.1979E+08   2.6288E+10   2.6279E+10   2.6307E+10   2.6240E+10   2.6243E+10   2.6149E+10   2.6140E+10   2.6222E+10   1.9143E+10   6.3680E+09
   7.6374E+04   7.3585E+08   4.0360E+10   4.0350E+10   4.0384E+10   4.0272E+10   4.0244E+10   4.0080E+10   4.0059E+10   4.0220E+10   1.9089E+10   2.1194E+10
   8.1885E+04   5.9271E+08   2.6486E+10   2.6481E+10   2.6515E+10   2.6362E+10   2.6355E+10   2.6161E+10   2.6147E+10   2.6318E+10   1.7449E+10   8.8319E+09
   8.7795E+04   4.8624E+08   2.1085E+10   2.1099E+10   2.1112E+10   2.0882E+10   2.0871E+10   2.0615E+10   2.0612E+10   2.0830E+10   1.5205E+10   5.7337E+09
   9.4131E+04   3.9591E+08   1.5645E+10   1.5681E+10   1.5665E+10   1.5389E+10   1.5380E+10   1.5109E+10   1.5136E+10   1.5347E+10   1.3547E+10   1.6481E+09
   1.0092E+05   3.2336E+08   1.6184E+10   1.6213E+10   1.6208E+10   1.5947E+10   1.5951E+10   1.5693E+10   1.5715E+10   1.5913E+10   1.4684E+10   1.0492E+09
   1.0821E+05   2.5085E+08   1.7957E+10   1.7972E+10   1.7986E+10   1.7765E+10   1.7776E+10   1.7544E+10   1.7557E+10   1.7735E+10   1.6119E+10   1.5221E+09
   1.1602E+05   1.9649E+08   1.9825E+10   1.9828E+10   1.9854E+10   1.9682E+10   1.9692E+10   1.9498E+10   1.9504E+10   1.9654E+10   1.7029E+10   2.6274E+09
   1.2439E+05   1.5601E+08   1.8823E+10   1.8820E+10   1.8849E+10   1.8728E+10   1.8740E+10   1.8597E+10   1.8602E+10   1.8709E+10   1.7125E+10   1.5155E+09
   1.3337E+05   1.2604E+08   1.7450E+10   1.7444E+10   1.7470E+10   1.7386E+10   1.7397E+10   1.7294E+10   1.7299E+10   1.7374E+10   1.6578E+10   7.0090E+08
   1.4299E+05   1.0320E+08   1.6333E+10   1.6328E+10   1.6350E+10   1.6281E+10   1.6290E+10   1.6205E+10   1.6211E+10   1.6271E+10   1.5841E+10   3.4143E+08
   1.5331E+05   8.4745E+07   1.5937E+10   1.5933E+10   1.5954E+10   1.5875E+10   1.5884E+10   1.5791E+10   1.5800E+10   1.5865E+10   1.5495E+10   2.9843E+08
   1.6437E+05   7.1287E+07   1.8388E+10   1.8386E+10   1.8405E+10   1.8303E+10   1.8303E+10   1.8184E+10   1.8196E+10   1.8283E+10   1.5263E+10   3.0976E+09
   1.7624E+05   5.9900E+07   1.5652E+10   1.5651E+10   1.5668E+10   1.5558E+10   1.5564E+10   1.5445E+10   1.5465E+10   1.5544E+10   1.5036E+10   4.7462E+08
   1.8895E+05   5.0782E+07   1.5309E+10   1.5309E+10   1.5323E+10   1.5214E+10   1.5218E+10   1.5101E+10   1.5125E+10   1.5200E+10   1.4648E+10   5.3087E+08
   2.0259E+05   4.3878E+07   1.4851E+10   1.4850E+10   1.4863E+10   1.4770E+10   1.4772E+10   1.4671E+10   1.4693E+10   1.4757E+10   1.4021E+10   7.2746E+08
   2.1721E+05   3.8490E+07   1.4792E+10   1.4790E+10   1.4802E+10   1.4723E+10   1.4722E+10   1.4635E+10   1.4654E+10   1.4711E+10   1.3317E+10   1.4147E+09
   2.3289E+05   3.3604E+07   1.3717E+10   1.3715E+10   1.3725E+10   1.3660E+10   1.3659E+10   1.3587E+10   1.3605E+10   1.3650E+10   1.2628E+10   1.0268E+09
   2.4969E+05   2.8888E+07   1.2534E+10   1.2532E+10   1.2541E+10   1.2488E+10   1.2487E+10   1.2428E+10   1.2445E+10   1.2481E+10   1.1932E+10   5.3763E+08
   2.6771E+05   2.5408E+07   1.1677E+10   1.1674E+10   1.1683E+10   1.1639E+10   1.1639E+10   1.1590E+10   1.1604E+10   1.1633E+10   1.1102E+10   5.2130E+08
   2.8703E+05   2.2403E+07   1.0897E+10   1.0894E+10   1.0902E+10   1.0867E+10   1.0866E+10   1.0825E+10   1.0837E+10   1.0862E+10   1.0318E+10   5.3499E+08
   3.0775E+05   1.9435E+07   1.0186E+10   1.0184E+10   1.0191E+10   1.0162E+10   1.0161E+10   1.0128E+10   1.0137E+10   1.0158E+10   9.5948E+09   5.5629E+08
   3.2996E+05   1.6855E+07   9.5484E+09   9.5463E+09   9.5529E+09   9.5291E+09   9.5283E+09   9.5001E+09   9.5083E+09   9.5255E+09   8.9283E+09   5.9262E+08
   3.5377E+05   1.4503E+07   8.9906E+09   8.9886E+09   8.9947E+09   8.9750E+09   8.9742E+09   8.9506E+09   8.9574E+09   8.9720E+09   8.3139E+09   6.5580E+08
   3.7930E+05   1.2768E+07   8.5068E+09   8.5049E+09   8.5105E+09   8.4944E+09   8.4935E+09   8.4737E+09   8.4793E+09   8.4918E+09   7.7380E+09   7.5371E+08
   4.0667E+05   1.1015E+07   7.9699E+09   7.9680E+09   7.9733E+09   7.9608E+09   7.9602E+09   7.9439E+09   7.9476E+09   7.9586E+09   7.0727E+09   8.8828E+08
   4.3602E+05   9.4874E+06   7.5539E+09   7.5521E+09   7.5571E+09   7.5473E+09   7.5469E+09   7.5334E+09   7.5357E+09   7.5455E+09   6.4917E+09   1.0585E+09
   4.6749E+05   8.0429E+06   7.2405E+09   7.2388E+09   7.2434E+09   7.2358E+09   7.2354E+09   7.2242E+09   7.2255E+09   7.2342E+09   5.9830E+09   1.2581E+09
   5.0123E+05   6.9339E+06   7.0082E+09   7.0067E+09   7.0108E+09   7.0049E+09   7.0045E+09   6.9952E+09   6.9958E+09   7.0036E+09   5.5365E+09   1.4755E+09
   5.3740E+05   5.8030E+06   6.8318E+09   6.8305E+09   6.8342E+09   6.8296E+09   6.8292E+09   6.8214E+09   6.8216E+09   6.8285E+09   5.1437E+09   1.6944E+09
   5.7618E+05   4.8583E+06   6.6877E+09   6.6865E+09   6.6898E+09   6.6862E+09   6.6858E+09   6.6793E+09   6.6792E+09   6.6854E+09   4.7972E+09   1.8983E+09
   6.1776E+05   4.0687E+06   6.5029E+09   6.5019E+09   6.5048E+09   6.5019E+09   6.5016E+09   6.4962E+09   6.4959E+09   6.5014E+09   4.4415E+09   2.0699E+09
   6.6235E+05   3.3180E+06   6.2453E+09   6.2445E+09   6.2468E+09   6.2446E+09   6.2443E+09   6.2399E+09   6.2395E+09   6.2443E+09   4.0598E+09   2.1940E+09
   7.1015E+05   2.6446E+06   5.9723E+09   5.9716E+09   5.9736E+09   5.9718E+09   5.9716E+09   5.9679E+09   5.9675E+09   5.9717E+09   3.7175E+09   2.2629E+09
   7.6140E+05   2.1175E+06   5.6734E+09   5.6728E+09   5.6744E+09   5.6731E+09   5.6729E+09   5.6699E+09   5.6695E+09   5.6731E+09   3.4097E+09   2.2711E+09
   8.1635E+05   1.6305E+06   5.3457E+09   5.3452E+09   5.3466E+09   5.3455E+09   5.3453E+09   5.3430E+09   5.3426E+09   5.3457E+09   3.1321E+09   2.2201E+09
   8.7526E+05   1.2691E+06   4.8919E+09   4.8915E+09   4.8926E+09   4.8918E+09   4.8916E+09   4.8898E+09   4.8895E+09   4.8920E+09   2.7793E+09   2.1180E+09
   9.3842E+05   9.7670E+05   4.3495E+09   4.3492E+09   4.3500E+09   4.3494E+09   4.3493E+09   4.3479E+09   4.3477E+09   4.3497E+09   2.3800E+09   1.9739E+09
   1.0061E+06   6.9779E+05   3.8346E+09   3.8344E+09   3.8350E+09   3.8346E+09   3.8345E+09   3.8334E+09   3.8332E+09   3.8349E+09   2.0396E+09   1.7986E+09
   1.0788E+06   4.9334E+05   3.3519E+09   3.3517E+09   3.3522E+09   3.3519E+09   3.3518E+09   3.3510E+09   3.3509E+09   3.3522E+09   1.7492E+09   1.6056E+09
   1.1566E+06   3.4883E+05   2.9092E+09   2.9091E+09   2.9095E+09   2.9093E+09   2.9092E+09   2.9086E+09   2.9085E+09   2.9096E+09   1.5011E+09   1.4104E+09
   1.2401E+06   2.4668E+05   2.4497E+09   2.4497E+09   2.4499E+09   2.4498E+09   2.4497E+09   2.4493E+09   2.4492E+09   2.4501E+09   1.2310E+09   1.2205E+09
   1.3296E+06   1.7447E+05   2.0166E+09   2.0166E+09   2.0167E+09   2.0166E+09   2.0166E+09   2.0163E+09   2.0162E+09   2.0169E+09   9.7080E+08   1.0472E+09
   1.4255E+06   1.2341E+05   1.6403E+09   1.6403E+09   1.6404E+09   1.6403E+09   1.6403E+09   1.6401E+09   1.6400E+09   1.6406E+09   7.6594E+08   8.7537E+08
   1.5284E+06   8.7310E+04   1.3078E+09   1.3077E+09   1.3078E+09   1.3078E+09   1.3078E+09   1.3076E+09   1.3076E+09   1.3080E+09   6.0456E+08   7.0390E+08
   1.6387E+06   6.1778E+04   1.0366E+09   1.0366E+09   1.0367E+09   1.0366E+09   1.0366E+09   1.0365E+09   1.0365E+09   1.0368E+09   4.7736E+08   5.5975E+08
   1.7570E+06   4.3720E+04   8.1742E+08   8.1741E+08   8.1746E+08   8.1743E+08   8.1743E+08   8.1736E+08   8.1734E+08   8.1757E+08   3.7707E+08   4.4069E+08
   1.8838E+06   3.0946E+04   6.4137E+08   6.4136E+08   6.4139E+08   6.4138E+08   6.4137E+08   6.4132E+08   6.4131E+08   6.4149E+08   2.9796E+08   3.4364E+08
   2.0197E+06   2.1909E+04   4.8467E+08   4.8467E+08   4.8469E+08   4.8468E+08   4.8467E+08   4.8464E+08   4.8464E+08   4.8476E+08   2.2007E+08   2.6476E+08
   2.1655E+06   1.5514E+04   3.6363E+08   3.6363E+08   3.6364E+08   3.6364E+08   3.6363E+08   3.6361E+08   3.6361E+08   3.6370E+08   1.6175E+08   2.0199E+08
   2.3217E+06   1.0988E+04   2.7133E+08   2.7133E+08   2.7134E+08   2.7134E+08   2.7133E+08   2.7132E+08   2.7132E+08   2.7138E+08   1.1890E+08   1.5251E+08
   2.4893E+06   7.7840E+03   2.0141E+08   2.0141E+08   2.0142E+08   2.0141E+08   2.0141E+08   2.0141E+08   2.0140E+08   2.0145E+08   8.7416E+07   1.1405E+08
   2.6689E+06   5.5157E+03   1.4875E+08   1.4875E+08   1.4875E+08   1.4875E+08   1.4875E+08   1.4874E+08   1.4874E+08   1.4878E+08   6.4280E+07   8.4501E+07
   2.8616E+06   3.9094E+03   1.0930E+08   1.0930E+08   1.0930E+08   1.0930E+08   1.0930E+08   1.0930E+08   1.0930E+08   1.0932E+08   4.7275E+07   6.2046E+07
   3.0681E+06   2.7717E+03   7.9480E+07   7.9479E+07   7.9481E+07   7.9480E+07   7.9480E+07   7.9478E+07   7.9477E+07   7.9495E+07   3.4268E+07   4.5225E+07
   3.2895E+06   1.9657E+03   5.6816E+07   5.6816E+07   5.6817E+07   5.6817E+07   5.6817E+07   5.6815E+07   5.6815E+07   5.6828E+07   2.4086E+07   3.2739E+07
   3.5269E+06   1.3945E+03   4.0456E+07   4.0456E+07   4.0457E+07   4.0456E+07   4.0456E+07   4.0456E+07   4.0455E+07   4.0464E+07   1.6930E+07   2.3532E+07
   3.7814E+06   9.8960E+02   2.8704E+07   2.8704E+07   2.8704E+07   2.8704E+07   2.8704E+07   2.8704E+07   2.8703E+07   2.8710E+07   1.1901E+07   1.6807E+07
   4.0543E+06   7.0252E+02   2.0302E+07   2.0302E+07   2.0302E+07   2.0302E+07   2.0302E+07   2.0301E+07   2.0301E+07   2.0306E+07   8.3665E+06   1.1938E+07
   4.3469E+06   4.9890E+02   1.4314E+07   1.4314E+07   1.4314E+07   1.4314E+07   1.4314E+07   1.4313E+07   1.4313E+07   1.4316E+07   5.8819E+06   8.4333E+06
   4.6606E+06   3.5444E+02   1.0063E+07   1.0063E+07   1.0063E+07   1.0063E+07   1.0063E+07   1.0063E+07   1.0063E+07   1.0065E+07   4.1354E+06   5.9285E+06
   4.9969E+06   2.5192E+02   6.9730E+06   6.9730E+06   6.9731E+06   6.9730E+06   6.9730E+06   6.9730E+06   6.9730E+06   6.9744E+06   2.8255E+06   4.1482E+06
   5.3576E+06   1.7912E+02   4.7986E+06   4.7986E+06   4.7986E+06   4.7986E+06   4.7986E+06   4.7985E+06   4.7985E+06   4.7995E+06   1.9084E+06   2.8906E+06
   5.7442E+06   1.2743E+02   3.2955E+06   3.2955E+06   3.2955E+06   3.2955E+06   3.2955E+06   3.2954E+06   3.2954E+06   3.2961E+06   1.2890E+06   2.0067E+06
   6.1587E+06   9.0693E+01   2.2590E+06   2.2590E+06   2.2590E+06   2.2590E+06   2.2590E+06   2.2590E+06   2.2590E+06   2.2595E+06   8.7061E+05   1.3886E+06
   6.6032E+06   6.4582E+01   1.5453E+06   1.5453E+06   1.5453E+06   1.5453E+06   1.5453E+06   1.5453E+06   1.5453E+06   1.5456E+06   5.8804E+05   9.5735E+05
   7.0797E+06   4.6013E+01   1.0553E+06   1.0553E+06   1.0553E+06   1.0553E+06   1.0553E+06   1.0553E+06   1.0553E+06   1.0555E+06   3.9718E+05   6.5816E+05
   7.5907E+06   3.2802E+01   7.1957E+05   7.1957E+05   7.1957E+05   7.1957E+05   7.1957E+05   7.1957E+05   7.1957E+05   7.1971E+05   2.6827E+05   4.5133E+05
   8.1385E+06   2.3398E+01   4.8985E+05   4.8985E+05   4.8985E+05   4.8985E+05   4.8985E+05   4.8985E+05   4.8985E+05   4.8995E+05   1.8120E+05   3.0867E+05
   8.7258E+06   1.6701E+01   3.3301E+05   3.3301E+05   3.3301E+05   3.3301E+05   3.3301E+05   3.3301E+05   3.3301E+05   3.3308E+05   1.2239E+05   2.1063E+05
   9.3555E+06   1.1928E+01   2.2607E+05   2.2607E+05   2.2607E+05   2.2607E+05   2.2607E+05   2.2607E+05   2.2607E+05   2.2612E+05   8.2672E+04   1.4341E+05
   1.0031E+07   8.5252E+00   1.5328E+05   1.5328E+05   1.5328E+05   1.5328E+05   1.5328E+05   1.5328E+05   1.5328E+05   1.5331E+05   5.5843E+04   9.7440E+04
   1.0755E+07   6.0975E+00   1.0380E+05   1.0380E+05   1.0380E+05   1.0380E+05   1.0380E+05   1.0380E+05   1.0380E+05   1.0382E+05   3.7720E+04   6.6081E+04
   1.1531E+07   4.3643E+00   7.0214E+04   7.0214E+04   7.0214E+04   7.0214E+04   7.0214E+04   7.0214E+04   7.0214E+04   7.0228E+04   2.5479E+04   4.4736E+04
   1.2363E+07   3.1263E+00   4.7448E+04   4.7448E+04   4.7448E+04   4.7448E+04   4.7448E+04   4.7448E+04   4.7448E+04   4.7458E+04   1.7211E+04   3.0238E+04
   1.3255E+07   2.2412E+00   3.2034E+04   3.2034E+04   3.2034E+04   3.2034E+04   3.2034E+04   3.2034E+04   3.2034E+04   3.2041E+04   1.1626E+04   2.0409E+04
   1.4212E+07   1.6080E+00   2.1609E+04   2.1609E+04   2.1609E+04   2.1609E+04   2.1609E+04   2.1609E+04   2.1609E+04   2.1613E+04   7.8529E+03   1.3756E+04
   1.5237E+07   1.1548E+00   1.4566E+04   1.4566E+04   1.4566E+04   1.4566E+04   1.4566E+04   1.4566E+04   1.4566E+04   1.4569E+04   5.3047E+03   9.2610E+03
   1.6337E+07   8.3002E-01   9.8110E+03   9.8110E+03   9.8110E+03   9.8110E+03   9.8110E+03   9.8110E+03   9.8110E+03   9.8130E+03   3.5834E+03   6.2276E+03
   1.7516E+07   5.9714E-01   6.6042E+03   6.6042E+03   6.6042E+03   6.6042E+03   6.6042E+03   6.6042E+03   6.6042E+03   6.6056E+03   2.4206E+03   4.1836E+03
   1.8780E+07   4.3002E-01   4.4430E+03   4.4430E+03   4.4430E+03   4.4430E+03   4.4430E+03   4.4430E+03   4.4430E+03   4.4439E+03   1.6352E+03   2.8077E+03
   2.0135E+07   3.0997E-01   2.9674E+03   2.9674E+03   2.9674E+03   2.9674E+03   2.9674E+03   2.9674E+03   2.9674E+03   2.9680E+03   1.0846E+03   1.8828E+03
   2.1588E+07   2.2366E-01   1.9793E+03   1.9793E+03   1.9793E+03   1.9793E+03   1.9793E+03   1.9793E+03   1.9793E+03   1.9798E+03   7.1776E+02   1.2615E+03
   2.3146E+07   1.6155E-01   1.3197E+03   1.3197E+03   1.3197E+03   1.3197E+03   1.3197E+03   1.3197E+03   1.3197E+03   1.3200E+03   4.7499E+02   8.4470E+02
   2.4817E+07   1.1681E-01   8.7959E+02   8.7959E+02   8.7959E+02   8.7959E+02   8.7959E+02   8.7959E+02   8.7959E+02   8.7977E+02   3.1433E+02   5.6522E+02
   2.6608E+07   8.4556E-02   5.8604E+02   5.8604E+02   5.8604E+02   5.8604E+02   5.8604E+02   5.8604E+02   5.8604E+02   5.8616E+02   2.0801E+02   3.7799E+02
   2.8528E+07   6.1273E-02   3.9034E+02   3.9034E+02   3.9034E+02   3.9034E+02   3.9034E+02   3.9034E+02   3.9034E+02   3.9042E+02   1.3766E+02   2.5265E+02
   3.0587E+07   4.4451E-02   2.5992E+02   2.5991E+02   2.5992E+02   2.5992E+02   2.5991E+02   2.5991E+02   2.5991E+02   2.5997E+02   9.1096E+01   1.6880E+02
   3.2794E+07   3.2284E-02   1.7303E+02   1.7303E+02   1.7303E+02   1.7303E+02   1.7303E+02   1.7303E+02   1.7303E+02   1.7306E+02   6.0284E+01   1.1272E+02
   3.5161E+07   2.3474E-02   1.1516E+02   1.1516E+02   1.1516E+02   1.1516E+02   1.1516E+02   1.1516E+02   1.1516E+02   1.1518E+02   3.9894E+01   7.5251E+01
   3.7698E+07   1.7088E-02   7.6630E+01   7.6630E+01   7.6630E+01   7.6630E+01   7.6630E+01   7.6630E+01   7.6630E+01   7.6646E+01   2.6401E+01   5.0218E+01
   4.0419E+07   1.2454E-02   5.0983E+01   5.0983E+01   5.0983E+01   5.0983E+01   5.0983E+01   5.0983E+01   5.0983E+01   5.0994E+01   1.7471E+01   3.3504E+01
   4.3336E+07   9.0866E-03   3.3915E+01   3.3915E+01   3.3915E+01   3.3915E+01   3.3915E+01   3.3915E+01   3.3915E+01   3.3922E+01   1.1562E+01   2.2347E+01
   4.6463E+07   6.6378E-03   2.2558E+01   2.2558E+01   2.2558E+01   2.2558E+01   2.2558E+01   2.2558E+01   2.2558E+01   2.2562E+01   7.6512E+00   1.4902E+01
   4.9817E+07   4.8546E-03   1.5003E+01   1.5003E+01   1.5003E+01   1.5003E+01   1.5003E+01   1.5003E+01   1.5003E+01   1.5006E+01   5.0633E+00   9.9357E+00
   5.3412E+07   3.5546E-03   9.9771E+00   9.9771E+00   9.9771E+00   9.9771E+00   9.9771E+00   9.9771E+00   9.9771E+00   9.9791E+00   3.3508E+00   6.6236E+00
   5.7266E+07   2.6057E-03   6.6345E+00   6.6345E+00   6.6345E+00   6.6345E+00   6.6345E+00   6.6345E+00   6.6345E+00   6.6359E+00   2.2174E+00   4.4150E+00
   6.1399E+07   1.9123E-03   4.4116E+00   4.4116E+00   4.4116E+00   4.4116E+00   4.4116E+00   4.4116E+00   4.4116E+00   4.4125E+00   1.4674E+00   2.9427E+00
   6.5830E+07   1.4051E-03   2.9335E+00   2.9335E+00   2.9335E+00   2.9335E+00   2.9335E+00   2.9335E+00   2.9335E+00   2.9341E+00   9.7110E-01   1.9612E+00
   7.0581E+07   1.0335E-03   1.9506E+00   1.9506E+00   1.9506E+00   1.9506E+00   1.9506E+00   1.9506E+00   1.9506E+00   1.9509E+00   6.4264E-01   1.3070E+00
   7.5675E+07   7.6107E-04   1.2970E+00   1.2970E+00   1.2970E+00   1.2970E+00   1.2970E+00   1.2970E+00   1.2970E+00   1.2973E+00   4.2528E-01   8.7108E-01
   8.1136E+07   5.6106E-04   8.6247E-01   8.6247E-01   8.6247E-01   8.6247E-01   8.6247E-01   8.6247E-01   8.6247E-01   8.6264E-01   2.8144E-01   5.8055E-01
   8.6991E+07   4.1405E-04   5.7354E-01   5.7354E-01   5.7354E-01   5.7354E-01   5.7354E-01   5.7354E-01   5.7354E-01   5.7365E-01   1.8625E-01   3.8693E-01
   9.3269E+07   3.0588E-04   3.8142E-01   3.8142E-01   3.8142E-01   3.8142E-01   3.8142E-01   3.8142E-01   3.8142E-01   3.8150E-01   1.2325E-01   2.5790E-01
   1.0000E+08   2.2621E-04   2.5368E-01   2.5368E-01   2.5368E-01   2.5368E-01   2.5368E-01   2.5368E-01   2.5368E-01   2.5373E-01   8.1564E-02   1.7191E-01
