 (1): Wavelength (A) 
 (2): Intrinsic SED (1e30 erg/s/A)
 (3 - 9): SED at angles [   0.0000000      0.26183301      0.52366602      0.78549999       1.0473300       1.3091700       1.5710000     ] (1e30 erg/s/A)
 (10): Angle averaged SED (1e30 erg/s/A)
 (11): Molecular cloud emission (1e30 erg/s/A)
 (12): Cirrus emission (1e30 erg/s/A)
  
            1            2            3            4            5            6            7            8            9           10           11           12
   9.5000E+01   7.6127E+10   1.0681E+09   1.0502E+09   1.0330E+09   1.0263E+09   1.0087E+09   1.0038E+09   1.0488E+09   1.0230E+09   6.1056E+05   0.0000E+00
   1.0186E+02   1.9670E+11   1.3423E+09   1.3204E+09   1.2936E+09   1.2763E+09   1.2477E+09   1.2371E+09   1.2835E+09   1.2676E+09   3.7749E+05   0.0000E+00
   1.0921E+02   2.0686E+11   1.3445E+09   1.3226E+09   1.2955E+09   1.2785E+09   1.2492E+09   1.2383E+09   1.2858E+09   1.2694E+09   2.5058E+05   0.0000E+00
   1.1709E+02   2.1583E+11   1.3348E+09   1.3131E+09   1.2855E+09   1.2672E+09   1.2372E+09   1.2254E+09   1.2714E+09   1.2574E+09   1.6458E+05   0.0000E+00
   1.2554E+02   2.5413E+11   1.4033E+09   1.3807E+09   1.3495E+09   1.3265E+09   1.2925E+09   1.2776E+09   1.3223E+09   1.3143E+09   1.0534E+05   0.0000E+00
   1.3460E+02   2.5678E+11   1.3967E+09   1.3743E+09   1.3424E+09   1.3178E+09   1.2830E+09   1.2669E+09   1.3102E+09   1.3049E+09   7.0257E+04   0.0000E+00
   1.4431E+02   3.2323E+11   1.5329E+09   1.5083E+09   1.4710E+09   1.4406E+09   1.3991E+09   1.3795E+09   1.4248E+09   1.4243E+09   4.7099E+04   0.0000E+00
   1.5473E+02   3.5571E+11   1.6050E+09   1.5792E+09   1.5384E+09   1.5039E+09   1.4583E+09   1.4361E+09   1.4827E+09   1.4855E+09   3.1515E+04   0.0000E+00
   1.6589E+02   3.6148E+11   1.6282E+09   1.6022E+09   1.5599E+09   1.5227E+09   1.4754E+09   1.4517E+09   1.4982E+09   1.5034E+09   2.1432E+04   0.0000E+00
   1.7786E+02   3.6405E+11   1.6492E+09   1.6231E+09   1.5793E+09   1.5389E+09   1.4902E+09   1.4651E+09   1.5099E+09   1.5188E+09   1.4747E+04   0.0000E+00
   1.9070E+02   3.6542E+11   1.6766E+09   1.6502E+09   1.6051E+09   1.5619E+09   1.5117E+09   1.4852E+09   1.5284E+09   1.5409E+09   1.0395E+04   0.0000E+00
   2.0446E+02   3.6758E+11   1.7138E+09   1.6869E+09   1.6404E+09   1.5950E+09   1.5430E+09   1.5155E+09   1.5589E+09   1.5732E+09   7.6083E+03   0.0000E+00
   2.1922E+02   3.6844E+11   1.7445E+09   1.7172E+09   1.6692E+09   1.6208E+09   1.5672E+09   1.5384E+09   1.5811E+09   1.5982E+09   5.4331E+03   0.0000E+00
   2.3504E+02   7.8011E+11   4.7283E+09   4.6635E+09   4.5473E+09   4.4058E+09   4.2650E+09   4.1899E+09   4.2829E+09   4.3463E+09   4.0111E+03   0.0000E+00
   2.5200E+02   1.2999E+12   4.7340E+09   4.6671E+09   4.5454E+09   4.4002E+09   4.2544E+09   4.1770E+09   4.2720E+09   4.3384E+09   2.8962E+03   0.0000E+00
   2.7019E+02   1.6436E+12   4.3667E+09   4.3040E+09   4.1898E+09   4.0531E+09   3.9174E+09   3.8445E+09   3.9337E+09   3.9957E+09   2.2062E+03   0.0000E+00
   2.8969E+02   1.6154E+12   3.8430E+09   3.7870E+09   3.6858E+09   3.5634E+09   3.4436E+09   3.3784E+09   3.4578E+09   3.5129E+09   3.2652E+03   0.0000E+00
   3.1059E+02   1.3513E+12   3.4184E+09   3.3675E+09   3.2756E+09   3.1646E+09   3.0570E+09   2.9977E+09   3.0704E+09   3.1195E+09   5.1907E+05   0.0000E+00
   3.3301E+02   1.5685E+12   3.0768E+09   3.0302E+09   2.9459E+09   2.8439E+09   2.7467E+09   2.6924E+09   2.7588E+09   2.8034E+09   4.4711E+05   0.0000E+00
   3.5704E+02   1.6509E+12   2.7049E+09   2.6632E+09   2.5881E+09   2.4967E+09   2.4110E+09   2.3625E+09   2.4215E+09   2.4612E+09   3.8475E+05   0.0000E+00
   3.8280E+02   1.7405E+12   2.3676E+09   2.3311E+09   2.2653E+09   2.1857E+09   2.1107E+09   2.0682E+09   2.1206E+09   2.1547E+09   3.6336E+05   0.0000E+00
   4.1043E+02   2.2453E+12   2.1179E+09   2.0848E+09   2.0249E+09   1.9533E+09   1.8859E+09   1.8471E+09   1.8946E+09   1.9253E+09   3.2766E+05   0.0000E+00
   4.4005E+02   2.1332E+12   1.8222E+09   1.7931E+09   1.7407E+09   1.6776E+09   1.6196E+09   1.5851E+09   1.6259E+09   1.6535E+09   2.6959E+05   0.0000E+00
   4.7181E+02   1.9567E+12   1.5538E+09   1.5284E+09   1.4828E+09   1.4274E+09   1.3782E+09   1.3472E+09   1.3818E+09   1.4068E+09   2.1425E+05   0.0000E+00
   5.0586E+02   1.9131E+12   1.4196E+09   1.3956E+09   1.3499E+09   1.2929E+09   1.2549E+09   1.2147E+09   1.2352E+09   1.2740E+09   6.3142E+04   0.0000E+00
   5.4236E+02   2.0891E+12   1.5239E+09   1.4955E+09   1.4385E+09   1.3629E+09   1.3260E+09   1.2468E+09   1.2536E+09   1.3331E+09   1.6677E+04   0.0000E+00
   5.8151E+02   2.4846E+12   1.4729E+09   1.4412E+09   1.3832E+09   1.3051E+09   1.2668E+09   1.1710E+09   1.1788E+09   1.2690E+09   3.4043E+03   0.0000E+00
   6.2347E+02   2.4127E+12   1.3868E+09   1.3505E+09   1.2890E+09   1.2148E+09   1.1827E+09   1.0729E+09   1.0807E+09   1.1766E+09   6.0383E+02   0.0000E+00
   6.6847E+02   2.3564E+12   1.2941E+09   1.2557E+09   1.1889E+09   1.1232E+09   1.1015E+09   9.8928E+08   9.9286E+08   1.0885E+09   1.3013E+02   0.0000E+00
   7.1671E+02   2.3018E+12   1.3320E+09   1.2870E+09   1.2067E+09   1.1421E+09   1.1219E+09   9.9579E+08   9.9787E+08   1.1039E+09   1.2804E+02   0.0000E+00
   7.6843E+02   1.9800E+12   1.6075E+09   1.5527E+09   1.4548E+09   1.3691E+09   1.3250E+09   1.1604E+09   1.1677E+09   1.3087E+09   4.9986E+02   0.0000E+00
   8.2389E+02   1.9987E+12   2.1535E+09   2.0838E+09   1.9597E+09   1.8322E+09   1.7405E+09   1.5161E+09   1.5354E+09   1.7334E+09   1.5413E+03   0.0000E+00
   8.8334E+02   1.8637E+12   2.8211E+09   2.7320E+09   2.5761E+09   2.4015E+09   2.2521E+09   1.9656E+09   2.0012E+09   2.2596E+09   4.8808E+03   0.0000E+00
   9.4709E+02   8.8147E+12   1.6649E+11   1.6143E+11   1.5378E+11   1.4403E+11   1.3515E+11   1.2431E+11   1.2570E+11   1.3758E+11   1.1547E+04   0.0000E+00
   1.0154E+03   9.9070E+12   3.7764E+11   3.6739E+11   3.5359E+11   3.3212E+11   3.1694E+11   2.9976E+11   3.0066E+11   3.2254E+11   6.7137E+04   0.0000E+00
   1.0887E+03   9.5714E+12   5.9895E+11   5.8486E+11   5.6653E+11   5.3470E+11   5.1447E+11   4.9276E+11   4.9388E+11   5.2308E+11   4.6061E+05   0.0000E+00
   1.1673E+03   8.3907E+12   6.3516E+11   6.2078E+11   6.0191E+11   5.6917E+11   5.4697E+11   5.2590E+11   5.2733E+11   5.5689E+11   3.2178E+06   0.0000E+00
   1.2515E+03   8.1038E+12   6.2575E+11   6.1198E+11   5.9350E+11   5.6232E+11   5.3749E+11   5.1712E+11   5.2013E+11   5.4855E+11   6.6873E+06   0.0000E+00
   1.3419E+03   7.6599E+12   7.0718E+11   6.9263E+11   6.7185E+11   6.3868E+11   6.1043E+11   5.8930E+11   5.9502E+11   6.2355E+11   7.9399E+06   0.0000E+00
   1.4387E+03   6.4184E+12   6.6359E+11   6.5040E+11   6.3125E+11   6.0089E+11   5.7458E+11   5.5555E+11   5.6129E+11   5.8697E+11   9.2542E+06   0.0000E+00
   1.5425E+03   4.4498E+12   5.6880E+11   5.5803E+11   5.4199E+11   5.1670E+11   4.9600E+11   4.8069E+11   4.8483E+11   5.0597E+11   1.0854E+07   0.0000E+00
   1.6538E+03   4.4672E+12   5.1598E+11   5.0644E+11   4.9193E+11   4.6962E+11   4.4875E+11   4.3466E+11   4.3995E+11   4.5860E+11   1.2299E+07   0.0000E+00
   1.7732E+03   3.9298E+12   4.9089E+11   4.8197E+11   4.6812E+11   4.4746E+11   4.2776E+11   4.1483E+11   4.2026E+11   4.3718E+11   1.3136E+07   0.0000E+00
   1.9012E+03   3.2816E+12   4.2595E+11   4.1814E+11   4.0603E+11   3.8810E+11   3.7146E+11   3.6047E+11   3.6508E+11   3.7954E+11   1.1873E+07   0.0000E+00
   2.0384E+03   2.9285E+12   3.7733E+11   3.7003E+11   3.5896E+11   3.4260E+11   3.2808E+11   3.1828E+11   3.2237E+11   3.3526E+11   2.9139E+06   0.0000E+00
   2.1855E+03   2.5406E+12   3.2370E+11   3.1726E+11   3.0763E+11   2.9340E+11   2.8102E+11   2.7257E+11   2.7606E+11   2.8719E+11   9.5057E+05   0.0000E+00
   2.3432E+03   2.0316E+12   2.7347E+11   2.6846E+11   2.6073E+11   2.4927E+11   2.3853E+11   2.3154E+11   2.3474E+11   2.4378E+11   3.2868E+06   0.0000E+00
   2.5123E+03   1.7113E+12   2.6749E+11   2.6302E+11   2.5587E+11   2.4570E+11   2.3499E+11   2.2860E+11   2.3230E+11   2.4019E+11   1.1827E+07   0.0000E+00
   2.6936E+03   1.5485E+12   2.6836E+11   2.6410E+11   2.5719E+11   2.4775E+11   2.3699E+11   2.3093E+11   2.3507E+11   2.4221E+11   3.3447E+07   0.0000E+00
   2.8880E+03   1.3411E+12   2.5161E+11   2.4772E+11   2.4142E+11   2.3304E+11   2.2301E+11   2.1757E+11   2.2171E+11   2.2789E+11   4.1363E+07   0.0000E+00
   3.0964E+03   1.1770E+12   2.4333E+11   2.3966E+11   2.3370E+11   2.2603E+11   2.1647E+11   2.1147E+11   2.1565E+11   2.2115E+11   5.0933E+07   0.0000E+00
   3.3199E+03   1.0310E+12   2.2587E+11   2.2254E+11   2.1721E+11   2.1047E+11   2.0165E+11   1.9724E+11   2.0139E+11   2.0599E+11   6.2706E+07   0.0000E+00
   3.5595E+03   9.1361E+11   2.1581E+11   2.1272E+11   2.0785E+11   2.0179E+11   1.9357E+11   1.8958E+11   1.9365E+11   1.9764E+11   7.7319E+07   0.0000E+00
   3.8163E+03   1.1863E+12   3.5259E+11   3.4775E+11   3.4009E+11   3.3067E+11   3.1834E+11   3.1252E+11   3.1863E+11   3.2461E+11   9.4742E+07   0.0000E+00
   4.0918E+03   1.0653E+12   3.3275E+11   3.2830E+11   3.2147E+11   3.1317E+11   3.0172E+11   2.9658E+11   3.0253E+11   3.0756E+11   1.1610E+08   0.0000E+00
   4.3870E+03   9.8323E+11   3.3435E+11   3.3003E+11   3.2363E+11   3.1597E+11   3.0481E+11   3.0017E+11   3.0627E+11   3.1057E+11   1.4398E+08   0.0000E+00
   4.7036E+03   8.7974E+11   3.0957E+11   3.0568E+11   3.0023E+11   2.9371E+11   2.8357E+11   2.7961E+11   2.8550E+11   2.8882E+11   1.5524E+08   0.0000E+00
   5.0431E+03   7.4430E+11   2.7130E+11   2.6799E+11   2.6365E+11   2.5845E+11   2.4975E+11   2.4657E+11   2.5189E+11   2.5426E+11   1.6141E+08   0.0000E+00
   5.4070E+03   6.3899E+11   2.4130E+11   2.3846E+11   2.3507E+11   2.3095E+11   2.2345E+11   2.2096E+11   2.2584E+11   2.2737E+11   1.6957E+08   0.0000E+00
   5.7973E+03   5.8347E+11   2.2688E+11   2.2428E+11   2.2152E+11   2.1815E+11   2.1130E+11   2.0927E+11   2.1406E+11   2.1491E+11   1.7759E+08   0.0000E+00
   6.2156E+03   4.9564E+11   1.9951E+11   1.9730E+11   1.9522E+11   1.9262E+11   1.8684E+11   1.8528E+11   1.8954E+11   1.8990E+11   1.8530E+08   0.0000E+00
   6.6642E+03   4.3790E+11   1.7899E+11   1.7706E+11   1.7553E+11   1.7358E+11   1.6853E+11   1.6734E+11   1.7133E+11   1.7121E+11   1.8853E+08   0.0000E+00
   7.1451E+03   3.8355E+11   1.6118E+11   1.5950E+11   1.5842E+11   1.5699E+11   1.5266E+11   1.5181E+11   1.5545E+11   1.5498E+11   1.8935E+08   0.0000E+00
   7.6608E+03   3.4569E+11   1.4693E+11   1.4544E+11   1.4479E+11   1.4388E+11   1.4008E+11   1.3952E+11   1.4300E+11   1.4213E+11   1.9176E+08   0.0000E+00
   8.2136E+03   3.1026E+11   1.3450E+11   1.3317E+11   1.3282E+11   1.3228E+11   1.2898E+11   1.2863E+11   1.3188E+11   1.3077E+11   1.9563E+08   0.0000E+00
   8.8064E+03   2.6112E+11   1.1595E+11   1.1485E+11   1.1474E+11   1.1447E+11   1.1181E+11   1.1164E+11   1.1444E+11   1.1327E+11   2.0314E+08   0.0000E+00
   9.4420E+03   2.4791E+11   1.1241E+11   1.1137E+11   1.1149E+11   1.1148E+11   1.0904E+11   1.0903E+11   1.1183E+11   1.1040E+11   1.9938E+08   7.1857E+08
   1.0123E+04   2.1871E+11   1.0023E+11   9.9328E+10   9.9643E+10   9.9894E+10   9.7851E+10   9.7980E+10   1.0055E+11   9.8998E+10   1.9676E+08   8.0842E+08
   1.0854E+04   1.8591E+11   8.7106E+10   8.6359E+10   8.6772E+10   8.7137E+10   8.5491E+10   8.5708E+10   8.7953E+10   8.6434E+10   1.9661E+08   9.0013E+08
   1.1637E+04   1.6069E+11   7.7226E+10   7.6601E+10   7.7071E+10   7.7508E+10   7.6154E+10   7.6426E+10   7.8416E+10   7.6945E+10   2.0004E+08   9.9141E+08
   1.2477E+04   1.3715E+11   6.6987E+10   6.6479E+10   6.6992E+10   6.7487E+10   6.6422E+10   6.6729E+10   6.8450E+10   6.7057E+10   1.9876E+08   1.0810E+09
   1.3377E+04   1.2012E+11   6.0309E+10   5.9886E+10   6.0417E+10   6.0936E+10   6.0069E+10   6.0404E+10   6.1923E+10   6.0601E+10   1.9274E+08   1.1595E+09
   1.4343E+04   1.0457E+11   5.4360E+10   5.4013E+10   5.4527E+10   5.5027E+10   5.4314E+10   5.4652E+10   5.5979E+10   5.4764E+10   1.9046E+08   1.2244E+09
   1.5378E+04   9.3979E+10   4.9602E+10   4.9308E+10   4.9834E+10   5.0352E+10   4.9780E+10   5.0132E+10   5.1321E+10   5.0155E+10   1.9500E+08   1.2777E+09
   1.6488E+04   8.3838E+10   4.6039E+10   4.5798E+10   4.6305E+10   4.6803E+10   4.6332E+10   4.6680E+10   4.7736E+10   4.6652E+10   1.9940E+08   1.3166E+09
   1.7678E+04   7.1986E+10   4.0485E+10   4.0292E+10   4.0763E+10   4.1230E+10   4.0874E+10   4.1203E+10   4.2101E+10   4.1129E+10   1.9648E+08   1.3339E+09
   1.8953E+04   5.6364E+10   3.2665E+10   3.2524E+10   3.2911E+10   3.3290E+10   3.3053E+10   3.3331E+10   3.4014E+10   3.3237E+10   2.0071E+08   1.3342E+09
   2.0321E+04   4.6507E+10   2.8042E+10   2.7937E+10   2.8267E+10   2.8589E+10   2.8412E+10   2.8655E+10   2.9212E+10   2.8558E+10   2.1509E+08   1.3197E+09
   2.1788E+04   3.6507E+10   2.2756E+10   2.2681E+10   2.2951E+10   2.3212E+10   2.3098E+10   2.3299E+10   2.3724E+10   2.3202E+10   2.4501E+08   1.2914E+09
   2.3360E+04   2.8708E+10   1.8996E+10   1.8944E+10   1.9159E+10   1.9362E+10   1.9282E+10   1.9446E+10   1.9774E+10   1.9362E+10   3.0369E+08   1.2518E+09
   2.5046E+04   1.8469E+10   1.2889E+10   1.2858E+10   1.3000E+10   1.3131E+10   1.3099E+10   1.3208E+10   1.3407E+10   1.3142E+10   3.8967E+08   1.2077E+09
   2.6854E+04   1.6703E+10   1.2090E+10   1.2064E+10   1.2199E+10   1.2322E+10   1.2307E+10   1.2410E+10   1.2582E+10   1.2340E+10   5.1551E+08   1.1647E+09
   2.8792E+04   1.4153E+10   1.0929E+10   1.0910E+10   1.1028E+10   1.1133E+10   1.1132E+10   1.1222E+10   1.1361E+10   1.1155E+10   7.0296E+08   1.1384E+09
   3.0869E+04   1.0265E+10   8.7538E+09   8.7396E+09   8.8371E+09   8.9210E+09   8.9392E+09   9.0115E+09   9.1059E+09   8.9476E+09   9.8692E+08   1.2504E+09
   3.3097E+04   8.2800E+09   2.1586E+10   2.1584E+10   2.1884E+10   2.2139E+10   2.2242E+10   2.2460E+10   2.2707E+10   2.2241E+10   1.4214E+09   2.0080E+10
   3.5486E+04   6.9330E+09   7.8473E+09   7.8378E+09   7.9219E+09   7.9852E+09   8.0279E+09   8.0852E+09   8.1339E+09   8.0202E+09   2.0900E+09   1.1395E+09
   3.8047E+04   5.0844E+09   7.2712E+09   7.2627E+09   7.3413E+09   7.3958E+09   7.4533E+09   7.5035E+09   7.5283E+09   7.4362E+09   2.9059E+09   9.9595E+08
   4.0792E+04   4.1625E+09   7.8022E+09   7.7937E+09   7.8756E+09   7.9285E+09   8.0010E+09   8.0510E+09   8.0606E+09   7.9761E+09   4.0376E+09   9.8202E+08
   4.3736E+04   3.1161E+09   8.6748E+09   8.6660E+09   8.7542E+09   8.8071E+09   8.8989E+09   8.9509E+09   8.9439E+09   8.8646E+09   5.6065E+09   1.0397E+09
   4.6893E+04   2.3041E+09   1.0350E+10   1.0340E+10   1.0440E+10   1.0496E+10   1.0612E+10   1.0669E+10   1.0646E+10   1.0567E+10   7.7792E+09   1.1772E+09
   5.0277E+04   1.8377E+09   1.3185E+10   1.3174E+10   1.3291E+10   1.3355E+10   1.3499E+10   1.3567E+10   1.3528E+10   1.3442E+10   1.0728E+10   1.4720E+09
   5.3905E+04   1.4734E+09   1.5765E+10   1.5754E+10   1.5882E+10   1.5952E+10   1.6112E+10   1.6188E+10   1.6143E+10   1.6049E+10   1.2952E+10   2.2039E+09
   5.7795E+04   1.1962E+09   2.0205E+10   2.0197E+10   2.0347E+10   2.0434E+10   2.0612E+10   2.0705E+10   2.0666E+10   2.0545E+10   1.5030E+10   5.1634E+09
   6.1966E+04   9.5478E+08   4.5855E+10   4.5863E+10   4.6199E+10   4.6439E+10   4.6701E+10   4.6937E+10   4.7025E+10   4.6628E+10   1.6587E+10   3.3288E+10
   6.6438E+04   7.4718E+08   2.5822E+10   2.5815E+10   2.5982E+10   2.6081E+10   2.6274E+10   2.6381E+10   2.6343E+10   2.6203E+10   1.8347E+10   8.0907E+09
   7.1233E+04   5.9121E+08   3.1375E+10   3.1372E+10   3.1566E+10   3.1688E+10   3.1893E+10   3.2022E+10   3.2001E+10   3.1822E+10   1.9379E+10   1.3302E+10
   7.6374E+04   4.7289E+08   5.6805E+10   5.6820E+10   5.7270E+10   5.7598E+10   5.7922E+10   5.8238E+10   5.8385E+10   5.7836E+10   1.8815E+10   4.4457E+10
   8.1885E+04   3.8004E+08   3.0024E+10   3.0011E+10   3.0400E+10   3.0655E+10   3.1001E+10   3.1238E+10   3.1283E+10   3.0879E+10   1.5847E+10   1.8599E+10
   8.7795E+04   3.1005E+08   1.9692E+10   1.9660E+10   2.0066E+10   2.0309E+10   2.0671E+10   2.0868E+10   2.0917E+10   2.0527E+10   1.2072E+10   1.2109E+10
   9.4131E+04   2.5210E+08   1.1140E+10   1.1104E+10   1.1409E+10   1.1539E+10   1.1855E+10   1.1942E+10   1.1920E+10   1.1710E+10   9.4931E+09   3.4701E+09
   1.0092E+05   2.0617E+08   1.1699E+10   1.1664E+10   1.1959E+10   1.2083E+10   1.2418E+10   1.2509E+10   1.2450E+10   1.2264E+10   1.0749E+10   2.2109E+09
   1.0821E+05   1.6446E+08   1.4516E+10   1.4484E+10   1.4783E+10   1.4926E+10   1.5272E+10   1.5392E+10   1.5324E+10   1.5120E+10   1.2779E+10   3.2412E+09
   1.1602E+05   1.3224E+08   1.8298E+10   1.8272E+10   1.8562E+10   1.8718E+10   1.9045E+10   1.9190E+10   1.9133E+10   1.8910E+10   1.4560E+10   5.6535E+09
   1.2439E+05   1.0762E+08   1.7781E+10   1.7762E+10   1.7976E+10   1.8088E+10   1.8355E+10   1.8469E+10   1.8393E+10   1.8245E+10   1.5503E+10   3.2902E+09
   1.3337E+05   8.8977E+07   1.6676E+10   1.6662E+10   1.6812E+10   1.6889E+10   1.7092E+10   1.7177E+10   1.7103E+10   1.7009E+10   1.5625E+10   1.5392E+09
   1.4299E+05   7.4362E+07   1.5549E+10   1.5536E+10   1.5659E+10   1.5720E+10   1.5890E+10   1.5959E+10   1.5893E+10   1.5820E+10   1.5098E+10   7.6011E+08
   1.5331E+05   6.2122E+07   1.4769E+10   1.4755E+10   1.4887E+10   1.4951E+10   1.5132E+10   1.5204E+10   1.5134E+10   1.5057E+10   1.4433E+10   6.7237E+08
   1.6437E+05   5.3061E+07   1.9258E+10   1.9246E+10   1.9451E+10   1.9573E+10   1.9789E+10   1.9907E+10   1.9881E+10   1.9705E+10   1.3725E+10   7.1833E+09
   1.7624E+05   4.5131E+07   1.3721E+10   1.3703E+10   1.3863E+10   1.3942E+10   1.4151E+10   1.4230E+10   1.4159E+10   1.4062E+10   1.3131E+10   1.1064E+09
   1.8895E+05   3.8641E+07   1.3363E+10   1.3346E+10   1.3502E+10   1.3580E+10   1.3781E+10   1.3857E+10   1.3792E+10   1.3695E+10   1.2642E+10   1.2664E+09
   2.0259E+05   3.3625E+07   1.3430E+10   1.3415E+10   1.3556E+10   1.3628E+10   1.3804E+10   1.3875E+10   1.3822E+10   1.3730E+10   1.2232E+10   1.7814E+09
   2.1721E+05   2.9558E+07   1.4442E+10   1.4431E+10   1.4565E+10   1.4639E+10   1.4793E+10   1.4866E+10   1.4832E+10   1.4732E+10   1.1749E+10   3.4994E+09
   2.3289E+05   2.5852E+07   1.3297E+10   1.3288E+10   1.3396E+10   1.3455E+10   1.3584E+10   1.3644E+10   1.3610E+10   1.3533E+10   1.1237E+10   2.6396E+09
   2.4969E+05   2.2254E+07   1.1911E+10   1.1902E+10   1.1988E+10   1.2033E+10   1.2142E+10   1.2189E+10   1.2155E+10   1.2098E+10   1.0688E+10   1.5950E+09
   2.6771E+05   1.9600E+07   1.1441E+10   1.1434E+10   1.1507E+10   1.1547E+10   1.1640E+10   1.1682E+10   1.1653E+10   1.1603E+10   1.0039E+10   1.7532E+09
   2.8703E+05   1.7303E+07   1.1123E+10   1.1117E+10   1.1181E+10   1.1218E+10   1.1298E+10   1.1336E+10   1.1313E+10   1.1267E+10   9.4099E+09   2.0640E+09
   3.0775E+05   1.5025E+07   1.0934E+10   1.0930E+10   1.0987E+10   1.1021E+10   1.1090E+10   1.1125E+10   1.1107E+10   1.1064E+10   8.8152E+09   2.4807E+09
   3.2996E+05   1.3040E+07   1.0885E+10   1.0882E+10   1.0934E+10   1.0966E+10   1.1027E+10   1.1059E+10   1.1046E+10   1.1005E+10   8.2553E+09   3.0093E+09
   3.5377E+05   1.1229E+07   1.0976E+10   1.0974E+10   1.1022E+10   1.1052E+10   1.1105E+10   1.1136E+10   1.1128E+10   1.1087E+10   7.7287E+09   3.6467E+09
   3.7930E+05   9.8919E+06   1.1173E+10   1.1172E+10   1.1217E+10   1.1247E+10   1.1293E+10   1.1322E+10   1.1318E+10   1.1277E+10   7.2357E+09   4.3534E+09
   4.0667E+05   8.5385E+06   1.1414E+10   1.1414E+10   1.1456E+10   1.1484E+10   1.1524E+10   1.1552E+10   1.1550E+10   1.1511E+10   6.7748E+09   5.0592E+09
   4.3602E+05   7.3573E+06   1.1652E+10   1.1653E+10   1.1691E+10   1.1717E+10   1.1751E+10   1.1777E+10   1.1778E+10   1.1741E+10   6.3557E+09   5.7056E+09
   4.6749E+05   6.2393E+06   1.1825E+10   1.1827E+10   1.1861E+10   1.1884E+10   1.1913E+10   1.1937E+10   1.1939E+10   1.1906E+10   5.9731E+09   6.2378E+09
   5.0123E+05   5.3808E+06   1.1884E+10   1.1886E+10   1.1916E+10   1.1936E+10   1.1960E+10   1.1981E+10   1.1985E+10   1.1955E+10   5.6231E+09   6.6114E+09
   5.3740E+05   4.5043E+06   1.1790E+10   1.1792E+10   1.1818E+10   1.1836E+10   1.1855E+10   1.1873E+10   1.1877E+10   1.1851E+10   5.3021E+09   6.7956E+09
   5.7618E+05   3.7718E+06   1.1536E+10   1.1538E+10   1.1559E+10   1.1574E+10   1.1590E+10   1.1605E+10   1.1608E+10   1.1587E+10   5.0070E+09   6.7901E+09
   6.1776E+05   3.1594E+06   1.1090E+10   1.1092E+10   1.1110E+10   1.1122E+10   1.1134E+10   1.1147E+10   1.1149E+10   1.1133E+10   4.6987E+09   6.6065E+09
   6.6235E+05   2.5769E+06   1.0462E+10   1.0464E+10   1.0478E+10   1.0487E+10   1.0497E+10   1.0507E+10   1.0509E+10   1.0496E+10   4.3660E+09   6.2679E+09
   7.1015E+05   2.0541E+06   9.7393E+09   9.7406E+09   9.7515E+09   9.7588E+09   9.7667E+09   9.7747E+09   9.7761E+09   9.7663E+09   4.0591E+09   5.8144E+09
   7.6140E+05   1.6448E+06   8.9526E+09   8.9536E+09   8.9620E+09   8.9675E+09   8.9738E+09   8.9799E+09   8.9808E+09   8.9737E+09   3.7756E+09   5.2793E+09
   8.1635E+05   1.2666E+06   8.1365E+09   8.1373E+09   8.1436E+09   8.1477E+09   8.1526E+09   8.1574E+09   8.1578E+09   8.1528E+09   3.5136E+09   4.6994E+09
   8.7526E+05   9.8588E+05   7.2080E+09   7.2087E+09   7.2134E+09   7.2164E+09   7.2201E+09   7.2236E+09   7.2238E+09   7.2204E+09   3.1540E+09   4.1102E+09
   9.3842E+05   7.5875E+05   6.2244E+09   6.2249E+09   6.2283E+09   6.2304E+09   6.2331E+09   6.2357E+09   6.2358E+09   6.2336E+09   2.7290E+09   3.5359E+09
   1.0061E+06   5.4204E+05   5.3270E+09   5.3274E+09   5.3298E+09   5.3313E+09   5.3333E+09   5.3352E+09   5.3352E+09   5.3338E+09   2.3620E+09   2.9938E+09
   1.0788E+06   3.8319E+05   4.5240E+09   4.5242E+09   4.5260E+09   4.5270E+09   4.5285E+09   4.5299E+09   4.5298E+09   4.5290E+09   2.0451E+09   2.4991E+09
   1.1566E+06   2.7092E+05   3.8225E+09   3.8226E+09   3.8239E+09   3.8246E+09   3.8257E+09   3.8267E+09   3.8266E+09   3.8262E+09   1.7713E+09   2.0654E+09
   1.2401E+06   1.9157E+05   3.1449E+09   3.1451E+09   3.1459E+09   3.1464E+09   3.1472E+09   3.1479E+09   3.1478E+09   3.1476E+09   1.4635E+09   1.6914E+09
   1.3296E+06   1.3547E+05   2.5352E+09   2.5353E+09   2.5359E+09   2.5362E+09   2.5368E+09   2.5373E+09   2.5372E+09   2.5371E+09   1.1614E+09   1.3807E+09
   1.4255E+06   9.5817E+04   2.0202E+09   2.0203E+09   2.0207E+09   2.0209E+09   2.0213E+09   2.0216E+09   2.0216E+09   2.0216E+09   9.2190E+08   1.1030E+09
   1.5284E+06   6.7779E+04   1.5798E+09   1.5799E+09   1.5801E+09   1.5803E+09   1.5806E+09   1.5808E+09   1.5807E+09   1.5808E+09   7.3203E+08   8.5085E+08
   1.6387E+06   4.7952E+04   1.2315E+09   1.2315E+09   1.2317E+09   1.2318E+09   1.2319E+09   1.2321E+09   1.2320E+09   1.2321E+09   5.8137E+08   6.5206E+08
   1.7570E+06   3.3931E+04   9.5721E+08   9.5722E+08   9.5734E+08   9.5740E+08   9.5752E+08   9.5762E+08   9.5759E+08   9.5768E+08   4.6183E+08   4.9667E+08
   1.8838E+06   2.4014E+04   7.4206E+08   7.4207E+08   7.4214E+08   7.4218E+08   7.4227E+08   7.4233E+08   7.4231E+08   7.4239E+08   3.6694E+08   3.7595E+08
   2.0197E+06   1.6998E+04   5.5346E+08   5.5346E+08   5.5351E+08   5.5353E+08   5.5359E+08   5.5363E+08   5.5361E+08   5.5368E+08   2.7196E+08   2.8203E+08
   2.1655E+06   1.2035E+04   4.1027E+08   4.1028E+08   4.1031E+08   4.1032E+08   4.1036E+08   4.1038E+08   4.1037E+08   4.1043E+08   2.0054E+08   2.1008E+08
   2.3217E+06   8.5222E+03   3.0291E+08   3.0291E+08   3.0293E+08   3.0294E+08   3.0296E+08   3.0298E+08   3.0297E+08   3.0301E+08   1.4788E+08   1.5524E+08
   2.4893E+06   6.0362E+03   2.2281E+08   2.2281E+08   2.2282E+08   2.2283E+08   2.2284E+08   2.2285E+08   2.2285E+08   2.2288E+08   1.0907E+08   1.1388E+08
   2.6689E+06   4.2764E+03   1.6329E+08   1.6329E+08   1.6330E+08   1.6331E+08   1.6331E+08   1.6332E+08   1.6332E+08   1.6335E+08   8.0445E+07   8.2937E+07
   2.8616E+06   3.0305E+03   1.1925E+08   1.1925E+08   1.1926E+08   1.1926E+08   1.1927E+08   1.1927E+08   1.1927E+08   1.1929E+08   5.9341E+07   5.9967E+07
   3.0681E+06   2.1481E+03   8.6200E+07   8.6200E+07   8.6203E+07   8.6205E+07   8.6208E+07   8.6211E+07   8.6209E+07   8.6225E+07   4.3124E+07   4.3112E+07
   3.2895E+06   1.5231E+03   6.1167E+07   6.1167E+07   6.1169E+07   6.1170E+07   6.1172E+07   6.1174E+07   6.1173E+07   6.1184E+07   3.0362E+07   3.0828E+07
   3.5269E+06   1.0802E+03   4.3279E+07   4.3279E+07   4.3280E+07   4.3280E+07   4.3282E+07   4.3283E+07   4.3282E+07   4.3290E+07   2.1377E+07   2.1916E+07
   3.7814E+06   7.6640E+02   3.0542E+07   3.0542E+07   3.0543E+07   3.0543E+07   3.0544E+07   3.0545E+07   3.0544E+07   3.0550E+07   1.5052E+07   1.5500E+07
   4.0543E+06   5.4393E+02   2.1506E+07   2.1506E+07   2.1506E+07   2.1506E+07   2.1507E+07   2.1507E+07   2.1507E+07   2.1511E+07   1.0598E+07   1.0913E+07
   4.3469E+06   3.8617E+02   1.5109E+07   1.5109E+07   1.5109E+07   1.5109E+07   1.5109E+07   1.5109E+07   1.5109E+07   1.5112E+07   7.4626E+06   7.6494E+06
   4.6606E+06   2.7427E+02   1.0593E+07   1.0593E+07   1.0593E+07   1.0593E+07   1.0593E+07   1.0593E+07   1.0593E+07   1.0595E+07   5.2550E+06   5.3401E+06
   4.9969E+06   1.9488E+02   7.3053E+06   7.3053E+06   7.3054E+06   7.3054E+06   7.3055E+06   7.3056E+06   7.3056E+06   7.3070E+06   3.5935E+06   3.7131E+06
   5.3576E+06   1.3852E+02   5.0007E+06   5.0007E+06   5.0008E+06   5.0008E+06   5.0009E+06   5.0009E+06   5.0009E+06   5.0018E+06   2.4286E+06   2.5730E+06
   5.7442E+06   9.8511E+01   3.4181E+06   3.4181E+06   3.4181E+06   3.4181E+06   3.4182E+06   3.4182E+06   3.4182E+06   3.4188E+06   1.6413E+06   1.7774E+06
   6.1587E+06   7.0090E+01   2.3332E+06   2.3332E+06   2.3332E+06   2.3332E+06   2.3332E+06   2.3333E+06   2.3332E+06   2.3337E+06   1.1092E+06   1.2243E+06
   6.6032E+06   4.9892E+01   1.5901E+06   1.5901E+06   1.5901E+06   1.5901E+06   1.5902E+06   1.5902E+06   1.5902E+06   1.5905E+06   7.4961E+05   8.4073E+05
   7.0797E+06   3.5534E+01   1.0824E+06   1.0824E+06   1.0824E+06   1.0824E+06   1.0824E+06   1.0824E+06   1.0824E+06   1.0826E+06   5.0659E+05   5.7590E+05
   7.5907E+06   2.5322E+01   7.3593E+05   7.3593E+05   7.3593E+05   7.3593E+05   7.3594E+05   7.3594E+05   7.3594E+05   7.3609E+05   3.4237E+05   3.9364E+05
   8.1385E+06   1.8055E+01   4.9975E+05   4.9975E+05   4.9975E+05   4.9975E+05   4.9976E+05   4.9976E+05   4.9976E+05   4.9986E+05   2.3138E+05   2.6842E+05
   8.7258E+06   1.2881E+01   3.3902E+05   3.3902E+05   3.3903E+05   3.3903E+05   3.3903E+05   3.3903E+05   3.3903E+05   3.3910E+05   1.5637E+05   1.8269E+05
   9.3555E+06   9.1960E+00   2.2974E+05   2.2975E+05   2.2975E+05   2.2975E+05   2.2975E+05   2.2975E+05   2.2975E+05   2.2979E+05   1.0568E+05   1.2409E+05
   1.0031E+07   6.5696E+00   1.5554E+05   1.5554E+05   1.5554E+05   1.5554E+05   1.5554E+05   1.5554E+05   1.5554E+05   1.5557E+05   7.1421E+04   8.4130E+04
   1.0755E+07   4.6965E+00   1.0520E+05   1.0520E+05   1.0520E+05   1.0520E+05   1.0520E+05   1.0520E+05   1.0520E+05   1.0523E+05   4.8269E+04   5.6942E+04
   1.1531E+07   3.3600E+00   7.1098E+04   7.1098E+04   7.1099E+04   7.1099E+04   7.1099E+04   7.1099E+04   7.1099E+04   7.1113E+04   3.2622E+04   3.8482E+04
   1.2363E+07   2.4056E+00   4.8012E+04   4.8012E+04   4.8013E+04   4.8013E+04   4.8013E+04   4.8013E+04   4.8013E+04   4.8022E+04   2.2047E+04   2.5969E+04
   1.3255E+07   1.7236E+00   3.2400E+04   3.2400E+04   3.2400E+04   3.2400E+04   3.2400E+04   3.2400E+04   3.2400E+04   3.2407E+04   1.4900E+04   1.7501E+04
   1.4212E+07   1.2360E+00   2.1850E+04   2.1850E+04   2.1850E+04   2.1850E+04   2.1850E+04   2.1850E+04   2.1850E+04   2.1854E+04   1.0070E+04   1.1781E+04
   1.5237E+07   8.8715E-01   1.4727E+04   1.4727E+04   1.4727E+04   1.4727E+04   1.4727E+04   1.4727E+04   1.4727E+04   1.4730E+04   6.8060E+03   7.9214E+03
   1.6337E+07   6.3730E-01   9.9202E+03   9.9202E+03   9.9202E+03   9.9202E+03   9.9202E+03   9.9203E+03   9.9202E+03   9.9223E+03   4.5998E+03   5.3208E+03
   1.7516E+07   4.5823E-01   6.6793E+03   6.6793E+03   6.6793E+03   6.6793E+03   6.6793E+03   6.6793E+03   6.6793E+03   6.6807E+03   3.1088E+03   3.5707E+03
   1.8780E+07   3.2979E-01   4.4952E+03   4.4952E+03   4.4952E+03   4.4952E+03   4.4952E+03   4.4952E+03   4.4952E+03   4.4961E+03   2.1011E+03   2.3942E+03
   2.0135E+07   2.3758E-01   2.9979E+03   2.9979E+03   2.9979E+03   2.9979E+03   2.9979E+03   2.9979E+03   2.9979E+03   2.9985E+03   1.3939E+03   1.6041E+03
   2.1588E+07   1.7133E-01   1.9964E+03   1.9964E+03   1.9964E+03   1.9964E+03   1.9965E+03   1.9965E+03   1.9965E+03   1.9969E+03   9.2253E+02   1.0740E+03
   2.3146E+07   1.2368E-01   1.3291E+03   1.3291E+03   1.3291E+03   1.3291E+03   1.3291E+03   1.3291E+03   1.3291E+03   1.3294E+03   6.1057E+02   7.1858E+02
   2.4817E+07   8.9370E-02   8.8460E+02   8.8460E+02   8.8460E+02   8.8460E+02   8.8460E+02   8.8460E+02   8.8460E+02   8.8478E+02   4.0409E+02   4.8051E+02
   2.6608E+07   6.4651E-02   5.8859E+02   5.8859E+02   5.8859E+02   5.8859E+02   5.8859E+02   5.8859E+02   5.8859E+02   5.8871E+02   2.6744E+02   3.2114E+02
   2.8528E+07   4.6820E-02   3.9154E+02   3.9154E+02   3.9154E+02   3.9154E+02   3.9154E+02   3.9154E+02   3.9154E+02   3.9162E+02   1.7700E+02   2.1453E+02
   3.0587E+07   3.3945E-02   2.6040E+02   2.6040E+02   2.6040E+02   2.6040E+02   2.6041E+02   2.6041E+02   2.6041E+02   2.6046E+02   1.1715E+02   1.4325E+02
   3.2794E+07   2.4638E-02   1.7316E+02   1.7316E+02   1.7316E+02   1.7316E+02   1.7316E+02   1.7316E+02   1.7316E+02   1.7319E+02   7.7531E+01   9.5618E+01
   3.5161E+07   1.7903E-02   1.1512E+02   1.1512E+02   1.1512E+02   1.1512E+02   1.1512E+02   1.1512E+02   1.1512E+02   1.1515E+02   5.1313E+01   6.3803E+01
   3.7698E+07   1.3025E-02   7.6527E+01   7.6527E+01   7.6527E+01   7.6527E+01   7.6527E+01   7.6527E+01   7.6527E+01   7.6543E+01   3.3961E+01   4.2561E+01
   4.0419E+07   9.4867E-03   5.0865E+01   5.0865E+01   5.0865E+01   5.0865E+01   5.0865E+01   5.0865E+01   5.0865E+01   5.0875E+01   2.2477E+01   2.8384E+01
   4.3336E+07   6.9177E-03   3.3804E+01   3.3804E+01   3.3804E+01   3.3804E+01   3.3804E+01   3.3804E+01   3.3804E+01   3.3811E+01   1.4876E+01   1.8925E+01
   4.6463E+07   5.0504E-03   2.2464E+01   2.2464E+01   2.2464E+01   2.2464E+01   2.2464E+01   2.2464E+01   2.2464E+01   2.2469E+01   9.8452E+00   1.2616E+01
   4.9817E+07   3.6915E-03   1.4927E+01   1.4927E+01   1.4927E+01   1.4927E+01   1.4927E+01   1.4927E+01   1.4927E+01   1.4930E+01   6.5159E+00   8.4091E+00
   5.3412E+07   2.7014E-03   9.9183E+00   9.9183E+00   9.9183E+00   9.9183E+00   9.9183E+00   9.9183E+00   9.9183E+00   9.9203E+00   4.3125E+00   5.6042E+00
   5.7266E+07   1.9792E-03   6.5899E+00   6.5899E+00   6.5899E+00   6.5899E+00   6.5899E+00   6.5900E+00   6.5899E+00   6.5913E+00   2.8541E+00   3.7346E+00
   6.1399E+07   1.4518E-03   4.3784E+00   4.3784E+00   4.3784E+00   4.3784E+00   4.3784E+00   4.3784E+00   4.3784E+00   4.3793E+00   1.8890E+00   2.4885E+00
   6.5830E+07   1.0661E-03   2.9091E+00   2.9091E+00   2.9091E+00   2.9091E+00   2.9091E+00   2.9091E+00   2.9091E+00   2.9096E+00   1.2502E+00   1.6581E+00
   7.0581E+07   7.8383E-04   1.9328E+00   1.9328E+00   1.9328E+00   1.9328E+00   1.9328E+00   1.9328E+00   1.9328E+00   1.9332E+00   8.2742E-01   1.1048E+00
   7.5675E+07   5.7693E-04   1.2842E+00   1.2842E+00   1.2842E+00   1.2842E+00   1.2842E+00   1.2842E+00   1.2842E+00   1.2845E+00   5.4761E-01   7.3617E-01
   8.1136E+07   4.2512E-04   8.5328E-01   8.5328E-01   8.5328E-01   8.5328E-01   8.5328E-01   8.5328E-01   8.5328E-01   8.5345E-01   3.6243E-01   4.9054E-01
   8.6991E+07   3.1360E-04   5.6699E-01   5.6699E-01   5.6699E-01   5.6699E-01   5.6699E-01   5.6699E-01   5.6699E-01   5.6710E-01   2.3987E-01   3.2688E-01
   9.3269E+07   2.3158E-04   3.7677E-01   3.7677E-01   3.7677E-01   3.7677E-01   3.7677E-01   3.7677E-01   3.7677E-01   3.7685E-01   1.5876E-01   2.1784E-01
   1.0000E+08   1.7119E-04   2.5039E-01   2.5039E-01   2.5039E-01   2.5039E-01   2.5039E-01   2.5039E-01   2.5039E-01   2.5044E-01   1.0507E-01   1.4519E-01
