 (1): Wavelength (A) 
 (2): Intrinsic SED (1e30 erg/s/A)
 (3 - 9): SED at angles [   0.0000000      0.26183301      0.52366602      0.78549999       1.0473300       1.3091700       1.5710000     ] (1e30 erg/s/A)
 (10): Angle averaged SED (1e30 erg/s/A)
 (11): Molecular cloud emission (1e30 erg/s/A)
 (12): Cirrus emission (1e30 erg/s/A)
  
            1            2            3            4            5            6            7            8            9           10           11           12
   9.5000E+01   1.9572E+10   1.9348E+10   1.9286E+10   1.7781E+10   1.7713E+10   1.9495E+10   1.9449E+10   1.8899E+10   1.8846E+10   0.0000E+00   0.0000E+00
   1.0186E+02   2.0382E+10   2.0128E+10   2.0059E+10   1.8465E+10   1.8411E+10   2.0288E+10   2.0240E+10   1.9654E+10   1.9600E+10   0.0000E+00   0.0000E+00
   1.0921E+02   2.0405E+10   2.0150E+10   2.0082E+10   1.8487E+10   1.8432E+10   2.0310E+10   2.0263E+10   1.9676E+10   1.9623E+10   0.0000E+00   0.0000E+00
   1.1709E+02   2.0422E+10   2.0163E+10   2.0094E+10   1.8476E+10   1.8426E+10   2.0326E+10   2.0278E+10   1.9681E+10   1.9629E+10   0.0000E+00   0.0000E+00
   1.2554E+02   2.1022E+10   2.0740E+10   2.0666E+10   1.8956E+10   1.8917E+10   2.0915E+10   2.0865E+10   2.0229E+10   2.0179E+10   0.0000E+00   0.0000E+00
   1.3460E+02   2.1050E+10   2.0761E+10   2.0685E+10   1.8941E+10   1.8910E+10   2.0940E+10   2.0889E+10   2.0238E+10   2.0190E+10   0.0000E+00   0.0000E+00
   1.4431E+02   2.1360E+10   2.1049E+10   2.0969E+10   1.9171E+10   1.9155E+10   2.1238E+10   2.1186E+10   2.0510E+10   2.0465E+10   0.0000E+00   0.0000E+00
   1.5473E+02   2.1865E+10   2.1529E+10   2.1444E+10   1.9559E+10   1.9561E+10   2.1731E+10   2.1677E+10   2.0964E+10   2.0922E+10   0.0000E+00   0.0000E+00
   1.6589E+02   2.2130E+10   2.1776E+10   2.1688E+10   1.9733E+10   1.9750E+10   2.1989E+10   2.1933E+10   2.1187E+10   2.1150E+10   0.0000E+00   0.0000E+00
   1.7786E+02   2.2215E+10   2.1844E+10   2.1752E+10   1.9742E+10   1.9777E+10   2.2066E+10   2.2008E+10   2.1236E+10   2.1204E+10   7.5857E-37   0.0000E+00
   1.9070E+02   2.2306E+10   2.1917E+10   2.1823E+10   1.9763E+10   1.9815E+10   2.2149E+10   2.2089E+10   2.1293E+10   2.1266E+10   6.1333E-32   0.0000E+00
   2.0446E+02   2.2724E+10   2.2317E+10   2.2219E+10   2.0090E+10   2.0156E+10   2.2558E+10   2.2496E+10   2.1671E+10   2.1646E+10   4.9807E-27   0.0000E+00
   2.1922E+02   2.2980E+10   2.2547E+10   2.2445E+10   2.0239E+10   2.0328E+10   2.2802E+10   2.2738E+10   2.1876E+10   2.1858E+10   4.0091E-22   0.0000E+00
   2.3504E+02   2.7673E+10   2.6297E+10   2.6164E+10   2.3739E+10   2.3936E+10   2.6633E+10   2.6583E+10   2.5617E+10   2.5589E+10   3.2289E-17   0.0000E+00
   2.5200E+02   3.1173E+10   2.6635E+10   2.6494E+10   2.3966E+10   2.4204E+10   2.6992E+10   2.6941E+10   2.5924E+10   2.5905E+10   2.5879E-12   0.0000E+00
   2.7019E+02   4.4978E+10   2.6580E+10   2.6436E+10   2.3809E+10   2.4075E+10   2.6949E+10   2.6892E+10   2.5828E+10   2.5822E+10   2.0709E-07   0.0000E+00
   2.8969E+02   5.2667E+10   2.5878E+10   2.5735E+10   2.3066E+10   2.3354E+10   2.6250E+10   2.6186E+10   2.5099E+10   2.5107E+10   1.6551E-02   0.0000E+00
   3.1059E+02   4.6990E+10   2.5378E+10   2.5234E+10   2.2509E+10   2.2827E+10   2.5757E+10   2.5687E+10   2.4569E+10   2.4593E+10   3.1354E+00   0.0000E+00
   3.3301E+02   6.2319E+10   2.5438E+10   2.5291E+10   2.2448E+10   2.2807E+10   2.5834E+10   2.5756E+10   2.4581E+10   2.4622E+10   1.3389E+00   0.0000E+00
   3.5704E+02   7.4842E+10   2.4942E+10   2.4794E+10   2.1897E+10   2.2292E+10   2.5346E+10   2.5261E+10   2.4056E+10   2.4113E+10   5.7120E-01   0.0000E+00
   3.8280E+02   8.5902E+10   2.4475E+10   2.4332E+10   2.1473E+10   2.1846E+10   2.4864E+10   2.4778E+10   2.3592E+10   2.3649E+10   2.5245E-01   0.0000E+00
   4.1043E+02   1.1320E+11   2.4544E+10   2.4400E+10   2.1480E+10   2.1866E+10   2.4938E+10   2.4846E+10   2.3633E+10   2.3699E+10   1.0985E-01   0.0000E+00
   4.4005E+02   1.1125E+11   2.4218E+10   2.4070E+10   2.1058E+10   2.1503E+10   2.4628E+10   2.4527E+10   2.3265E+10   2.3353E+10   4.6392E-02   0.0000E+00
   4.7181E+02   1.0701E+11   2.4235E+10   2.4078E+10   2.0899E+10   2.1440E+10   2.4676E+10   2.4563E+10   2.3214E+10   2.3334E+10   1.9307E-02   0.0000E+00
   5.0586E+02   1.1784E+11   2.3979E+10   2.3812E+10   2.0490E+10   2.1146E+10   2.4452E+10   2.4327E+10   2.2899E+10   2.3056E+10   1.9746E-18   0.0000E+00
   5.4236E+02   1.4996E+11   2.3706E+10   2.3525E+10   2.0044E+10   2.0852E+10   2.4220E+10   2.4084E+10   2.2562E+10   2.2764E+10   2.2484E-36   0.0000E+00
   5.8151E+02   1.7481E+11   2.3418E+10   2.3215E+10   1.9490E+10   2.0562E+10   2.4009E+10   2.3854E+10   2.2186E+10   2.2460E+10   0.0000E+00   0.0000E+00
   6.2347E+02   1.7649E+11   2.2550E+10   2.2309E+10   1.8257E+10   1.9844E+10   2.3301E+10   2.3114E+10   2.1222E+10   2.1625E+10   0.0000E+00   0.0000E+00
   6.6847E+02   1.7268E+11   2.2114E+10   2.1843E+10   1.7559E+10   1.9565E+10   2.3021E+10   2.2807E+10   2.0745E+10   2.1243E+10   0.0000E+00   0.0000E+00
   7.1671E+02   1.6916E+11   2.1416E+10   2.1132E+10   1.6837E+10   1.9033E+10   2.2403E+10   2.2180E+10   2.0075E+10   2.0611E+10   0.0000E+00   0.0000E+00
   7.6843E+02   1.5267E+11   2.1209E+10   2.0937E+10   1.6811E+10   1.8760E+10   2.2076E+10   2.1875E+10   1.9889E+10   2.0367E+10   0.0000E+00   0.0000E+00
   8.2389E+02   1.5097E+11   2.1590E+10   2.1332E+10   1.7382E+10   1.8994E+10   2.2316E+10   2.2143E+10   2.0292E+10   2.0690E+10   0.0000E+00   0.0000E+00
   8.8334E+02   1.4238E+11   2.1997E+10   2.1743E+10   1.7916E+10   1.9310E+10   2.2638E+10   2.2486E+10   2.0723E+10   2.1066E+10   0.0000E+00   0.0000E+00
   9.4709E+02   4.9595E+11   6.7429E+10   6.4413E+10   6.3085E+10   6.3793E+10   6.5916E+10   6.7562E+10   6.7330E+10   6.5694E+10   0.0000E+00   0.0000E+00
   1.0154E+03   6.3167E+11   1.4826E+11   1.4280E+11   1.4287E+11   1.4503E+11   1.4616E+11   1.4826E+11   1.4894E+11   1.4625E+11   0.0000E+00   0.0000E+00
   1.0887E+03   7.2228E+11   2.6015E+11   2.5254E+11   2.5213E+11   2.5702E+11   2.6032E+11   2.6279E+11   2.6207E+11   2.5903E+11   3.3868E-38   0.0000E+00
   1.1673E+03   6.6720E+11   2.7266E+11   2.6522E+11   2.6409E+11   2.6904E+11   2.7181E+11   2.7384E+11   2.7367E+11   2.7068E+11   4.1564E-11   0.0000E+00
   1.2515E+03   6.1306E+11   2.6080E+11   2.5386E+11   2.5272E+11   2.5695E+11   2.5871E+11   2.6032E+11   2.6079E+11   2.5805E+11   4.5762E-02   0.0000E+00
   1.3419E+03   6.3244E+11   3.1911E+11   3.1174E+11   3.0834E+11   3.1382E+11   3.1799E+11   3.1979E+11   3.1920E+11   3.1625E+11   7.4499E-02   0.0000E+00
   1.4387E+03   5.6321E+11   3.0436E+11   2.9774E+11   2.9406E+11   2.9921E+11   3.0358E+11   3.0507E+11   3.0430E+11   3.0170E+11   1.1929E-01   0.0000E+00
   1.5425E+03   4.5947E+11   2.7477E+11   2.6932E+11   2.6508E+11   2.6999E+11   2.7516E+11   2.7634E+11   2.7490E+11   2.7283E+11   1.9061E-01   0.0000E+00
   1.6538E+03   4.1673E+11   2.4541E+11   2.4057E+11   2.3693E+11   2.4094E+11   2.4515E+11   2.4611E+11   2.4506E+11   2.4329E+11   3.0233E-01   0.0000E+00
   1.7732E+03   3.9704E+11   2.4980E+11   2.4520E+11   2.4041E+11   2.4480E+11   2.5006E+11   2.5100E+11   2.4942E+11   2.4772E+11   4.6930E-01   0.0000E+00
   1.9012E+03   3.4918E+11   2.2667E+11   2.2261E+11   2.1761E+11   2.2185E+11   2.2724E+11   2.2811E+11   2.2637E+11   2.2484E+11   5.5151E-01   0.0000E+00
   2.0384E+03   3.1924E+11   2.1032E+11   2.0648E+11   2.0109E+11   2.0545E+11   2.1108E+11   2.1201E+11   2.1012E+11   2.0859E+11   1.6297E-02   0.0000E+00
   2.1855E+03   2.8231E+11   1.8737E+11   1.8392E+11   1.7861E+11   1.8278E+11   1.8826E+11   1.8917E+11   1.8723E+11   1.8583E+11   1.0625E-03   0.0000E+00
   2.3432E+03   2.2504E+11   1.5186E+11   1.4925E+11   1.4556E+11   1.4846E+11   1.5244E+11   1.5304E+11   1.5170E+11   1.5068E+11   3.5001E-02   0.0000E+00
   2.5123E+03   2.0637E+11   1.4939E+11   1.4712E+11   1.4365E+11   1.4618E+11   1.4987E+11   1.5030E+11   1.4908E+11   1.4823E+11   1.1721E+00   0.0000E+00
   2.6936E+03   2.0732E+11   1.5837E+11   1.5622E+11   1.5232E+11   1.5491E+11   1.5898E+11   1.5936E+11   1.5797E+11   1.5717E+11   2.8671E+01   0.0000E+00
   2.8880E+03   1.9641E+11   1.5563E+11   1.5368E+11   1.4969E+11   1.5219E+11   1.5634E+11   1.5670E+11   1.5524E+11   1.5451E+11   7.9363E+01   0.0000E+00
   3.0964E+03   1.9509E+11   1.6073E+11   1.5889E+11   1.5454E+11   1.5713E+11   1.6161E+11   1.6198E+11   1.6036E+11   1.5964E+11   2.1903E+02   0.0000E+00
   3.3199E+03   1.8312E+11   1.5439E+11   1.5275E+11   1.4855E+11   1.5097E+11   1.5525E+11   1.5560E+11   1.5404E+11   1.5338E+11   6.0456E+02   0.0000E+00
   3.5595E+03   1.7781E+11   1.5338E+11   1.5187E+11   1.4775E+11   1.5007E+11   1.5429E+11   1.5463E+11   1.5308E+11   1.5245E+11   1.6665E+03   0.0000E+00
   3.8163E+03   2.7935E+11   2.4944E+11   2.4710E+11   2.4094E+11   2.4470E+11   2.5107E+11   2.5168E+11   2.4939E+11   2.4829E+11   4.5762E+03   0.0000E+00
   4.0918E+03   2.7821E+11   2.5162E+11   2.4948E+11   2.4315E+11   2.4683E+11   2.5334E+11   2.5395E+11   2.5154E+11   2.5051E+11   1.2558E+04   0.0000E+00
   4.3870E+03   2.8358E+11   2.6078E+11   2.5875E+11   2.5243E+11   2.5601E+11   2.6249E+11   2.6311E+11   2.6075E+11   2.5971E+11   3.4559E+04   0.0000E+00
   4.7036E+03   2.6496E+11   2.4543E+11   2.4365E+11   2.3792E+11   2.4111E+11   2.4694E+11   2.4749E+11   2.4537E+11   2.4444E+11   6.9345E+04   0.0000E+00
   5.0431E+03   2.3473E+11   2.1892E+11   2.1745E+11   2.1256E+11   2.1523E+11   2.2021E+11   2.2067E+11   2.1887E+11   2.1809E+11   1.2863E+05   0.0000E+00
   5.4070E+03   2.0858E+11   1.9576E+11   1.9455E+11   1.9045E+11   1.9266E+11   1.9682E+11   1.9721E+11   1.9572E+11   1.9506E+11   2.3927E+05   0.0000E+00
   5.7973E+03   1.9893E+11   1.8789E+11   1.8682E+11   1.8306E+11   1.8505E+11   1.8882E+11   1.8917E+11   1.8782E+11   1.8723E+11   4.4399E+05   0.0000E+00
   6.2156E+03   1.7488E+11   1.6590E+11   1.6502E+11   1.6189E+11   1.6353E+11   1.6668E+11   1.6697E+11   1.6584E+11   1.6536E+11   8.2094E+05   0.0000E+00
   6.6642E+03   1.5577E+11   1.4837E+11   1.4764E+11   1.4499E+11   1.4636E+11   1.4900E+11   1.4924E+11   1.4830E+11   1.4789E+11   1.4025E+06   0.0000E+00
   7.1451E+03   1.3844E+11   1.3232E+11   1.3171E+11   1.2951E+11   1.3064E+11   1.3283E+11   1.3303E+11   1.3226E+11   1.3192E+11   2.2678E+06   0.0000E+00
   7.6608E+03   1.2531E+11   1.2027E+11   1.1976E+11   1.1788E+11   1.1884E+11   1.2068E+11   1.2084E+11   1.2020E+11   1.1991E+11   3.6684E+06   0.0000E+00
   8.2136E+03   1.1286E+11   1.0872E+11   1.0829E+11   1.0670E+11   1.0750E+11   1.0905E+11   1.0919E+11   1.0865E+11   1.0841E+11   5.9295E+06   0.0000E+00
   8.8064E+03   9.4665E+10   9.1338E+10   9.0998E+10   8.9762E+10   9.0389E+10   9.1594E+10   9.1701E+10   9.1284E+10   9.1097E+10   9.6008E+06   0.0000E+00
   9.4420E+03   8.9488E+10   8.6590E+10   8.6286E+10   8.5192E+10   8.5744E+10   8.6800E+10   8.6892E+10   8.6528E+10   8.6366E+10   1.2156E+07   3.8752E+07
   1.0123E+04   7.9263E+10   7.6940E+10   7.6693E+10   7.5777E+10   7.6228E+10   7.7105E+10   7.7179E+10   7.6876E+10   7.6747E+10   1.5181E+07   4.3567E+07
   1.0854E+04   6.7775E+10   6.5946E+10   6.5750E+10   6.5018E+10   6.5374E+10   6.6072E+10   6.6130E+10   6.5889E+10   6.5788E+10   1.9133E+07   4.8246E+07
   1.1637E+04   5.9697E+10   5.8236E+10   5.8076E+10   5.7468E+10   5.7759E+10   5.8336E+10   5.8384E+10   5.8183E+10   5.8103E+10   2.4425E+07   5.2636E+07
   1.2477E+04   4.9246E+10   4.8115E+10   4.7992E+10   4.7532E+10   4.7753E+10   4.8186E+10   4.8219E+10   4.8069E+10   4.8011E+10   2.8032E+07   5.6656E+07
   1.3377E+04   4.3799E+10   4.2901E+10   4.2800E+10   4.2418E+10   4.2599E+10   4.2957E+10   4.2985E+10   4.2861E+10   4.2814E+10   2.9481E+07   5.9836E+07
   1.4343E+04   3.8883E+10   3.8164E+10   3.8081E+10   3.7765E+10   3.7913E+10   3.8209E+10   3.8232E+10   3.8130E+10   3.8091E+10   3.1261E+07   6.2115E+07
   1.5378E+04   3.3729E+10   3.3158E+10   3.3091E+10   3.2838E+10   3.2956E+10   3.3191E+10   3.3207E+10   3.3126E+10   3.3097E+10   3.3499E+07   6.3684E+07
   1.6488E+04   3.1509E+10   3.1056E+10   3.1000E+10   3.0778E+10   3.0879E+10   3.1085E+10   3.1100E+10   3.1029E+10   3.1004E+10   3.4519E+07   6.4499E+07
   1.7678E+04   2.7175E+10   2.6838E+10   2.6794E+10   2.6616E+10   2.6696E+10   2.6860E+10   2.6872E+10   2.6816E+10   2.6797E+10   3.3421E+07   6.4312E+07
   1.8953E+04   2.0836E+10   2.0613E+10   2.0581E+10   2.0457E+10   2.0512E+10   2.0628E+10   2.0636E+10   2.0596E+10   2.0583E+10   3.2411E+07   6.3441E+07
   2.0321E+04   1.7912E+10   1.7757E+10   1.7733E+10   1.7633E+10   1.7677E+10   1.7769E+10   1.7776E+10   1.7744E+10   1.7734E+10   3.1491E+07   6.2069E+07
   2.1788E+04   1.3827E+10   1.3735E+10   1.3718E+10   1.3648E+10   1.3678E+10   1.3743E+10   1.3747E+10   1.3725E+10   1.3719E+10   3.0658E+07   6.0281E+07
   2.3360E+04   1.2073E+10   1.2030E+10   1.2016E+10   1.1959E+10   1.1983E+10   1.2037E+10   1.2041E+10   1.2023E+10   1.2017E+10   3.4468E+07   5.8195E+07
   2.5046E+04   7.1856E+09   7.1908E+09   7.1836E+09   7.1541E+09   7.1662E+09   7.1948E+09   7.1965E+09   7.1873E+09   7.1844E+09   4.0261E+07   5.6112E+07
   2.6854E+04   6.5722E+09   6.6013E+09   6.5954E+09   6.5704E+09   6.5803E+09   6.6046E+09   6.6060E+09   6.5983E+09   6.5959E+09   4.7842E+07   5.4255E+07
   2.8792E+04   5.8652E+09   5.9189E+09   5.9143E+09   5.8938E+09   5.9018E+09   5.9219E+09   5.9232E+09   5.9168E+09   5.9149E+09   5.7735E+07   5.3303E+07
   3.0869E+04   3.9107E+09   3.9991E+09   3.9963E+09   3.9843E+09   3.9888E+09   4.0010E+09   4.0016E+09   3.9979E+09   3.9968E+09   7.0610E+07   5.8981E+07
   3.3097E+04   3.3249E+09   4.3056E+09   4.3029E+09   4.2942E+09   4.2976E+09   4.3056E+09   4.3042E+09   4.3017E+09   4.3025E+09   8.7305E+07   9.5382E+08
   3.5486E+04   3.0292E+09   3.1690E+09   3.1673E+09   3.1597E+09   3.1626E+09   3.1709E+09   3.1714E+09   3.1691E+09   3.1682E+09   1.1001E+08   5.4484E+07
   3.8047E+04   2.1774E+09   2.3513E+09   2.3502E+09   2.3456E+09   2.3475E+09   2.3531E+09   2.3535E+09   2.3521E+09   2.3513E+09   1.4422E+08   4.8007E+07
   4.0792E+04   1.9093E+09   2.1314E+09   2.1306E+09   2.1271E+09   2.1288E+09   2.1335E+09   2.1339E+09   2.1328E+09   2.1320E+09   1.8912E+08   4.7667E+07
   4.3736E+04   1.5076E+09   1.7951E+09   1.7946E+09   1.7924E+09   1.7938E+09   1.7974E+09   1.7978E+09   1.7971E+09   1.7963E+09   2.4805E+08   5.0701E+07
   4.6893E+04   1.1481E+09   1.5220E+09   1.5216E+09   1.5205E+09   1.5217E+09   1.5244E+09   1.5249E+09   1.5245E+09   1.5236E+09   3.2539E+08   5.7579E+07
   5.0277E+04   9.4710E+08   1.4361E+09   1.4357E+09   1.4355E+09   1.4366E+09   1.4389E+09   1.4393E+09   1.4392E+09   1.4382E+09   4.2507E+08   7.2092E+07
   5.3905E+04   7.9464E+08   1.3934E+09   1.3931E+09   1.3933E+09   1.3944E+09   1.3963E+09   1.3968E+09   1.3968E+09   1.3958E+09   4.9863E+08   1.0786E+08
   5.7795E+04   6.7924E+08   1.4896E+09   1.4893E+09   1.4899E+09   1.4910E+09   1.4925E+09   1.4928E+09   1.4930E+09   1.4921E+09   5.6728E+08   2.5205E+08
   6.1966E+04   5.7187E+08   2.7848E+09   2.7843E+09   2.7855E+09   2.7866E+09   2.7868E+09   2.7858E+09   2.7863E+09   2.7866E+09   6.2246E+08   1.6183E+09
   6.6438E+04   4.7350E+08   1.5335E+09   1.5333E+09   1.5344E+09   1.5354E+09   1.5365E+09   1.5367E+09   1.5370E+09   1.5362E+09   6.7796E+08   3.9129E+08
   7.1233E+04   4.0026E+08   1.7448E+09   1.7445E+09   1.7458E+09   1.7468E+09   1.7477E+09   1.7477E+09   1.7481E+09   1.7474E+09   7.1693E+08   6.3917E+08
   7.6374E+04   3.4369E+08   3.1730E+09   3.1724E+09   3.1747E+09   3.1760E+09   3.1756E+09   3.1741E+09   3.1750E+09   3.1755E+09   7.4575E+08   2.1207E+09
   8.1885E+04   2.9627E+08   1.9278E+09   1.9273E+09   1.9308E+09   1.9333E+09   1.9347E+09   1.9345E+09   1.9357E+09   1.9338E+09   7.8149E+08   8.8060E+08
   8.7795E+04   2.6093E+08   1.6128E+09   1.6122E+09   1.6183E+09   1.6228E+09   1.6261E+09   1.6270E+09   1.6290E+09   1.6243E+09   8.2091E+08   5.6950E+08
   9.4131E+04   2.2727E+08   1.2229E+09   1.2225E+09   1.2312E+09   1.2376E+09   1.2435E+09   1.2464E+09   1.2490E+09   1.2407E+09   8.6147E+08   1.6373E+08
   1.0092E+05   1.9971E+08   1.1729E+09   1.1726E+09   1.1807E+09   1.1867E+09   1.1920E+09   1.1949E+09   1.1972E+09   1.1896E+09   8.9270E+08   1.0408E+08
   1.0821E+05   1.7210E+08   1.1991E+09   1.1987E+09   1.2054E+09   1.2101E+09   1.2140E+09   1.2162E+09   1.2181E+09   1.2122E+09   8.9737E+08   1.5002E+08
   1.1602E+05   1.4898E+08   1.2585E+09   1.2582E+09   1.2632E+09   1.2667E+09   1.2692E+09   1.2706E+09   1.2720E+09   1.2680E+09   8.7042E+08   2.5743E+08
   1.2439E+05   1.3041E+08   1.0940E+09   1.0938E+09   1.0973E+09   1.0998E+09   1.1016E+09   1.1027E+09   1.1037E+09   1.1008E+09   8.2636E+08   1.4788E+08
   1.3337E+05   1.1591E+08   9.5484E+08   9.5474E+08   9.5713E+08   9.5890E+08   9.6019E+08   9.6106E+08   9.6171E+08   9.5971E+08   7.7713E+08   6.8069E+07
   1.4299E+05   1.0356E+08   8.8335E+08   8.8328E+08   8.8529E+08   8.8678E+08   8.8787E+08   8.8863E+08   8.8918E+08   8.8749E+08   7.5160E+08   3.2993E+07
   1.5331E+05   9.1457E+07   8.8847E+08   8.8839E+08   8.9077E+08   8.9252E+08   8.9375E+08   8.9465E+08   8.9529E+08   8.9330E+08   7.7380E+08   2.8674E+07
   1.6437E+05   8.2584E+07   1.1744E+09   1.1742E+09   1.1774E+09   1.1796E+09   1.1808E+09   1.1816E+09   1.1825E+09   1.1802E+09   8.1171E+08   2.9211E+08
   1.7624E+05   7.3454E+07   9.5600E+08   9.5592E+08   9.5949E+08   9.6205E+08   9.6372E+08   9.6502E+08   9.6600E+08   9.6303E+08   8.4604E+08   4.4699E+07
   1.8895E+05   6.5419E+07   9.5851E+08   9.5845E+08   9.6209E+08   9.6470E+08   9.6633E+08   9.6765E+08   9.6865E+08   9.6565E+08   8.5212E+08   4.9365E+07
   2.0259E+05   5.9027E+07   9.3973E+08   9.3968E+08   9.4282E+08   9.4508E+08   9.4643E+08   9.4754E+08   9.4840E+08   9.4587E+08   8.2181E+08   6.6482E+07
   2.1721E+05   5.3476E+07   9.5787E+08   9.5783E+08   9.6049E+08   9.6239E+08   9.6344E+08   9.6431E+08   9.6504E+08   9.6302E+08   7.8460E+08   1.2727E+08
   2.3289E+05   4.7930E+07   8.8218E+08   8.8216E+08   8.8439E+08   8.8600E+08   8.8688E+08   8.8764E+08   8.8826E+08   8.8655E+08   7.4865E+08   9.1443E+07
   2.4969E+05   4.2036E+07   7.9534E+08   7.9534E+08   7.9720E+08   7.9856E+08   7.9932E+08   8.0000E+08   8.0050E+08   7.9906E+08   7.1068E+08   4.7025E+07
   2.6771E+05   3.7727E+07   7.2884E+08   7.2884E+08   7.3036E+08   7.3147E+08   7.3207E+08   7.3263E+08   7.3304E+08   7.3188E+08   6.5019E+08   4.4532E+07
   2.8703E+05   3.3847E+07   6.6781E+08   6.6782E+08   6.6906E+08   6.6996E+08   6.7045E+08   6.7090E+08   6.7124E+08   6.7031E+08   5.9278E+08   4.4183E+07
   3.0775E+05   2.9754E+07   6.1132E+08   6.1133E+08   6.1234E+08   6.1308E+08   6.1347E+08   6.1384E+08   6.1412E+08   6.1338E+08   5.4048E+08   4.3583E+07
   3.2996E+05   2.6100E+07   5.5976E+08   5.5977E+08   5.6060E+08   5.6121E+08   5.6152E+08   5.6183E+08   5.6205E+08   5.6146E+08   4.9284E+08   4.2903E+07
   3.5377E+05   2.2669E+07   5.1307E+08   5.1308E+08   5.1376E+08   5.1427E+08   5.1452E+08   5.1476E+08   5.1495E+08   5.1447E+08   4.4944E+08   4.2698E+07
   3.7930E+05   2.0147E+07   4.7008E+08   4.7009E+08   4.7065E+08   4.7106E+08   4.7126E+08   4.7146E+08   4.7161E+08   4.7124E+08   4.0802E+08   4.3367E+07
   4.0667E+05   1.7506E+07   4.0649E+08   4.0650E+08   4.0691E+08   4.0722E+08   4.0737E+08   4.0752E+08   4.0763E+08   4.0736E+08   3.4497E+08   4.5167E+07
   4.3602E+05   1.5171E+07   3.5426E+08   3.5426E+08   3.5458E+08   3.5481E+08   3.5491E+08   3.5502E+08   3.5510E+08   3.5492E+08   2.9164E+08   4.8361E+07
   4.6749E+05   1.2923E+07   3.1190E+08   3.1190E+08   3.1213E+08   3.1230E+08   3.1238E+08   3.1245E+08   3.1251E+08   3.1239E+08   2.4655E+08   5.3161E+07
   5.0123E+05   1.1195E+07   2.7867E+08   2.7867E+08   2.7884E+08   2.7897E+08   2.7902E+08   2.7907E+08   2.7912E+08   2.7904E+08   2.0843E+08   5.9659E+07
   5.3740E+05   9.4002E+06   2.5286E+08   2.5285E+08   2.5299E+08   2.5308E+08   2.5312E+08   2.5315E+08   2.5318E+08   2.5314E+08   1.7619E+08   6.7783E+07
   5.7618E+05   7.8936E+06   2.3370E+08   2.3370E+08   2.3380E+08   2.3387E+08   2.3389E+08   2.3391E+08   2.3393E+08   2.3392E+08   1.4893E+08   7.7320E+07
   6.1776E+05   6.6287E+06   2.2215E+08   2.2215E+08   2.2222E+08   2.2228E+08   2.2229E+08   2.2230E+08   2.2232E+08   2.2232E+08   1.2808E+08   8.7835E+07
   6.6235E+05   5.4157E+06   2.1655E+08   2.1654E+08   2.1660E+08   2.1664E+08   2.1665E+08   2.1666E+08   2.1667E+08   2.1668E+08   1.1279E+08   9.8688E+07
   7.1015E+05   4.3217E+06   2.1256E+08   2.1256E+08   2.1260E+08   2.1263E+08   2.1264E+08   2.1264E+08   2.1265E+08   2.1267E+08   9.9324E+07   1.0922E+08
   7.6140E+05   3.4646E+06   2.0927E+08   2.0927E+08   2.0931E+08   2.0933E+08   2.0933E+08   2.0933E+08   2.0934E+08   2.0937E+08   8.7464E+07   1.1862E+08
   8.1635E+05   2.6688E+06   2.0560E+08   2.0559E+08   2.0562E+08   2.0564E+08   2.0564E+08   2.0564E+08   2.0564E+08   2.0568E+08   7.7017E+07   1.2615E+08
   8.7526E+05   2.0785E+06   2.0060E+08   2.0060E+08   2.0062E+08   2.0064E+08   2.0064E+08   2.0063E+08   2.0064E+08   2.0067E+08   6.7413E+07   1.3132E+08
   9.3842E+05   1.6001E+06   1.9378E+08   1.9378E+08   1.9380E+08   1.9381E+08   1.9381E+08   1.9380E+08   1.9381E+08   1.9384E+08   5.8664E+07   1.3370E+08
   1.0061E+06   1.1419E+06   1.8513E+08   1.8513E+08   1.8514E+08   1.8515E+08   1.8515E+08   1.8515E+08   1.8515E+08   1.8518E+08   5.1069E+07   1.3307E+08
   1.0788E+06   8.0614E+05   1.7478E+08   1.7478E+08   1.7479E+08   1.7479E+08   1.7479E+08   1.7479E+08   1.7479E+08   1.7483E+08   4.4476E+07   1.2962E+08
   1.1566E+06   5.6912E+05   1.6322E+08   1.6322E+08   1.6323E+08   1.6323E+08   1.6323E+08   1.6323E+08   1.6323E+08   1.6326E+08   3.8749E+07   1.2401E+08
   1.2401E+06   4.0179E+05   1.4943E+08   1.4943E+08   1.4944E+08   1.4944E+08   1.4944E+08   1.4943E+08   1.4944E+08   1.4947E+08   3.2522E+07   1.1659E+08
   1.3296E+06   2.8367E+05   1.3497E+08   1.3497E+08   1.3498E+08   1.3498E+08   1.3498E+08   1.3497E+08   1.3498E+08   1.3500E+08   2.6448E+07   1.0831E+08
   1.4255E+06   2.0028E+05   1.1951E+08   1.1951E+08   1.1951E+08   1.1951E+08   1.1951E+08   1.1951E+08   1.1951E+08   1.1953E+08   2.1526E+07   9.7834E+07
   1.5284E+06   1.4140E+05   1.0248E+08   1.0248E+08   1.0248E+08   1.0248E+08   1.0248E+08   1.0248E+08   1.0248E+08   1.0250E+08   1.7533E+07   8.4845E+07
   1.6387E+06   9.9837E+04   8.6779E+07   8.6780E+07   8.6781E+07   8.6782E+07   8.6781E+07   8.6780E+07   8.6781E+07   8.6799E+07   1.4293E+07   7.2417E+07
   1.7570E+06   7.0492E+04   7.2658E+07   7.2658E+07   7.2659E+07   7.2660E+07   7.2659E+07   7.2658E+07   7.2659E+07   7.2674E+07   1.1662E+07   6.0948E+07
   1.8838E+06   4.9774E+04   6.0178E+07   6.0178E+07   6.0179E+07   6.0180E+07   6.0179E+07   6.0179E+07   6.0179E+07   6.0191E+07   9.5230E+06   5.0622E+07
   2.0197E+06   3.5145E+04   4.8643E+07   4.8643E+07   4.8643E+07   4.8643E+07   4.8643E+07   4.8643E+07   4.8643E+07   4.8653E+07   7.2211E+06   4.1398E+07
   2.1655E+06   2.4817E+04   3.8873E+07   3.8873E+07   3.8873E+07   3.8873E+07   3.8873E+07   3.8873E+07   3.8873E+07   3.8881E+07   5.4480E+06   3.3408E+07
   2.3217E+06   1.7525E+04   3.0714E+07   3.0714E+07   3.0714E+07   3.0714E+07   3.0714E+07   3.0714E+07   3.0714E+07   3.0721E+07   4.1123E+06   2.6590E+07
   2.4893E+06   1.2375E+04   2.4007E+07   2.4007E+07   2.4007E+07   2.4007E+07   2.4007E+07   2.4007E+07   2.4007E+07   2.4012E+07   3.1058E+06   2.0892E+07
   2.6689E+06   8.7395E+03   1.8566E+07   1.8566E+07   1.8566E+07   1.8566E+07   1.8566E+07   1.8566E+07   1.8566E+07   1.8570E+07   2.3468E+06   1.6213E+07
   2.8616E+06   6.1721E+03   1.4209E+07   1.4209E+07   1.4209E+07   1.4209E+07   1.4209E+07   1.4209E+07   1.4209E+07   1.4212E+07   1.7743E+06   1.2430E+07
   3.0681E+06   4.3591E+03   1.0754E+07   1.0754E+07   1.0754E+07   1.0754E+07   1.0754E+07   1.0754E+07   1.0754E+07   1.0756E+07   1.3181E+06   9.4324E+06
   3.2895E+06   3.0788E+03   8.0336E+06   8.0336E+06   8.0336E+06   8.0336E+06   8.0336E+06   8.0336E+06   8.0336E+06   8.0353E+06   9.4282E+05   7.0886E+06
   3.5269E+06   2.1746E+03   5.9513E+06   5.9513E+06   5.9514E+06   5.9514E+06   5.9514E+06   5.9513E+06   5.9514E+06   5.9526E+06   6.7454E+05   5.2752E+06
   3.7814E+06   1.5360E+03   4.3749E+06   4.3749E+06   4.3749E+06   4.3749E+06   4.3749E+06   4.3749E+06   4.3749E+06   4.3758E+06   4.8270E+05   3.8910E+06
   4.0543E+06   1.0851E+03   3.1940E+06   3.1940E+06   3.1940E+06   3.1940E+06   3.1940E+06   3.1940E+06   3.1940E+06   3.1946E+06   3.4550E+05   2.8476E+06
   4.3469E+06   7.6652E+02   2.3161E+06   2.3161E+06   2.3161E+06   2.3161E+06   2.3161E+06   2.3161E+06   2.3161E+06   2.3165E+06   2.4734E+05   2.0681E+06
   4.6606E+06   5.4154E+02   1.6691E+06   1.6691E+06   1.6691E+06   1.6691E+06   1.6691E+06   1.6691E+06   1.6691E+06   1.6695E+06   1.7711E+05   1.4916E+06
   4.9969E+06   3.8261E+02   1.1912E+06   1.1912E+06   1.1912E+06   1.1912E+06   1.1912E+06   1.1912E+06   1.1912E+06   1.1915E+06   1.2226E+05   1.0686E+06
   5.3576E+06   2.7034E+02   8.4452E+05   8.4452E+05   8.4452E+05   8.4452E+05   8.4452E+05   8.4451E+05   8.4452E+05   8.4469E+05   8.3155E+04   7.6113E+05
   5.7442E+06   1.9103E+02   5.9591E+05   5.9591E+05   5.9591E+05   5.9591E+05   5.9591E+05   5.9591E+05   5.9591E+05   5.9603E+05   5.6560E+04   5.3919E+05
   6.1587E+06   1.3500E+02   4.1871E+05   4.1871E+05   4.1871E+05   4.1871E+05   4.1871E+05   4.1871E+05   4.1871E+05   4.1879E+05   3.8472E+04   3.8012E+05
   6.6032E+06   9.5413E+01   2.9288E+05   2.9288E+05   2.9288E+05   2.9288E+05   2.9288E+05   2.9288E+05   2.9288E+05   2.9294E+05   2.6170E+04   2.6663E+05
   7.0797E+06   6.7439E+01   2.0410E+05   2.0410E+05   2.0410E+05   2.0410E+05   2.0410E+05   2.0410E+05   2.0410E+05   2.0415E+05   1.7801E+04   1.8624E+05
   7.5907E+06   4.7672E+01   1.4176E+05   1.4176E+05   1.4176E+05   1.4176E+05   1.4176E+05   1.4176E+05   1.4176E+05   1.4179E+05   1.2110E+04   1.2961E+05
   8.1385E+06   3.3702E+01   9.8117E+04   9.8117E+04   9.8117E+04   9.8117E+04   9.8117E+04   9.8117E+04   9.8117E+04   9.8137E+04   8.2379E+03   8.9848E+04
   8.7258E+06   2.3829E+01   6.7711E+04   6.7711E+04   6.7711E+04   6.7711E+04   6.7711E+04   6.7711E+04   6.7711E+04   6.7724E+04   5.6042E+03   6.2085E+04
   9.3555E+06   1.6850E+01   4.6591E+04   4.6591E+04   4.6591E+04   4.6591E+04   4.6591E+04   4.6591E+04   4.6591E+04   4.6601E+04   3.8127E+03   4.2763E+04
   1.0031E+07   1.1916E+01   3.1973E+04   3.1973E+04   3.1973E+04   3.1973E+04   3.1973E+04   3.1973E+04   3.1973E+04   3.1980E+04   2.5939E+03   2.9368E+04
   1.0755E+07   8.4287E+00   2.1887E+04   2.1887E+04   2.1887E+04   2.1887E+04   2.1887E+04   2.1887E+04   2.1887E+04   2.1892E+04   1.7648E+03   2.0114E+04
   1.1531E+07   5.9626E+00   1.4949E+04   1.4949E+04   1.4949E+04   1.4949E+04   1.4949E+04   1.4949E+04   1.4949E+04   1.4952E+04   1.2008E+03   1.3743E+04
   1.2363E+07   4.2187E+00   1.0189E+04   1.0189E+04   1.0189E+04   1.0189E+04   1.0189E+04   1.0189E+04   1.0189E+04   1.0191E+04   8.1700E+02   9.3678E+03
   1.3255E+07   2.9853E+00   6.9311E+03   6.9311E+03   6.9311E+03   6.9311E+03   6.9311E+03   6.9311E+03   6.9311E+03   6.9325E+03   5.5590E+02   6.3724E+03
   1.4212E+07   2.1129E+00   4.7067E+03   4.7067E+03   4.7067E+03   4.7067E+03   4.7067E+03   4.7067E+03   4.7067E+03   4.7076E+03   3.7826E+02   4.3264E+03
   1.5237E+07   1.4957E+00   3.1911E+03   3.1911E+03   3.1911E+03   3.1911E+03   3.1911E+03   3.1911E+03   3.1911E+03   3.1917E+03   2.5740E+02   2.9322E+03
   1.6337E+07   1.0590E+00   2.1603E+03   2.1603E+03   2.1603E+03   2.1603E+03   2.1603E+03   2.1603E+03   2.1603E+03   2.1607E+03   1.7515E+02   1.9841E+03
   1.7516E+07   7.4999E-01   1.4605E+03   1.4605E+03   1.4605E+03   1.4605E+03   1.4605E+03   1.4605E+03   1.4605E+03   1.4608E+03   1.1919E+02   1.3406E+03
   1.8780E+07   5.3126E-01   9.8614E+02   9.8614E+02   9.8614E+02   9.8614E+02   9.8614E+02   9.8614E+02   9.8614E+02   9.8634E+02   8.1115E+01   9.0452E+02
   2.0135E+07   3.7640E-01   6.6382E+02   6.6382E+02   6.6382E+02   6.6382E+02   6.6382E+02   6.6382E+02   6.6382E+02   6.6396E+02   5.3916E+01   6.0954E+02
   2.1588E+07   2.6676E-01   4.4629E+02   4.4629E+02   4.4629E+02   4.4629E+02   4.4629E+02   4.4629E+02   4.4629E+02   4.4638E+02   3.5730E+01   4.1030E+02
   2.3146E+07   1.8911E-01   2.9976E+02   2.9976E+02   2.9976E+02   2.9976E+02   2.9976E+02   2.9976E+02   2.9976E+02   2.9982E+02   2.3678E+01   2.7590E+02
   2.4817E+07   1.3409E-01   2.0117E+02   2.0117E+02   2.0117E+02   2.0117E+02   2.0117E+02   2.0117E+02   2.0117E+02   2.0121E+02   1.5691E+01   1.8535E+02
   2.6608E+07   9.5114E-02   1.3490E+02   1.3490E+02   1.3490E+02   1.3490E+02   1.3490E+02   1.3490E+02   1.3490E+02   1.3493E+02   1.0399E+01   1.2441E+02
   2.8528E+07   6.7487E-02   9.0396E+01   9.0396E+01   9.0396E+01   9.0396E+01   9.0396E+01   9.0396E+01   9.0396E+01   9.0414E+01   6.8911E+00   8.3439E+01
   3.0587E+07   4.7901E-02   6.0535E+01   6.0535E+01   6.0535E+01   6.0535E+01   6.0535E+01   6.0535E+01   6.0535E+01   6.0548E+01   4.5667E+00   5.5922E+01
   3.2794E+07   3.4012E-02   4.0515E+01   4.0515E+01   4.0515E+01   4.0515E+01   4.0515E+01   4.0515E+01   4.0515E+01   4.0523E+01   3.0263E+00   3.7455E+01
   3.5161E+07   2.4159E-02   2.7102E+01   2.7102E+01   2.7102E+01   2.7102E+01   2.7102E+01   2.7102E+01   2.7102E+01   2.7107E+01   2.0056E+00   2.5073E+01
   3.7698E+07   1.7168E-02   1.8121E+01   1.8121E+01   1.8121E+01   1.8121E+01   1.8121E+01   1.8121E+01   1.8121E+01   1.8124E+01   1.3291E+00   1.6775E+01
   4.0419E+07   1.2205E-02   1.2111E+01   1.2111E+01   1.2111E+01   1.2111E+01   1.2111E+01   1.2111E+01   1.2111E+01   1.2113E+01   8.8080E-01   1.1218E+01
   4.3336E+07   8.6804E-03   8.0910E+00   8.0910E+00   8.0910E+00   8.0910E+00   8.0910E+00   8.0910E+00   8.0910E+00   8.0926E+00   5.8370E-01   7.4988E+00
   4.6463E+07   6.1767E-03   5.4037E+00   5.4037E+00   5.4037E+00   5.4037E+00   5.4037E+00   5.4037E+00   5.4037E+00   5.4048E+00   3.8682E-01   5.0108E+00
   4.9817E+07   4.3973E-03   3.6079E+00   3.6079E+00   3.6079E+00   3.6079E+00   3.6079E+00   3.6079E+00   3.6079E+00   3.6087E+00   2.5634E-01   3.3473E+00
   5.3412E+07   3.1323E-03   2.4084E+00   2.4084E+00   2.4084E+00   2.4084E+00   2.4084E+00   2.4084E+00   2.4084E+00   2.4088E+00   1.6988E-01   2.2354E+00
   5.7266E+07   2.2324E-03   1.6073E+00   1.6073E+00   1.6073E+00   1.6073E+00   1.6073E+00   1.6073E+00   1.6073E+00   1.6076E+00   1.1258E-01   1.4925E+00
   6.1399E+07   1.5920E-03   1.0725E+00   1.0725E+00   1.0725E+00   1.0725E+00   1.0725E+00   1.0725E+00   1.0725E+00   1.0727E+00   7.4608E-02   9.9628E-01
   6.5830E+07   1.1359E-03   7.1551E-01   7.1551E-01   7.1551E-01   7.1551E-01   7.1551E-01   7.1551E-01   7.1551E-01   7.1566E-01   4.9443E-02   6.6495E-01
   7.0581E+07   8.1108E-04   4.7731E-01   4.7731E-01   4.7731E-01   4.7731E-01   4.7731E-01   4.7731E-01   4.7731E-01   4.7741E-01   3.2766E-02   4.4374E-01
   7.5675E+07   5.7951E-04   3.1839E-01   3.1839E-01   3.1839E-01   3.1839E-01   3.1839E-01   3.1839E-01   3.1839E-01   3.1845E-01   2.1714E-02   2.9610E-01
   8.1136E+07   4.1435E-04   2.1237E-01   2.1237E-01   2.1237E-01   2.1237E-01   2.1237E-01   2.1237E-01   2.1237E-01   2.1241E-01   1.4390E-02   1.9757E-01
   8.6991E+07   2.9647E-04   1.4165E-01   1.4165E-01   1.4165E-01   1.4165E-01   1.4165E-01   1.4165E-01   1.4165E-01   1.4168E-01   9.5365E-03   1.3182E-01
   9.3269E+07   2.1229E-04   9.4480E-02   9.4480E-02   9.4480E-02   9.4480E-02   9.4480E-02   9.4480E-02   9.4480E-02   9.4499E-02   6.3200E-03   8.7950E-02
   1.0000E+08   1.5214E-04   6.3020E-02   6.3020E-02   6.3020E-02   6.3020E-02   6.3020E-02   6.3020E-02   6.3020E-02   6.3033E-02   4.1883E-03   5.8681E-02
