 (1): Wavelength (A) 
 (2): Intrinsic SED (1e30 erg/s/A)
 (3 - 9): SED at angles [   0.0000000      0.26183301      0.52366602      0.78549999       1.0473300       1.3091700       1.5710000     ] (1e30 erg/s/A)
 (10): Angle averaged SED (1e30 erg/s/A)
 (11): Molecular cloud emission (1e30 erg/s/A)
 (12): Cirrus emission (1e30 erg/s/A)
  
            1            2            3            4            5            6            7            8            9           10           11           12
   9.5000E+01   1.3219E+12   9.0765E+11   9.8513E+11   9.6262E+11   9.7487E+11   1.0121E+12   9.0789E+11   1.0314E+12   9.7195E+11   1.8035E+02   0.0000E+00
   1.0186E+02   1.3527E+12   9.1647E+11   1.0009E+12   9.7835E+11   9.9168E+11   1.0305E+12   9.2061E+11   1.0500E+12   9.8796E+11   4.2503E+02   0.0000E+00
   1.0921E+02   1.3528E+12   9.1663E+11   1.0010E+12   9.7847E+11   9.9179E+11   1.0306E+12   9.2074E+11   1.0501E+12   9.8808E+11   1.0117E+03   0.0000E+00
   1.1709E+02   1.3529E+12   9.1025E+11   9.9733E+11   9.7507E+11   9.8881E+11   1.0279E+12   9.1643E+11   1.0473E+12   9.8471E+11   2.3954E+03   0.0000E+00
   1.2554E+02   1.3847E+12   9.1626E+11   1.0119E+12   9.8985E+11   1.0049E+12   1.0457E+12   9.2771E+11   1.0654E+12   9.9980E+11   5.6322E+03   0.0000E+00
   1.3460E+02   1.3848E+12   9.0642E+11   1.0063E+12   9.8474E+11   1.0005E+12   1.0418E+12   9.2128E+11   1.0612E+12   9.9475E+11   1.3300E+04   0.0000E+00
   1.4431E+02   1.3855E+12   8.9489E+11   9.9997E+11   9.7906E+11   9.9562E+11   1.0375E+12   9.1405E+11   1.0568E+12   9.8917E+11   3.1350E+04   0.0000E+00
   1.5473E+02   1.4061E+12   8.9269E+11   1.0060E+12   9.8566E+11   1.0035E+12   1.0468E+12   9.1781E+11   1.0661E+12   9.9606E+11   7.3699E+04   0.0000E+00
   1.6589E+02   1.4185E+12   8.8521E+11   1.0062E+12   9.8663E+11   1.0057E+12   1.0501E+12   9.1639E+11   1.0692E+12   9.9727E+11   1.7326E+05   0.0000E+00
   1.7786E+02   1.4187E+12   8.6953E+11   9.9738E+11   9.7891E+11   9.9912E+11   1.0443E+12   9.0692E+11   1.0630E+12   9.8972E+11   4.0712E+05   0.0000E+00
   1.9070E+02   1.4190E+12   8.5565E+11   9.8965E+11   9.7217E+11   9.9338E+11   1.0392E+12   8.9871E+11   1.0576E+12   9.8315E+11   9.5789E+05   0.0000E+00
   2.0446E+02   1.4415E+12   8.5897E+11   9.9955E+11   9.8255E+11   1.0048E+12   1.0518E+12   9.0694E+11   1.0703E+12   9.9384E+11   2.2609E+06   0.0000E+00
   2.1922E+02   1.4528E+12   8.4748E+11   9.9708E+11   9.8134E+11   1.0051E+12   1.0533E+12   9.0348E+11   1.0715E+12   9.9298E+11   5.3021E+06   0.0000E+00
   2.3504E+02   1.5142E+12   8.3594E+11   9.9334E+11   9.7903E+11   1.0041E+12   1.0534E+12   8.9996E+11   1.0711E+12   9.9115E+11   1.2441E+07   0.0000E+00
   2.5200E+02   1.6794E+12   8.1927E+11   9.8689E+11   9.7430E+11   1.0011E+12   1.0516E+12   8.9323E+11   1.0688E+12   9.8689E+11   2.9086E+07   0.0000E+00
   2.7019E+02   1.8150E+12   8.1093E+11   9.9156E+11   9.8076E+11   1.0097E+12   1.0621E+12   8.9663E+11   1.0789E+12   9.9400E+11   6.7921E+07   0.0000E+00
   2.8969E+02   1.8211E+12   7.8698E+11   9.7777E+11   9.6912E+11   9.9980E+11   1.0532E+12   8.8361E+11   1.0692E+12   9.8282E+11   1.5847E+08   0.0000E+00
   3.1059E+02   1.7519E+12   7.6265E+11   9.6391E+11   9.5757E+11   9.9004E+11   1.0445E+12   8.7089E+11   1.0596E+12   9.7182E+11   1.9781E+08   0.0000E+00
   3.3301E+02   1.8492E+12   7.5525E+11   9.7195E+11   9.6795E+11   1.0030E+12   1.0598E+12   8.7831E+11   1.0743E+12   9.8315E+11   1.3146E+08   0.0000E+00
   3.5704E+02   1.8578E+12   7.2998E+11   9.5748E+11   9.5610E+11   9.9303E+11   1.0510E+12   8.6576E+11   1.0643E+12   9.7198E+11   8.7300E+07   0.0000E+00
   3.8280E+02   1.8643E+12   7.3294E+11   9.5878E+11   9.5699E+11   9.9363E+11   1.0514E+12   8.6670E+11   1.0648E+12   9.7273E+11   5.9492E+07   0.0000E+00
   4.1043E+02   1.9563E+12   7.3734E+11   9.7126E+11   9.7039E+11   1.0084E+12   1.0676E+12   8.7818E+11   1.0809E+12   9.8666E+11   4.0081E+07   0.0000E+00
   4.4005E+02   1.9431E+12   7.0785E+11   9.5691E+11   9.5965E+11   1.0003E+12   1.0613E+12   8.6660E+11   1.0730E+12   9.7700E+11   2.6415E+07   0.0000E+00
   4.7181E+02   1.9416E+12   6.7840E+11   9.5077E+11   9.5862E+11   1.0034E+12   1.0676E+12   8.6385E+11   1.0769E+12   9.7776E+11   1.7219E+07   0.0000E+00
   5.0586E+02   1.9268E+12   6.3260E+11   9.2659E+11   9.4055E+11   9.8932E+11   1.0563E+12   8.4644E+11   1.0621E+12   9.6162E+11   2.8990E+06   0.0000E+00
   5.4236E+02   1.9117E+12   5.7569E+11   8.9342E+11   9.1513E+11   9.6851E+11   1.0385E+12   8.2352E+11   1.0393E+12   9.3867E+11   4.0698E+05   0.0000E+00
   5.8151E+02   1.9374E+12   4.9266E+11   8.4335E+11   8.7742E+11   9.3764E+11   1.0124E+12   7.9189E+11   1.0035E+12   9.0498E+11   5.4844E+04   0.0000E+00
   6.2347E+02   1.8797E+12   3.4709E+11   7.3780E+11   7.9485E+11   8.6530E+11   9.4795E+11   7.2778E+11   9.1481E+11   8.2953E+11   6.5698E+03   0.0000E+00
   6.6847E+02   1.8595E+12   2.5850E+11   6.7093E+11   7.4625E+11   8.2396E+11   9.1448E+11   6.9540E+11   8.5623E+11   7.8651E+11   8.0472E+02   0.0000E+00
   7.1671E+02   1.8072E+12   2.0986E+11   6.2121E+11   7.0541E+11   7.8517E+11   8.7890E+11   6.6556E+11   8.0496E+11   7.4788E+11   1.0921E+03   0.0000E+00
   7.6843E+02   1.7479E+12   2.4443E+11   6.4472E+11   7.1899E+11   7.9473E+11   8.8298E+11   6.7114E+11   8.2465E+11   7.5841E+11   2.2361E+03   0.0000E+00
   8.2389E+02   1.7560E+12   3.1463E+11   7.0173E+11   7.6199E+11   8.3265E+11   9.1508E+11   7.0078E+11   8.7718E+11   7.9734E+11   4.8314E+03   0.0000E+00
   8.8334E+02   1.7539E+12   3.6863E+11   7.4515E+11   7.9651E+11   8.6381E+11   9.4323E+11   7.2687E+11   9.1668E+11   8.2929E+11   9.7550E+03   0.0000E+00
   9.4709E+02   2.8068E+12   5.0569E+11   8.9207E+11   9.5342E+11   1.0331E+12   1.1279E+12   9.1055E+11   1.1125E+12   1.0055E+12   1.8902E+04   0.0000E+00
   1.0154E+03   3.2543E+12   6.9173E+11   1.0845E+12   1.1527E+12   1.2392E+12   1.3529E+12   1.1264E+12   1.3385E+12   1.2187E+12   1.2029E+05   0.0000E+00
   1.0887E+03   3.4169E+12   9.0228E+11   1.2846E+12   1.3492E+12   1.4356E+12   1.5579E+12   1.3279E+12   1.5467E+12   1.4204E+12   7.9596E+05   0.0000E+00
   1.1673E+03   3.3624E+12   1.0203E+12   1.3794E+12   1.4371E+12   1.5170E+12   1.6426E+12   1.4141E+12   1.6309E+12   1.5065E+12   5.2164E+06   0.0000E+00
   1.2515E+03   3.3005E+12   1.0808E+12   1.4097E+12   1.4597E+12   1.5329E+12   1.6569E+12   1.4373E+12   1.6464E+12   1.5264E+12   1.0160E+07   0.0000E+00
   1.3419E+03   3.2249E+12   1.1910E+12   1.4781E+12   1.5204E+12   1.5857E+12   1.7056E+12   1.5070E+12   1.6963E+12   1.5852E+12   1.0889E+07   0.0000E+00
   1.4387E+03   2.9298E+12   1.1671E+12   1.4179E+12   1.4518E+12   1.5085E+12   1.6173E+12   1.4362E+12   1.6101E+12   1.5090E+12   1.1521E+07   0.0000E+00
   1.5425E+03   2.4675E+12   1.0815E+12   1.2930E+12   1.3160E+12   1.3625E+12   1.4533E+12   1.2930E+12   1.4506E+12   1.3617E+12   1.2168E+07   0.0000E+00
   1.6538E+03   2.2709E+12   1.0089E+12   1.1875E+12   1.2060E+12   1.2462E+12   1.3277E+12   1.1885E+12   1.3258E+12   1.2474E+12   1.2780E+07   0.0000E+00
   1.7732E+03   2.0977E+12   9.7181E+11   1.1290E+12   1.1449E+12   1.1809E+12   1.2560E+12   1.1316E+12   1.2541E+12   1.1834E+12   1.3211E+07   0.0000E+00
   1.9012E+03   1.8605E+12   8.6701E+11   1.0127E+12   1.0269E+12   1.0596E+12   1.1272E+12   1.0129E+12   1.1255E+12   1.0612E+12   1.2161E+07   0.0000E+00
   2.0384E+03   1.6853E+12   7.4846E+11   8.9344E+11   9.1017E+11   9.4239E+11   1.0065E+12   8.9925E+11   1.0027E+12   9.4321E+11   2.7992E+06   0.0000E+00
   2.1855E+03   1.4997E+12   6.4149E+11   7.8103E+11   7.9810E+11   8.2869E+11   8.8732E+11   7.8800E+11   8.8293E+11   8.2850E+11   8.6964E+05   0.0000E+00
   2.3432E+03   1.2814E+12   6.0016E+11   7.0854E+11   7.1768E+11   7.4111E+11   7.8830E+11   7.0354E+11   7.8787E+11   7.4088E+11   2.8869E+06   0.0000E+00
   2.5123E+03   1.1792E+12   6.2716E+11   7.0578E+11   7.0928E+11   7.2699E+11   7.6757E+11   6.9781E+11   7.6907E+11   7.2897E+11   9.6883E+06   0.0000E+00
   2.6936E+03   1.1326E+12   6.4828E+11   7.1083E+11   7.1203E+11   7.2688E+11   7.6411E+11   7.0411E+11   7.6632E+11   7.3045E+11   2.8013E+07   0.0000E+00
   2.8880E+03   1.0441E+12   6.2409E+11   6.7552E+11   6.7548E+11   6.8813E+11   7.2139E+11   6.6960E+11   7.2405E+11   6.9217E+11   3.2482E+07   0.0000E+00
   3.0964E+03   9.7211E+11   6.0625E+11   6.4784E+11   6.4721E+11   6.5810E+11   6.8805E+11   6.4432E+11   6.9092E+11   6.6277E+11   3.7584E+07   0.0000E+00
   3.3199E+03   8.7445E+11   5.6459E+11   5.9683E+11   5.9581E+11   6.0484E+11   6.3073E+11   5.9522E+11   6.3375E+11   6.0971E+11   4.3494E+07   0.0000E+00
   3.5595E+03   7.9406E+11   5.3075E+11   5.5516E+11   5.5410E+11   5.6166E+11   5.8413E+11   5.5585E+11   5.8716E+11   5.6672E+11   5.0291E+07   0.0000E+00
   3.8163E+03   9.6663E+11   6.7608E+11   6.9601E+11   6.9789E+11   7.0668E+11   7.3236E+11   7.1041E+11   7.3463E+11   7.1476E+11   5.7994E+07   0.0000E+00
   4.0918E+03   9.0957E+11   6.5300E+11   6.6853E+11   6.7006E+11   6.7784E+11   7.0084E+11   6.8319E+11   7.0368E+11   6.8576E+11   6.6851E+07   0.0000E+00
   4.3870E+03   8.8485E+11   6.5628E+11   6.6775E+11   6.6928E+11   6.7632E+11   6.9709E+11   6.8332E+11   7.0040E+11   6.8415E+11   7.7233E+07   0.0000E+00
   4.7036E+03   8.1001E+11   6.1310E+11   6.2134E+11   6.2270E+11   6.2868E+11   6.4670E+11   6.3599E+11   6.5016E+11   6.3593E+11   7.6741E+07   0.0000E+00
   5.0431E+03   7.1352E+11   5.5063E+11   5.5629E+11   5.5730E+11   5.6213E+11   5.7712E+11   5.6880E+11   5.8060E+11   5.6845E+11   7.3424E+07   0.0000E+00
   5.4070E+03   6.3202E+11   4.9791E+11   5.0130E+11   5.0214E+11   5.0596E+11   5.1836E+11   5.1215E+11   5.2181E+11   5.1150E+11   7.0412E+07   0.0000E+00
   5.7973E+03   5.9074E+11   4.7372E+11   4.7556E+11   4.7647E+11   4.7972E+11   4.9057E+11   4.8600E+11   4.9403E+11   4.8487E+11   6.7418E+07   0.0000E+00
   6.2156E+03   5.2054E+11   4.2406E+11   4.2479E+11   4.2556E+11   4.2814E+11   4.3709E+11   4.3361E+11   4.4038E+11   4.3256E+11   6.4410E+07   0.0000E+00
   6.6642E+03   4.6599E+11   3.8444E+11   3.8434E+11   3.8512E+11   3.8720E+11   3.9476E+11   3.9217E+11   3.9780E+11   3.9108E+11   5.9589E+07   0.0000E+00
   7.1451E+03   4.1317E+11   3.4554E+11   3.4481E+11   3.4561E+11   3.4726E+11   3.5352E+11   3.5172E+11   3.5628E+11   3.5061E+11   5.4051E+07   0.0000E+00
   7.6608E+03   3.7469E+11   3.1712E+11   3.1593E+11   3.1679E+11   3.1812E+11   3.2344E+11   3.2224E+11   3.2596E+11   3.2109E+11   4.9358E+07   0.0000E+00
   8.2136E+03   3.3677E+11   2.8805E+11   2.8661E+11   2.8749E+11   2.8857E+11   2.9307E+11   2.9232E+11   2.9533E+11   2.9117E+11   4.5656E+07   0.0000E+00
   8.8064E+03   2.8653E+11   2.4769E+11   2.4616E+11   2.4695E+11   2.4777E+11   2.5134E+11   2.5085E+11   2.5329E+11   2.4989E+11   4.3477E+07   0.0000E+00
   9.4420E+03   2.6939E+11   2.3538E+11   2.3375E+11   2.3463E+11   2.3533E+11   2.3849E+11   2.3829E+11   2.4029E+11   2.3727E+11   4.0154E+07   6.2927E+08
   1.0123E+04   2.3990E+11   2.1162E+11   2.0997E+11   2.1081E+11   2.1137E+11   2.1399E+11   2.1396E+11   2.1560E+11   2.1303E+11   3.8771E+07   6.8432E+08
   1.0854E+04   2.0830E+11   1.8553E+11   1.8395E+11   1.8471E+11   1.8513E+11   1.8725E+11   1.8729E+11   1.8865E+11   1.8651E+11   4.0167E+07   7.4932E+08
   1.1637E+04   1.8510E+11   1.6638E+11   1.6487E+11   1.6559E+11   1.6591E+11   1.6766E+11   1.6775E+11   1.6890E+11   1.6708E+11   4.5458E+07   8.1565E+08
   1.2477E+04   1.5756E+11   1.4278E+11   1.4140E+11   1.4205E+11   1.4229E+11   1.4367E+11   1.4378E+11   1.4469E+11   1.4323E+11   5.0721E+07   8.8093E+08
   1.3377E+04   1.4235E+11   1.3016E+11   1.2886E+11   1.2946E+11   1.2964E+11   1.3079E+11   1.3092E+11   1.3170E+11   1.3044E+11   5.4312E+07   9.3803E+08
   1.4343E+04   1.2935E+11   1.1929E+11   1.1806E+11   1.1862E+11   1.1875E+11   1.1971E+11   1.1984E+11   1.2053E+11   1.1944E+11   5.9945E+07   9.8584E+08
   1.5378E+04   1.1694E+11   1.0860E+11   1.0744E+11   1.0795E+11   1.0806E+11   1.0886E+11   1.0898E+11   1.0958E+11   1.0864E+11   6.8266E+07   1.0267E+09
   1.6488E+04   1.1050E+11   1.0351E+11   1.0240E+11   1.0289E+11   1.0297E+11   1.0366E+11   1.0378E+11   1.0433E+11   1.0348E+11   7.4491E+07   1.0590E+09
   1.7678E+04   1.0117E+11   9.5517E+10   9.4450E+10   9.4897E+10   9.4951E+10   9.5526E+10   9.5624E+10   9.6133E+10   9.5389E+10   7.4728E+07   1.0772E+09
   1.8953E+04   8.6336E+10   8.2207E+10   8.1243E+10   8.1624E+10   8.1653E+10   8.2097E+10   8.2159E+10   8.2611E+10   8.1998E+10   7.5663E+07   1.0845E+09
   2.0321E+04   7.9205E+10   7.6006E+10   7.5105E+10   7.5453E+10   7.5468E+10   7.5830E+10   7.5879E+10   7.6294E+10   7.5757E+10   7.7538E+07   1.0819E+09
   2.1788E+04   6.9635E+10   6.7335E+10   6.6514E+10   6.6822E+10   6.6824E+10   6.7107E+10   6.7138E+10   6.7508E+10   6.7056E+10   8.0774E+07   1.0693E+09
   2.3360E+04   6.4583E+10   6.2929E+10   6.2173E+10   6.2454E+10   6.2447E+10   6.2677E+10   6.2701E+10   6.3039E+10   6.2642E+10   8.7004E+07   1.0474E+09
   2.5046E+04   5.2839E+10   5.1935E+10   5.1282E+10   5.1515E+10   5.1500E+10   5.1663E+10   5.1667E+10   5.1954E+10   5.1642E+10   9.5729E+07   1.0207E+09
   2.6854E+04   5.0232E+10   4.9595E+10   4.9002E+10   4.9219E+10   4.9204E+10   4.9342E+10   4.9351E+10   4.9601E+10   4.9328E+10   1.0818E+08   9.9259E+08
   2.8792E+04   4.7237E+10   4.6886E+10   4.6355E+10   4.6552E+10   4.6538E+10   4.6652E+10   4.6663E+10   4.6880E+10   4.6644E+10   1.2678E+08   9.7435E+08
   3.0869E+04   4.0950E+10   4.1033E+10   4.0581E+10   4.0749E+10   4.0735E+10   4.0822E+10   4.0829E+10   4.1009E+10   4.0818E+10   1.5570E+08   1.0569E+09
   3.3097E+04   3.7728E+10   5.1327E+10   5.1000E+10   5.1195E+10   5.1184E+10   5.1290E+10   5.1346E+10   5.1479E+10   5.1288E+10   2.0228E+08   1.5103E+10
   3.5486E+04   3.5512E+10   3.5996E+10   3.5653E+10   3.5785E+10   3.5773E+10   3.5829E+10   3.5838E+10   3.5969E+10   3.5832E+10   2.7668E+08   9.7074E+08
   3.8047E+04   3.1620E+10   3.2248E+10   3.1959E+10   3.2071E+10   3.2060E+10   3.2103E+10   3.2110E+10   3.2218E+10   3.2107E+10   3.6770E+08   8.5942E+08
   4.0792E+04   2.9564E+10   3.0404E+10   3.0155E+10   3.0253E+10   3.0243E+10   3.0278E+10   3.0286E+10   3.0377E+10   3.0283E+10   4.8918E+08   8.4511E+08
   4.3736E+04   2.7095E+10   2.8235E+10   2.8024E+10   2.8108E+10   2.8099E+10   2.8126E+10   2.8134E+10   2.8210E+10   2.8132E+10   6.5150E+08   8.8813E+08
   4.6893E+04   2.4668E+10   2.6204E+10   2.6028E+10   2.6100E+10   2.6092E+10   2.6113E+10   2.6120E+10   2.6184E+10   2.6119E+10   8.6860E+08   9.9452E+08
   5.0277E+04   2.2718E+10   2.4821E+10   2.4673E+10   2.4735E+10   2.4728E+10   2.4744E+10   2.4752E+10   2.4805E+10   2.4751E+10   1.1540E+09   1.2264E+09
   5.3905E+04   2.0979E+10   2.3907E+10   2.3783E+10   2.3837E+10   2.3831E+10   2.3844E+10   2.3853E+10   2.3897E+10   2.3852E+10   1.3693E+09   1.8063E+09
   5.7795E+04   1.9420E+10   2.4875E+10   2.4774E+10   2.4825E+10   2.4819E+10   2.4832E+10   2.4844E+10   2.4882E+10   2.4840E+10   1.5707E+09   4.1545E+09
   6.1966E+04   1.7967E+10   4.5172E+10   4.5131E+10   4.5210E+10   4.5202E+10   4.5238E+10   4.5291E+10   4.5312E+10   4.5251E+10   1.7325E+09   2.6269E+10
   6.6438E+04   1.6618E+10   2.4523E+10   2.4452E+10   2.4495E+10   2.4490E+10   2.4500E+10   2.4515E+10   2.4542E+10   2.4509E+10   1.8938E+09   6.2675E+09
   7.1233E+04   1.5402E+10   2.7197E+10   2.7142E+10   2.7185E+10   2.7180E+10   2.7193E+10   2.7213E+10   2.7235E+10   2.7202E+10   2.0024E+09   1.0108E+10
   7.6374E+04   1.4204E+10   4.8375E+10   4.8372E+10   4.8459E+10   4.8452E+10   4.8496E+10   4.8567E+10   4.8576E+10   4.8511E+10   2.0324E+09   3.3155E+10
   8.1885E+04   1.2988E+10   2.7759E+10   2.7692E+10   2.7773E+10   2.7765E+10   2.7800E+10   2.7849E+10   2.7885E+10   2.7811E+10   1.9618E+09   1.3614E+10
   8.7795E+04   1.2077E+10   2.1646E+10   2.1538E+10   2.1626E+10   2.1616E+10   2.1661E+10   2.1704E+10   2.1771E+10   2.1669E+10   1.8503E+09   8.6830E+09
   9.4131E+04   1.1023E+10   1.4718E+10   1.4558E+10   1.4619E+10   1.4609E+10   1.4640E+10   1.4647E+10   1.4749E+10   1.4646E+10   1.7727E+09   2.5834E+09
   1.0092E+05   1.0137E+10   1.3217E+10   1.3073E+10   1.3126E+10   1.3116E+10   1.3135E+10   1.3142E+10   1.3227E+10   1.3144E+10   1.8966E+09   1.6574E+09
   1.0821E+05   9.2867E+09   1.3190E+10   1.3080E+10   1.3131E+10   1.3122E+10   1.3136E+10   1.3150E+10   1.3209E+10   1.3146E+10   2.0170E+09   2.2834E+09
   1.1602E+05   8.4461E+09   1.3962E+10   1.3889E+10   1.3935E+10   1.3929E+10   1.3940E+10   1.3960E+10   1.3997E+10   1.3949E+10   2.0653E+09   3.8174E+09
   1.2439E+05   7.7055E+09   1.1760E+10   1.1702E+10   1.1735E+10   1.1730E+10   1.1733E+10   1.1746E+10   1.1772E+10   1.1742E+10   2.0367E+09   2.2141E+09
   1.3337E+05   7.0923E+09   9.9938E+09   9.9492E+09   9.9720E+09   9.9682E+09   9.9688E+09   9.9763E+09   9.9948E+09   9.9755E+09   1.9588E+09   1.0463E+09
   1.4299E+05   6.5166E+09   8.8730E+09   8.8357E+09   8.8543E+09   8.8511E+09   8.8506E+09   8.8562E+09   8.8712E+09   8.8564E+09   1.8937E+09   5.3403E+08
   1.5331E+05   5.8772E+09   8.1962E+09   8.1591E+09   8.1778E+09   8.1746E+09   8.1735E+09   8.1795E+09   8.1948E+09   8.1796E+09   1.9073E+09   4.8466E+08
   1.6437E+05   5.4055E+09   1.1738E+10   1.1713E+10   1.1742E+10   1.1737E+10   1.1743E+10   1.1760E+10   1.1773E+10   1.1750E+10   1.9482E+09   4.6144E+09
   1.7624E+05   4.8737E+09   7.5537E+09   7.5169E+09   7.5380E+09   7.5342E+09   7.5321E+09   7.5404E+09   7.5567E+09   7.5394E+09   1.9871E+09   7.8919E+08
   1.8895E+05   4.3882E+09   7.1737E+09   7.1415E+09   7.1616E+09   7.1580E+09   7.1555E+09   7.1642E+09   7.1787E+09   7.1628E+09   1.9837E+09   8.9632E+08
   2.0259E+05   3.9950E+09   7.0238E+09   6.9987E+09   7.0168E+09   7.0136E+09   7.0116E+09   7.0203E+09   7.0316E+09   7.0182E+09   1.9203E+09   1.1987E+09
   2.1721E+05   3.6413E+09   7.5712E+09   7.5540E+09   7.5713E+09   7.5684E+09   7.5680E+09   7.5780E+09   7.5860E+09   7.5740E+09   1.8417E+09   2.1943E+09
   2.3289E+05   3.2794E+09   6.6167E+09   6.6022E+09   6.6160E+09   6.6136E+09   6.6124E+09   6.6202E+09   6.6267E+09   6.6176E+09   1.7639E+09   1.6487E+09
   2.4969E+05   2.8863E+09   5.5166E+09   5.5045E+09   5.5152E+09   5.5131E+09   5.5112E+09   5.5170E+09   5.5225E+09   5.5157E+09   1.6815E+09   9.9695E+08
   2.6771E+05   2.5995E+09   5.1322E+09   5.1229E+09   5.1318E+09   5.1299E+09   5.1283E+09   5.1335E+09   5.1379E+09   5.1323E+09   1.5589E+09   1.0150E+09
   2.8703E+05   2.3390E+09   4.8247E+09   4.8177E+09   4.8252E+09   4.8234E+09   4.8222E+09   4.8270E+09   4.8305E+09   4.8258E+09   1.4413E+09   1.0809E+09
   3.0775E+05   2.0607E+09   4.5219E+09   4.5169E+09   4.5231E+09   4.5215E+09   4.5205E+09   4.5250E+09   4.5278E+09   4.5238E+09   1.3324E+09   1.1613E+09
   3.2996E+05   1.8110E+09   4.2731E+09   4.2696E+09   4.2748E+09   4.2733E+09   4.2726E+09   4.2768E+09   4.2789E+09   4.2755E+09   1.2318E+09   1.2597E+09
   3.5377E+05   1.5753E+09   4.0700E+09   4.0678E+09   4.0721E+09   4.0707E+09   4.0703E+09   4.0742E+09   4.0758E+09   4.0729E+09   1.1388E+09   1.3830E+09
   3.7930E+05   1.4022E+09   3.9541E+09   3.9528E+09   3.9564E+09   3.9551E+09   3.9549E+09   3.9586E+09   3.9597E+09   3.9573E+09   1.0495E+09   1.5278E+09
   4.0667E+05   1.2198E+09   3.7997E+09   3.7991E+09   3.8020E+09   3.8009E+09   3.8010E+09   3.8043E+09   3.8051E+09   3.8031E+09   9.2123E+08   1.6823E+09
   4.3602E+05   1.0581E+09   3.6859E+09   3.6857E+09   3.6881E+09   3.6872E+09   3.6874E+09   3.6904E+09   3.6908E+09   3.6893E+09   8.1113E+08   1.8384E+09
   4.6749E+05   9.0197E+08   3.5843E+09   3.5845E+09   3.5864E+09   3.5857E+09   3.5861E+09   3.5886E+09   3.5888E+09   3.5876E+09   7.1638E+08   1.9858E+09
   5.0123E+05   7.8197E+08   3.5117E+09   3.5121E+09   3.5137E+09   3.5131E+09   3.5135E+09   3.5157E+09   3.5157E+09   3.5149E+09   6.3468E+08   2.1131E+09
   5.3740E+05   6.5694E+08   3.4133E+09   3.4138E+09   3.4151E+09   3.4147E+09   3.4151E+09   3.4169E+09   3.4168E+09   3.4163E+09   5.6406E+08   2.2084E+09
   5.7618E+05   5.5190E+08   3.3052E+09   3.3057E+09   3.3068E+09   3.3065E+09   3.3069E+09   3.3083E+09   3.3082E+09   3.3079E+09   5.0288E+08   2.2645E+09
   6.1776E+05   4.6366E+08   3.1777E+09   3.1782E+09   3.1790E+09   3.1789E+09   3.1792E+09   3.1804E+09   3.1802E+09   3.1801E+09   4.5037E+08   2.2757E+09
   6.6235E+05   3.7891E+08   3.0138E+09   3.0142E+09   3.0150E+09   3.0149E+09   3.0152E+09   3.0160E+09   3.0158E+09   3.0159E+09   4.0563E+08   2.2394E+09
   7.1015E+05   3.0243E+08   2.8202E+09   2.8207E+09   2.8213E+09   2.8212E+09   2.8215E+09   2.8221E+09   2.8219E+09   2.8221E+09   3.6673E+08   2.1595E+09
   7.6140E+05   2.4250E+08   2.6083E+09   2.6087E+09   2.6092E+09   2.6092E+09   2.6093E+09   2.6098E+09   2.6097E+09   2.6099E+09   3.3275E+08   2.0399E+09
   8.1635E+05   1.8681E+08   2.3727E+09   2.3730E+09   2.3734E+09   2.3734E+09   2.3736E+09   2.3739E+09   2.3738E+09   2.3741E+09   3.0295E+08   1.8884E+09
   8.7526E+05   1.4550E+08   2.1263E+09   2.1266E+09   2.1269E+09   2.1269E+09   2.1270E+09   2.1273E+09   2.1271E+09   2.1274E+09   2.6951E+08   1.7156E+09
   9.3842E+05   1.1202E+08   1.8729E+09   1.8731E+09   1.8733E+09   1.8734E+09   1.8734E+09   1.8736E+09   1.8735E+09   1.8738E+09   2.3400E+08   1.5301E+09
   1.0061E+06   7.9925E+07   1.6214E+09   1.6216E+09   1.6218E+09   1.6218E+09   1.6218E+09   1.6220E+09   1.6219E+09   1.6222E+09   2.0360E+08   1.3404E+09
   1.0788E+06   5.6412E+07   1.3870E+09   1.3871E+09   1.3873E+09   1.3873E+09   1.3873E+09   1.3874E+09   1.3873E+09   1.3876E+09   1.7751E+08   1.1549E+09
   1.1566E+06   3.9817E+07   1.1763E+09   1.1764E+09   1.1765E+09   1.1765E+09   1.1765E+09   1.1766E+09   1.1765E+09   1.1768E+09   1.5507E+08   9.8276E+08
   1.2401E+06   2.8103E+07   9.8336E+08   9.8343E+08   9.8351E+08   9.8352E+08   9.8354E+08   9.8358E+08   9.8355E+08   9.8373E+08   1.2971E+08   8.2655E+08
   1.3296E+06   1.9836E+07   8.1474E+08   8.1480E+08   8.1486E+08   8.1487E+08   8.1487E+08   8.1491E+08   8.1488E+08   8.1504E+08   1.0451E+08   6.9114E+08
   1.4255E+06   1.4000E+07   6.6252E+08   6.6257E+08   6.6261E+08   6.6262E+08   6.6262E+08   6.6264E+08   6.6263E+08   6.6276E+08   8.4296E+07   5.6476E+08
   1.5284E+06   9.8816E+06   5.2280E+08   5.2282E+08   5.2285E+08   5.2286E+08   5.2286E+08   5.2288E+08   5.2286E+08   5.2297E+08   6.8064E+07   4.4521E+08
   1.6387E+06   6.9746E+06   4.0954E+08   4.0956E+08   4.0958E+08   4.0958E+08   4.0958E+08   4.0959E+08   4.0958E+08   4.0966E+08   5.5013E+07   3.4779E+08
   1.7570E+06   4.9228E+06   3.1877E+08   3.1878E+08   3.1879E+08   3.1880E+08   3.1880E+08   3.1880E+08   3.1880E+08   3.1886E+08   4.4508E+07   2.6950E+08
   1.8838E+06   3.4746E+06   2.4661E+08   2.4662E+08   2.4663E+08   2.4663E+08   2.4663E+08   2.4663E+08   2.4663E+08   2.4668E+08   3.6044E+07   2.0720E+08
   2.0197E+06   2.4524E+06   1.8714E+08   1.8715E+08   1.8715E+08   1.8715E+08   1.8715E+08   1.8716E+08   1.8715E+08   1.8719E+08   2.7104E+07   1.5766E+08
   2.1655E+06   1.7310E+06   1.4092E+08   1.4092E+08   1.4093E+08   1.4093E+08   1.4093E+08   1.4093E+08   1.4093E+08   1.4096E+08   2.0275E+07   1.1896E+08
   2.3217E+06   1.2218E+06   1.0532E+08   1.0532E+08   1.0532E+08   1.0532E+08   1.0532E+08   1.0532E+08   1.0532E+08   1.0534E+08   1.5173E+07   8.8953E+07
   2.4893E+06   8.6234E+05   7.8158E+07   7.8159E+07   7.8161E+07   7.8162E+07   7.8162E+07   7.8162E+07   7.8162E+07   7.8177E+07   1.1359E+07   6.5958E+07
   2.6689E+06   6.0866E+05   5.7611E+07   5.7612E+07   5.7614E+07   5.7614E+07   5.7614E+07   5.7614E+07   5.7614E+07   5.7625E+07   8.5065E+06   4.8510E+07
   2.8616E+06   4.2960E+05   4.2183E+07   4.2184E+07   4.2185E+07   4.2185E+07   4.2185E+07   4.2185E+07   4.2185E+07   4.2193E+07   6.3728E+06   3.5390E+07
   3.0681E+06   3.0322E+05   3.0644E+07   3.0644E+07   3.0645E+07   3.0645E+07   3.0645E+07   3.0645E+07   3.0645E+07   3.0651E+07   4.6952E+06   2.5651E+07
   3.2895E+06   2.1402E+05   2.2027E+07   2.2027E+07   2.2027E+07   2.2027E+07   2.2027E+07   2.2027E+07   2.2027E+07   2.2032E+07   3.3377E+06   1.8479E+07
   3.5269E+06   1.5106E+05   1.5748E+07   1.5748E+07   1.5748E+07   1.5748E+07   1.5748E+07   1.5748E+07   1.5748E+07   1.5751E+07   2.3729E+06   1.3226E+07
   3.7814E+06   1.0662E+05   1.1204E+07   1.1204E+07   1.1204E+07   1.1204E+07   1.1204E+07   1.1204E+07   1.1204E+07   1.1207E+07   1.6872E+06   9.4117E+06
   4.0543E+06   7.5259E+04   7.9382E+06   7.9383E+06   7.9384E+06   7.9384E+06   7.9384E+06   7.9384E+06   7.9384E+06   7.9400E+06   1.1998E+06   6.6641E+06
   4.3469E+06   5.3119E+04   5.6009E+06   5.6009E+06   5.6010E+06   5.6010E+06   5.6010E+06   5.6010E+06   5.6010E+06   5.6021E+06   8.5331E+05   4.6951E+06
   4.6606E+06   3.7494E+04   3.9370E+06   3.9370E+06   3.9370E+06   3.9370E+06   3.9370E+06   3.9371E+06   3.9370E+06   3.9378E+06   6.0695E+05   3.2929E+06
   4.9969E+06   2.6465E+04   2.7430E+06   2.7430E+06   2.7431E+06   2.7431E+06   2.7431E+06   2.7431E+06   2.7431E+06   2.7436E+06   4.1738E+05   2.2994E+06
   5.3576E+06   1.8679E+04   1.9012E+06   1.9012E+06   1.9013E+06   1.9013E+06   1.9013E+06   1.9013E+06   1.9013E+06   1.9016E+06   2.8313E+05   1.5996E+06
   5.7442E+06   1.3185E+04   1.3140E+06   1.3140E+06   1.3140E+06   1.3140E+06   1.3140E+06   1.3140E+06   1.3140E+06   1.3143E+06   1.9207E+05   1.1088E+06
   6.1587E+06   9.3063E+03   9.0582E+05   9.0583E+05   9.0583E+05   9.0583E+05   9.0583E+05   9.0583E+05   9.0583E+05   9.0602E+05   1.3030E+05   7.6628E+05
   6.6032E+06   6.5688E+03   6.2266E+05   6.2266E+05   6.2266E+05   6.2266E+05   6.2266E+05   6.2267E+05   6.2266E+05   6.2279E+05   8.8395E+04   5.2774E+05
   7.0797E+06   4.6365E+03   4.2705E+05   4.2705E+05   4.2705E+05   4.2705E+05   4.2705E+05   4.2705E+05   4.2705E+05   4.2714E+05   5.9967E+04   3.6247E+05
   7.5907E+06   3.2727E+03   2.9230E+05   2.9230E+05   2.9230E+05   2.9230E+05   2.9230E+05   2.9230E+05   2.9230E+05   2.9236E+05   4.0683E+04   2.4836E+05
   8.1385E+06   2.3100E+03   1.9963E+05   1.9963E+05   1.9963E+05   1.9964E+05   1.9964E+05   1.9964E+05   1.9964E+05   1.9968E+05   2.7600E+04   1.6973E+05
   8.7258E+06   1.6305E+03   1.3610E+05   1.3610E+05   1.3610E+05   1.3610E+05   1.3610E+05   1.3610E+05   1.3610E+05   1.3613E+05   1.8725E+04   1.1575E+05
   9.3555E+06   1.1509E+03   9.2621E+04   9.2621E+04   9.2621E+04   9.2621E+04   9.2621E+04   9.2621E+04   9.2621E+04   9.2640E+04   1.2704E+04   7.8771E+04
   1.0031E+07   8.1238E+02   6.2926E+04   6.2926E+04   6.2926E+04   6.2926E+04   6.2926E+04   6.2926E+04   6.2926E+04   6.2939E+04   8.6191E+03   5.3497E+04
   1.0755E+07   5.7344E+02   4.2685E+04   4.2685E+04   4.2685E+04   4.2685E+04   4.2685E+04   4.2685E+04   4.2685E+04   4.2694E+04   5.8478E+03   3.6265E+04
   1.1531E+07   4.0477E+02   2.8914E+04   2.8914E+04   2.8914E+04   2.8914E+04   2.8914E+04   2.8914E+04   2.8914E+04   2.8920E+04   3.9676E+03   2.4543E+04
   1.2363E+07   2.8571E+02   1.9561E+04   1.9561E+04   1.9561E+04   1.9561E+04   1.9561E+04   1.9561E+04   1.9561E+04   1.9565E+04   2.6920E+03   1.6584E+04
   1.3255E+07   2.0168E+02   1.3218E+04   1.3218E+04   1.3218E+04   1.3218E+04   1.3218E+04   1.3218E+04   1.3218E+04   1.3221E+04   1.8265E+03   1.1190E+04
   1.4212E+07   1.4236E+02   8.9223E+03   8.9223E+03   8.9223E+03   8.9223E+03   8.9223E+03   8.9223E+03   8.9223E+03   8.9241E+03   1.2393E+03   7.5410E+03
   1.5237E+07   1.0049E+02   6.0168E+03   6.0168E+03   6.0168E+03   6.0168E+03   6.0168E+03   6.0168E+03   6.0168E+03   6.0181E+03   8.4088E+02   5.0757E+03
   1.6337E+07   7.0935E+01   4.0539E+03   4.0539E+03   4.0539E+03   4.0539E+03   4.0539E+03   4.0539E+03   4.0539E+03   4.0547E+03   5.7056E+02   3.4126E+03
   1.7516E+07   5.0072E+01   2.7292E+03   2.7292E+03   2.7292E+03   2.7292E+03   2.7292E+03   2.7292E+03   2.7292E+03   2.7298E+03   3.8715E+02   2.2921E+03
   1.8780E+07   3.5346E+01   1.8361E+03   1.8361E+03   1.8361E+03   1.8361E+03   1.8361E+03   1.8361E+03   1.8361E+03   1.8364E+03   2.6270E+02   1.5381E+03
   2.0135E+07   2.4951E+01   1.2306E+03   1.2306E+03   1.2306E+03   1.2306E+03   1.2306E+03   1.2306E+03   1.2306E+03   1.2309E+03   1.7447E+02   1.0313E+03
   2.1588E+07   1.7613E+01   8.2404E+02   8.2404E+02   8.2404E+02   8.2404E+02   8.2404E+02   8.2404E+02   8.2404E+02   8.2421E+02   1.1555E+02   6.9090E+02
   2.3146E+07   1.2434E+01   5.5151E+02   5.5151E+02   5.5151E+02   5.5151E+02   5.5151E+02   5.5151E+02   5.5151E+02   5.5163E+02   7.6536E+01   4.6256E+02
   2.4817E+07   8.7773E+00   3.6894E+02   3.6894E+02   3.6894E+02   3.6894E+02   3.6894E+02   3.6894E+02   3.6894E+02   3.6902E+02   5.0692E+01   3.0949E+02
   2.6608E+07   6.1963E+00   2.4672E+02   2.4672E+02   2.4672E+02   2.4672E+02   2.4672E+02   2.4672E+02   2.4672E+02   2.4677E+02   3.3575E+01   2.0695E+02
   2.8528E+07   4.3743E+00   1.6492E+02   1.6492E+02   1.6492E+02   1.6492E+02   1.6492E+02   1.6492E+02   1.6492E+02   1.6496E+02   2.2238E+01   1.3832E+02
   3.0587E+07   3.0880E+00   1.1021E+02   1.1021E+02   1.1021E+02   1.1021E+02   1.1021E+02   1.1021E+02   1.1021E+02   1.1024E+02   1.4729E+01   9.2401E+01
   3.2794E+07   2.1801E+00   7.3634E+01   7.3634E+01   7.3634E+01   7.3634E+01   7.3634E+01   7.3634E+01   7.3634E+01   7.3649E+01   9.7552E+00   6.1701E+01
   3.5161E+07   1.5391E+00   4.9186E+01   4.9186E+01   4.9186E+01   4.9186E+01   4.9186E+01   4.9186E+01   4.9186E+01   4.9196E+01   6.4612E+00   4.1187E+01
   3.7698E+07   1.0866E+00   3.2849E+01   3.2849E+01   3.2849E+01   3.2849E+01   3.2849E+01   3.2849E+01   3.2849E+01   3.2856E+01   4.2795E+00   2.7484E+01
   4.0419E+07   7.6714E-01   2.1936E+01   2.1936E+01   2.1936E+01   2.1936E+01   2.1936E+01   2.1936E+01   2.1936E+01   2.1941E+01   2.8345E+00   1.8335E+01
   4.3336E+07   5.4161E-01   1.4647E+01   1.4647E+01   1.4647E+01   1.4647E+01   1.4647E+01   1.4647E+01   1.4647E+01   1.4650E+01   1.8773E+00   1.2229E+01
   4.6463E+07   3.8240E-01   9.7796E+00   9.7796E+00   9.7796E+00   9.7796E+00   9.7796E+00   9.7796E+00   9.7796E+00   9.7816E+00   1.2434E+00   8.1541E+00
   4.9817E+07   2.6999E-01   6.5296E+00   6.5296E+00   6.5296E+00   6.5296E+00   6.5296E+00   6.5296E+00   6.5296E+00   6.5310E+00   8.2355E-01   5.4363E+00
   5.3412E+07   1.9063E-01   4.3598E+00   4.3598E+00   4.3598E+00   4.3598E+00   4.3598E+00   4.3598E+00   4.3598E+00   4.3607E+00   5.4547E-01   3.6239E+00
   5.7266E+07   1.3461E-01   2.9112E+00   2.9112E+00   2.9112E+00   2.9112E+00   2.9112E+00   2.9112E+00   2.9112E+00   2.9118E+00   3.6128E-01   2.4154E+00
   6.1399E+07   9.5046E-02   1.9440E+00   1.9440E+00   1.9440E+00   1.9440E+00   1.9440E+00   1.9440E+00   1.9440E+00   1.9444E+00   2.3929E-01   1.6098E+00
   6.5830E+07   6.7114E-02   1.2984E+00   1.2984E+00   1.2984E+00   1.2984E+00   1.2984E+00   1.2984E+00   1.2984E+00   1.2986E+00   1.5849E-01   1.0728E+00
   7.0581E+07   4.7393E-02   8.6725E-01   8.6725E-01   8.6725E-01   8.6725E-01   8.6725E-01   8.6725E-01   8.6725E-01   8.6743E-01   1.0497E-01   7.1492E-01
   7.5675E+07   3.3467E-02   5.7940E-01   5.7940E-01   5.7940E-01   5.7940E-01   5.7940E-01   5.7940E-01   5.7940E-01   5.7952E-01   6.9528E-02   4.7643E-01
   8.1136E+07   2.3635E-02   3.8717E-01   3.8717E-01   3.8717E-01   3.8717E-01   3.8717E-01   3.8717E-01   3.8717E-01   3.8725E-01   4.6051E-02   3.1750E-01
   8.6991E+07   1.6692E-02   2.5878E-01   2.5878E-01   2.5878E-01   2.5878E-01   2.5878E-01   2.5878E-01   2.5878E-01   2.5883E-01   3.0501E-02   2.1160E-01
   9.3269E+07   1.1789E-02   1.7301E-01   1.7301E-01   1.7301E-01   1.7301E-01   1.7301E-01   1.7301E-01   1.7301E-01   1.7305E-01   2.0202E-02   1.4103E-01
   1.0000E+08   8.3262E-03   1.1570E-01   1.1570E-01   1.1570E-01   1.1570E-01   1.1570E-01   1.1570E-01   1.1570E-01   1.1573E-01   1.3381E-02   9.4000E-02
