 (1): Wavelength (A) 
 (2): Intrinsic SED (1e30 erg/s/A)
 (3 - 9): SED at angles [   0.0000000      0.26183301      0.52366602      0.78549999       1.0473300       1.3091700       1.5710000     ] (1e30 erg/s/A)
 (10): Angle averaged SED (1e30 erg/s/A)
 (11): Molecular cloud emission (1e30 erg/s/A)
 (12): Cirrus emission (1e30 erg/s/A)
  
            1            2            3            4            5            6            7            8            9           10           11           12
   9.5000E+01   3.3938E+10   3.2788E+10   3.2786E+10   3.2779E+10   3.2781E+10   3.2709E+10   3.2727E+10   3.1553E+10   3.2599E+10   3.4191E+07   0.0000E+00
   1.0186E+02   3.5513E+10   3.3880E+10   3.3879E+10   3.3870E+10   3.3873E+10   3.3797E+10   3.3813E+10   3.2562E+10   3.3678E+10   2.8378E+07   0.0000E+00
   1.0921E+02   3.5594E+10   3.3922E+10   3.3921E+10   3.3913E+10   3.3916E+10   3.3840E+10   3.3856E+10   3.2603E+10   3.3721E+10   2.3748E+07   0.0000E+00
   1.1709E+02   3.5655E+10   3.3962E+10   3.3961E+10   3.3953E+10   3.3956E+10   3.3880E+10   3.3896E+10   3.2621E+10   3.3758E+10   1.9798E+07   0.0000E+00
   1.2554E+02   3.6730E+10   3.4969E+10   3.4967E+10   3.4959E+10   3.4962E+10   3.4880E+10   3.4897E+10   3.3535E+10   3.4750E+10   1.6417E+07   0.0000E+00
   1.3460E+02   3.6793E+10   3.5036E+10   3.5035E+10   3.5026E+10   3.5030E+10   3.4946E+10   3.4962E+10   3.3566E+10   3.4812E+10   1.3667E+07   0.0000E+00
   1.4431E+02   3.7324E+10   3.5506E+10   3.5504E+10   3.5495E+10   3.5498E+10   3.5411E+10   3.5425E+10   3.3972E+10   3.5270E+10   1.1367E+07   0.0000E+00
   1.5473E+02   3.8176E+10   3.6356E+10   3.6355E+10   3.6345E+10   3.6348E+10   3.6256E+10   3.6269E+10   3.4730E+10   3.6106E+10   9.4394E+06   0.0000E+00
   1.6589E+02   3.8614E+10   3.6817E+10   3.6815E+10   3.6805E+10   3.6808E+10   3.6712E+10   3.6724E+10   3.5115E+10   3.6554E+10   7.8440E+06   0.0000E+00
   1.7786E+02   3.8735E+10   3.6968E+10   3.6967E+10   3.6956E+10   3.6959E+10   3.6859E+10   3.6871E+10   3.5202E+10   3.6695E+10   6.5210E+06   0.0000E+00
   1.9070E+02   3.8858E+10   3.7129E+10   3.7127E+10   3.7116E+10   3.7119E+10   3.7015E+10   3.7027E+10   3.5304E+10   3.6846E+10   5.4325E+06   0.0000E+00
   2.0446E+02   3.9545E+10   3.7852E+10   3.7850E+10   3.7839E+10   3.7841E+10   3.7733E+10   3.7745E+10   3.5954E+10   3.7557E+10   4.5431E+06   0.0000E+00
   2.1922E+02   3.9945E+10   3.8293E+10   3.8291E+10   3.8279E+10   3.8282E+10   3.8168E+10   3.8179E+10   3.6305E+10   3.7983E+10   3.7853E+06   0.0000E+00
   2.3504E+02   4.7252E+10   4.3123E+10   4.3118E+10   4.3100E+10   4.3087E+10   4.2961E+10   4.2935E+10   4.0808E+10   4.2739E+10   3.1616E+06   0.0000E+00
   2.5200E+02   5.2221E+10   4.3889E+10   4.3883E+10   4.3864E+10   4.3850E+10   4.3716E+10   4.3684E+10   4.1440E+10   4.3480E+10   2.6395E+06   0.0000E+00
   2.7019E+02   5.5969E+10   4.4070E+10   4.4065E+10   4.4045E+10   4.4033E+10   4.3890E+10   4.3864E+10   4.1517E+10   4.3646E+10   2.2087E+06   0.0000E+00
   2.8969E+02   5.5487E+10   4.3180E+10   4.3175E+10   4.3156E+10   4.3146E+10   4.2998E+10   4.2980E+10   4.0583E+10   4.2752E+10   1.8548E+06   0.0000E+00
   3.1059E+02   5.0880E+10   4.2609E+10   4.2605E+10   4.2585E+10   4.2577E+10   4.2423E+10   4.2411E+10   3.9946E+10   4.2173E+10   1.4128E+06   0.0000E+00
   3.3301E+02   5.4544E+10   4.2988E+10   4.2984E+10   4.2964E+10   4.2959E+10   4.2794E+10   4.2789E+10   4.0199E+10   4.2534E+10   9.3256E+05   0.0000E+00
   3.5704E+02   5.4317E+10   4.2381E+10   4.2378E+10   4.2357E+10   4.2354E+10   4.2183E+10   4.2185E+10   3.9527E+10   4.1919E+10   6.1771E+05   0.0000E+00
   3.8280E+02   5.3786E+10   4.1754E+10   4.1750E+10   4.1731E+10   4.1730E+10   4.1561E+10   4.1570E+10   3.8956E+10   4.1303E+10   4.1973E+05   0.0000E+00
   4.1043E+02   5.5595E+10   4.2042E+10   4.2039E+10   4.2019E+10   4.2021E+10   4.1847E+10   4.1862E+10   3.9188E+10   4.1585E+10   2.8394E+05   0.0000E+00
   4.4005E+02   5.5338E+10   4.1692E+10   4.1689E+10   4.1669E+10   4.1673E+10   4.1488E+10   4.1512E+10   3.8726E+10   4.1219E+10   1.8966E+05   0.0000E+00
   4.7181E+02   5.5807E+10   4.1953E+10   4.1950E+10   4.1928E+10   4.1935E+10   4.1733E+10   4.1768E+10   3.8785E+10   4.1449E+10   1.2627E+05   0.0000E+00
   5.0586E+02   6.7067E+10   4.1714E+10   4.1712E+10   4.1689E+10   4.1698E+10   4.1476E+10   4.1523E+10   3.8352E+10   4.1180E+10   1.9042E+04   0.0000E+00
   5.4236E+02   8.4345E+10   4.1434E+10   4.1431E+10   4.1405E+10   4.1417E+10   4.1168E+10   4.1229E+10   3.7831E+10   4.0858E+10   2.4166E+03   0.0000E+00
   5.8151E+02   9.0533E+10   4.1194E+10   4.1191E+10   4.1162E+10   4.1177E+10   4.0884E+10   4.0969E+10   3.7213E+10   4.0554E+10   3.0429E+02   0.0000E+00
   6.2347E+02   9.2582E+10   4.0153E+10   4.0149E+10   4.0113E+10   4.0136E+10   3.9751E+10   3.9889E+10   3.5555E+10   3.9401E+10   3.5854E+01   0.0000E+00
   6.6847E+02   9.1766E+10   3.9832E+10   3.9828E+10   3.9784E+10   3.9816E+10   3.9338E+10   3.9538E+10   3.4748E+10   3.8988E+10   4.4063E+00   0.0000E+00
   7.1671E+02   9.1611E+10   3.8864E+10   3.8859E+10   3.8812E+10   3.8849E+10   3.8316E+10   3.8557E+10   3.3620E+10   3.7984E+10   8.8634E+00   0.0000E+00
   7.6843E+02   8.7884E+10   3.8248E+10   3.8243E+10   3.8204E+10   3.8234E+10   3.7757E+10   3.7960E+10   3.3312E+10   3.7426E+10   2.5987E+01   0.0000E+00
   8.2389E+02   8.8559E+10   3.8538E+10   3.8534E+10   3.8503E+10   3.8524E+10   3.8113E+10   3.8268E+10   3.3961E+10   3.7783E+10   7.9403E+01   0.0000E+00
   8.8334E+02   8.7482E+10   3.8962E+10   3.8957E+10   3.8933E+10   3.8948E+10   3.8567E+10   3.8697E+10   3.4603E+10   3.8244E+10   2.3097E+02   0.0000E+00
   9.4709E+02   3.4958E+11   7.5626E+10   7.5639E+10   7.6279E+10   7.5393E+10   7.2533E+10   7.1879E+10   6.6138E+10   7.2826E+10   6.5158E+02   0.0000E+00
   1.0154E+03   4.2033E+11   1.1874E+11   1.1873E+11   1.1956E+11   1.1793E+11   1.1291E+11   1.1127E+11   1.0566E+11   1.1385E+11   6.7101E+03   0.0000E+00
   1.0887E+03   4.4279E+11   1.6328E+11   1.6302E+11   1.6362E+11   1.6130E+11   1.5551E+11   1.5316E+11   1.4801E+11   1.5673E+11   7.2429E+04   0.0000E+00
   1.1673E+03   3.9729E+11   1.6151E+11   1.6123E+11   1.6160E+11   1.5926E+11   1.5387E+11   1.5135E+11   1.4709E+11   1.5500E+11   7.8224E+05   0.0000E+00
   1.2515E+03   3.6082E+11   1.5224E+11   1.5200E+11   1.5228E+11   1.5004E+11   1.4521E+11   1.4281E+11   1.3918E+11   1.4623E+11   1.8821E+06   0.0000E+00
   1.3419E+03   3.4776E+11   1.6756E+11   1.6722E+11   1.6727E+11   1.6484E+11   1.6056E+11   1.5811E+11   1.5465E+11   1.6143E+11   2.1607E+06   0.0000E+00
   1.4387E+03   3.0746E+11   1.5825E+11   1.5791E+11   1.5788E+11   1.5562E+11   1.5197E+11   1.4976E+11   1.4670E+11   1.5270E+11   2.4554E+06   0.0000E+00
   1.5425E+03   2.5084E+11   1.4229E+11   1.4195E+11   1.4182E+11   1.3988E+11   1.3708E+11   1.3527E+11   1.3255E+11   1.3761E+11   2.7875E+06   0.0000E+00
   1.6538E+03   2.2771E+11   1.2878E+11   1.2850E+11   1.2842E+11   1.2669E+11   1.2430E+11   1.2274E+11   1.2030E+11   1.2475E+11   3.1506E+06   0.0000E+00
   1.7732E+03   2.1583E+11   1.3263E+11   1.3235E+11   1.3223E+11   1.3062E+11   1.2852E+11   1.2698E+11   1.2424E+11   1.2880E+11   3.5149E+06   0.0000E+00
   1.9012E+03   1.9128E+11   1.2334E+11   1.2310E+11   1.2296E+11   1.2156E+11   1.1975E+11   1.1834E+11   1.1552E+11   1.1991E+11   3.4402E+06   0.0000E+00
   2.0384E+03   1.7568E+11   1.1722E+11   1.1700E+11   1.1687E+11   1.1561E+11   1.1387E+11   1.1243E+11   1.0935E+11   1.1392E+11   6.3584E+05   0.0000E+00
   2.1855E+03   1.5864E+11   1.0891E+11   1.0872E+11   1.0860E+11   1.0750E+11   1.0591E+11   1.0455E+11   1.0130E+11   1.0587E+11   1.6850E+05   0.0000E+00
   2.3432E+03   1.2754E+11   8.8170E+10   8.8010E+10   8.7916E+10   8.7006E+10   8.5854E+10   8.4895E+10   8.2596E+10   8.5872E+10   7.4276E+05   0.0000E+00
   2.5123E+03   1.1800E+11   8.7374E+10   8.7225E+10   8.7122E+10   8.6287E+10   8.5405E+10   8.4591E+10   8.2580E+10   8.5393E+10   3.3202E+06   0.0000E+00
   2.6936E+03   1.2474E+11   9.9207E+10   9.9064E+10   9.8951E+10   9.8151E+10   9.7400E+10   9.6574E+10   9.4236E+10   9.7284E+10   1.2772E+07   0.0000E+00
   2.8880E+03   1.2328E+11   1.0254E+11   1.0240E+11   1.0229E+11   1.0156E+11   1.0093E+11   1.0014E+11   9.7676E+10   1.0075E+11   1.7817E+07   0.0000E+00
   3.0964E+03   1.2909E+11   1.1246E+11   1.1233E+11   1.1221E+11   1.1153E+11   1.1098E+11   1.1017E+11   1.0741E+11   1.1072E+11   2.4816E+07   0.0000E+00
   3.3199E+03   1.2562E+11   1.1204E+11   1.1192E+11   1.1182E+11   1.1121E+11   1.1075E+11   1.1000E+11   1.0730E+11   1.1046E+11   3.4573E+07   0.0000E+00
   3.5595E+03   1.2691E+11   1.1569E+11   1.1559E+11   1.1548E+11   1.1492E+11   1.1452E+11   1.1380E+11   1.1109E+11   1.1421E+11   4.8138E+07   0.0000E+00
   3.8163E+03   1.7592E+11   1.6469E+11   1.6453E+11   1.6437E+11   1.6356E+11   1.6306E+11   1.6208E+11   1.5864E+11   1.6266E+11   6.6881E+07   0.0000E+00
   4.0918E+03   1.9674E+11   1.8720E+11   1.8705E+11   1.8690E+11   1.8615E+11   1.8570E+11   1.8467E+11   1.8066E+11   1.8518E+11   9.2898E+07   0.0000E+00
   4.3870E+03   2.0160E+11   1.9423E+11   1.9409E+11   1.9395E+11   1.9325E+11   1.9286E+11   1.9190E+11   1.8798E+11   1.9235E+11   1.2928E+08   0.0000E+00
   4.7036E+03   1.9706E+11   1.9095E+11   1.9083E+11   1.9070E+11   1.9009E+11   1.8976E+11   1.8888E+11   1.8518E+11   1.8926E+11   1.4576E+08   0.0000E+00
   5.0431E+03   1.8125E+11   1.7645E+11   1.7636E+11   1.7624E+11   1.7573E+11   1.7547E+11   1.7472E+11   1.7146E+11   1.7502E+11   1.5595E+08   0.0000E+00
   5.4070E+03   1.6711E+11   1.6330E+11   1.6322E+11   1.6312E+11   1.6270E+11   1.6248E+11   1.6186E+11   1.5904E+11   1.6210E+11   1.6712E+08   0.0000E+00
   5.7973E+03   1.6743E+11   1.6429E+11   1.6423E+11   1.6414E+11   1.6377E+11   1.6358E+11   1.6300E+11   1.6032E+11   1.6321E+11   1.7879E+08   0.0000E+00
   6.2156E+03   1.5096E+11   1.4846E+11   1.4840E+11   1.4833E+11   1.4802E+11   1.4787E+11   1.4739E+11   1.4511E+11   1.4755E+11   1.9079E+08   0.0000E+00
   6.6642E+03   1.3734E+11   1.3535E+11   1.3530E+11   1.3524E+11   1.3498E+11   1.3486E+11   1.3445E+11   1.3250E+11   1.3459E+11   1.9455E+08   0.0000E+00
   7.1451E+03   1.2394E+11   1.2234E+11   1.2230E+11   1.2225E+11   1.2203E+11   1.2193E+11   1.2159E+11   1.1995E+11   1.2171E+11   1.9219E+08   0.0000E+00
   7.6608E+03   1.1438E+11   1.1313E+11   1.1310E+11   1.1306E+11   1.1288E+11   1.1279E+11   1.1251E+11   1.1109E+11   1.1260E+11   1.8974E+08   0.0000E+00
   8.2136E+03   1.0417E+11   1.0321E+11   1.0318E+11   1.0315E+11   1.0299E+11   1.0292E+11   1.0268E+11   1.0148E+11   1.0276E+11   1.8702E+08   0.0000E+00
   8.8064E+03   8.6329E+10   8.5567E+10   8.5546E+10   8.5518E+10   8.5398E+10   8.5342E+10   8.5159E+10   8.4236E+10   8.5221E+10   1.8426E+08   0.0000E+00
   9.4420E+03   8.2765E+10   8.2165E+10   8.2148E+10   8.2124E+10   8.2018E+10   8.1968E+10   8.1806E+10   8.0980E+10   8.1861E+10   1.6906E+08   1.2347E+07
   1.0123E+04   7.4875E+10   7.4427E+10   7.4413E+10   7.4393E+10   7.4308E+10   7.4267E+10   7.4133E+10   7.3437E+10   7.4177E+10   1.5417E+08   1.3859E+07
   1.0854E+04   6.4855E+10   6.4524E+10   6.4513E+10   6.4497E+10   6.4429E+10   6.4397E+10   6.4290E+10   6.3731E+10   6.4326E+10   1.4050E+08   1.5343E+07
   1.1637E+04   5.8133E+10   5.7890E+10   5.7882E+10   5.7869E+10   5.7814E+10   5.7788E+10   5.7700E+10   5.7232E+10   5.7729E+10   1.2796E+08   1.6740E+07
   1.2477E+04   4.8029E+10   4.7853E+10   4.7847E+10   4.7837E+10   4.7794E+10   4.7774E+10   4.7707E+10   4.7353E+10   4.7730E+10   1.1331E+08   1.8018E+07
   1.3377E+04   4.3354E+10   4.3226E+10   4.3221E+10   4.3213E+10   4.3178E+10   4.3162E+10   4.3107E+10   4.2811E+10   4.3126E+10   9.8101E+07   1.9021E+07
   1.4343E+04   3.8986E+10   3.8894E+10   3.8890E+10   3.8883E+10   3.8855E+10   3.8842E+10   3.8796E+10   3.8549E+10   3.8812E+10   8.4886E+07   1.9721E+07
   1.5378E+04   3.3710E+10   3.3644E+10   3.3641E+10   3.3636E+10   3.3613E+10   3.3602E+10   3.3566E+10   3.3370E+10   3.3579E+10   7.3451E+07   2.0176E+07
   1.6488E+04   3.1979E+10   3.1935E+10   3.1932E+10   3.1928E+10   3.1909E+10   3.1900E+10   3.1869E+10   3.1697E+10   3.1880E+10   6.2597E+07   2.0368E+07
   1.7678E+04   2.7640E+10   2.7613E+10   2.7610E+10   2.7607E+10   2.7593E+10   2.7586E+10   2.7561E+10   2.7425E+10   2.7571E+10   5.2277E+07   2.0221E+07
   1.8953E+04   2.1141E+10   2.1129E+10   2.1128E+10   2.1125E+10   2.1115E+10   2.1110E+10   2.1093E+10   2.0998E+10   2.1100E+10   4.3645E+07   1.9840E+07
   2.0321E+04   1.8395E+10   1.8392E+10   1.8391E+10   1.8389E+10   1.8381E+10   1.8378E+10   1.8364E+10   1.8289E+10   1.8370E+10   3.6431E+07   1.9288E+07
   2.1788E+04   1.4163E+10   1.4167E+10   1.4166E+10   1.4165E+10   1.4159E+10   1.4156E+10   1.4147E+10   1.4094E+10   1.4151E+10   3.0404E+07   1.8602E+07
   2.3360E+04   1.2687E+10   1.2701E+10   1.2701E+10   1.2700E+10   1.2696E+10   1.2693E+10   1.2686E+10   1.2643E+10   1.2689E+10   3.0426E+07   1.7828E+07
   2.5046E+04   7.5584E+09   7.5814E+09   7.5810E+09   7.5803E+09   7.5777E+09   7.5765E+09   7.5728E+09   7.5501E+09   7.5748E+09   3.1388E+07   1.7064E+07
   2.6854E+04   6.9804E+09   7.0097E+09   7.0094E+09   7.0089E+09   7.0068E+09   7.0058E+09   7.0028E+09   6.9837E+09   7.0045E+09   3.2506E+07   1.6384E+07
   2.8792E+04   6.3335E+09   6.3684E+09   6.3682E+09   6.3678E+09   6.3661E+09   6.3653E+09   6.3629E+09   6.3472E+09   6.3644E+09   3.3798E+07   1.5992E+07
   3.0869E+04   4.1930E+09   4.2345E+09   4.2343E+09   4.2340E+09   4.2329E+09   4.2323E+09   4.2309E+09   4.2219E+09   4.2320E+09   3.5280E+07   1.7573E+07
   3.3097E+04   3.6173E+09   3.9207E+09   3.9204E+09   3.9202E+09   3.9185E+09   3.9182E+09   3.9169E+09   3.9100E+09   3.9181E+09   3.6965E+07   2.8006E+08
   3.5486E+04   3.3639E+09   3.4140E+09   3.4139E+09   3.4137E+09   3.4130E+09   3.4126E+09   3.4117E+09   3.4059E+09   3.4125E+09   4.0448E+07   1.6122E+07
   3.8047E+04   2.4495E+09   2.5110E+09   2.5109E+09   2.5107E+09   2.5102E+09   2.5098E+09   2.5094E+09   2.5056E+09   2.5100E+09   5.2039E+07   1.4189E+07
   4.0792E+04   2.1947E+09   2.2722E+09   2.2721E+09   2.2719E+09   2.2715E+09   2.2711E+09   2.2708E+09   2.2678E+09   2.2713E+09   6.6965E+07   1.4059E+07
   4.3736E+04   1.7727E+09   1.8714E+09   1.8713E+09   1.8711E+09   1.8706E+09   1.8703E+09   1.8701E+09   1.8681E+09   1.8706E+09   8.6186E+07   1.4955E+07
   4.6893E+04   1.3840E+09   1.5103E+09   1.5101E+09   1.5100E+09   1.5095E+09   1.5092E+09   1.5091E+09   1.5078E+09   1.5095E+09   1.1094E+08   1.6989E+07
   5.0277E+04   1.1665E+09   1.3290E+09   1.3289E+09   1.3287E+09   1.3282E+09   1.3278E+09   1.3278E+09   1.3269E+09   1.3282E+09   1.4236E+08   2.1279E+07
   5.3905E+04   1.0009E+09   1.1998E+09   1.1997E+09   1.1995E+09   1.1990E+09   1.1986E+09   1.1986E+09   1.1980E+09   1.1991E+09   1.6790E+08   3.1863E+07
   5.7795E+04   8.7395E+08   1.1405E+09   1.1404E+09   1.1401E+09   1.1396E+09   1.1392E+09   1.1393E+09   1.1388E+09   1.1397E+09   1.9282E+08   7.4547E+07
   6.1966E+04   7.5359E+08   1.4435E+09   1.4432E+09   1.4430E+09   1.4418E+09   1.4416E+09   1.4415E+09   1.4413E+09   1.4422E+09   2.1431E+08   4.7952E+08
   6.6438E+04   6.4129E+08   9.9414E+08   9.9396E+08   9.9373E+08   9.9315E+08   9.9279E+08   9.9284E+08   9.9271E+08   9.9328E+08   2.3715E+08   1.1629E+08
   7.1233E+04   5.5626E+08   1.0014E+09   1.0012E+09   1.0009E+09   1.0003E+09   9.9992E+08   9.9995E+08   9.9992E+08   1.0004E+09   2.5563E+08   1.9040E+08
   7.6374E+04   4.8850E+08   1.3904E+09   1.3900E+09   1.3897E+09   1.3881E+09   1.3878E+09   1.3877E+09   1.3879E+09   1.3886E+09   2.7374E+08   6.3320E+08
   8.1885E+04   4.2944E+08   9.9288E+08   9.9236E+08   9.9173E+08   9.8994E+08   9.8904E+08   9.8911E+08   9.8942E+08   9.9011E+08   3.0215E+08   2.6344E+08
   8.7795E+04   3.8548E+08   8.9689E+08   8.9593E+08   8.9472E+08   8.9184E+08   8.8987E+08   8.9017E+08   8.9095E+08   8.9178E+08   3.4131E+08   1.7044E+08
   9.4131E+04   3.4130E+08   7.8490E+08   7.8346E+08   7.8154E+08   7.7779E+08   7.7437E+08   7.7511E+08   7.7658E+08   7.7734E+08   3.8871E+08   4.9731E+07
   1.0092E+05   3.0482E+08   7.4573E+08   7.4443E+08   7.4268E+08   7.3931E+08   7.3619E+08   7.3693E+08   7.3842E+08   7.3894E+08   4.0376E+08   3.1778E+07
   1.0821E+05   2.6806E+08   7.2006E+08   7.1905E+08   7.1769E+08   7.1501E+08   7.1264E+08   7.1322E+08   7.1447E+08   7.1481E+08   4.0302E+08   4.5206E+07
   1.1602E+05   2.3607E+08   7.0715E+08   7.0641E+08   7.0544E+08   7.0340E+08   7.0175E+08   7.0214E+08   7.0311E+08   7.0335E+08   3.9209E+08   7.6953E+07
   1.2439E+05   2.0979E+08   6.3497E+08   6.3446E+08   6.3377E+08   6.3238E+08   6.3120E+08   6.3151E+08   6.3221E+08   6.3237E+08   3.7907E+08   4.4268E+07
   1.3337E+05   1.8895E+08   5.7833E+08   5.7798E+08   5.7748E+08   5.7653E+08   5.7568E+08   5.7591E+08   5.7642E+08   5.7654E+08   3.6740E+08   2.0468E+07
   1.4299E+05   1.7067E+08   5.5212E+08   5.5181E+08   5.5138E+08   5.5056E+08   5.4983E+08   5.5003E+08   5.5049E+08   5.5058E+08   3.7001E+08   1.0021E+07
   1.5331E+05   1.5200E+08   5.6249E+08   5.6212E+08   5.6159E+08   5.6060E+08   5.5969E+08   5.5994E+08   5.6054E+08   5.6060E+08   3.9993E+08   8.7811E+06
   1.6437E+05   1.3830E+08   6.7025E+08   6.6973E+08   6.6902E+08   6.6757E+08   6.6640E+08   6.6669E+08   6.6754E+08   6.6760E+08   4.4314E+08   8.7386E+07
   1.7624E+05   1.2371E+08   6.2955E+08   6.2893E+08   6.2806E+08   6.2646E+08   6.2496E+08   6.2536E+08   6.2643E+08   6.2640E+08   4.8919E+08   1.3713E+07
   1.8895E+05   1.1070E+08   6.4875E+08   6.4810E+08   6.4717E+08   6.4547E+08   6.4387E+08   6.4430E+08   6.4547E+08   6.4540E+08   5.1979E+08   1.5155E+07
   2.0259E+05   1.0027E+08   6.4837E+08   6.4778E+08   6.4695E+08   6.4543E+08   6.4400E+08   6.4438E+08   6.4545E+08   6.4538E+08   5.2513E+08   2.0265E+07
   2.1721E+05   9.1099E+07   6.5667E+08   6.5616E+08   6.5543E+08   6.5408E+08   6.5284E+08   6.5316E+08   6.5411E+08   6.5406E+08   5.2502E+08   3.8398E+07
   2.3289E+05   8.1834E+07   6.3657E+08   6.3613E+08   6.3549E+08   6.3433E+08   6.3324E+08   6.3353E+08   6.3436E+08   6.3433E+08   5.2508E+08   2.7699E+07
   2.4969E+05   7.1889E+07   6.1051E+08   6.1013E+08   6.0957E+08   6.0857E+08   6.0761E+08   6.0787E+08   6.0861E+08   6.0857E+08   5.2236E+08   1.4453E+07
   2.6771E+05   6.4625E+07   5.7789E+08   5.7757E+08   5.7709E+08   5.7625E+08   5.7544E+08   5.7566E+08   5.7629E+08   5.7627E+08   4.9803E+08   1.3715E+07
   2.8703E+05   5.8058E+07   5.4585E+08   5.4558E+08   5.4518E+08   5.4448E+08   5.4379E+08   5.4397E+08   5.4451E+08   5.4450E+08   4.7290E+08   1.3628E+07
   3.0775E+05   5.1091E+07   5.1468E+08   5.1445E+08   5.1410E+08   5.1351E+08   5.1293E+08   5.1308E+08   5.1354E+08   5.1354E+08   4.4904E+08   1.3489E+07
   3.2996E+05   4.4855E+07   4.8548E+08   4.8529E+08   4.8500E+08   4.8450E+08   4.8400E+08   4.8413E+08   4.8452E+08   4.8453E+08   4.2638E+08   1.3361E+07
   3.5377E+05   3.8987E+07   4.5802E+08   4.5786E+08   4.5761E+08   4.5718E+08   4.5676E+08   4.5687E+08   4.5721E+08   4.5722E+08   4.0487E+08   1.3422E+07
   3.7930E+05   3.4675E+07   4.3073E+08   4.3060E+08   4.3039E+08   4.3003E+08   4.2967E+08   4.2976E+08   4.3005E+08   4.3007E+08   3.8166E+08   1.3790E+07
   4.0667E+05   3.0145E+07   3.6692E+08   3.6682E+08   3.6666E+08   3.6639E+08   3.6613E+08   3.6619E+08   3.6641E+08   3.6643E+08   3.2182E+08   1.4523E+07
   4.3602E+05   2.6136E+07   3.1348E+08   3.1340E+08   3.1329E+08   3.1308E+08   3.1289E+08   3.1294E+08   3.1310E+08   3.1312E+08   2.7136E+08   1.5677E+07
   4.6749E+05   2.2271E+07   2.6858E+08   2.6852E+08   2.6843E+08   2.6828E+08   2.6814E+08   2.6817E+08   2.6829E+08   2.6832E+08   2.2881E+08   1.7277E+07
   5.0123E+05   1.9300E+07   2.3169E+08   2.3165E+08   2.3159E+08   2.3147E+08   2.3137E+08   2.3139E+08   2.3148E+08   2.3151E+08   1.9294E+08   1.9309E+07
   5.3740E+05   1.6210E+07   2.0071E+08   2.0068E+08   2.0063E+08   2.0054E+08   2.0047E+08   2.0048E+08   2.0055E+08   2.0058E+08   1.6270E+08   2.1712E+07
   5.7618E+05   1.3615E+07   1.7526E+08   1.7523E+08   1.7520E+08   1.7513E+08   1.7508E+08   1.7509E+08   1.7514E+08   1.7516E+08   1.3719E+08   2.4397E+07
   6.1776E+05   1.1435E+07   1.5338E+08   1.5336E+08   1.5334E+08   1.5329E+08   1.5325E+08   1.5326E+08   1.5329E+08   1.5332E+08   1.1469E+08   2.7231E+07
   6.6235E+05   9.3440E+06   1.3412E+08   1.3411E+08   1.3409E+08   1.3405E+08   1.3403E+08   1.3403E+08   1.3406E+08   1.3408E+08   9.4731E+07   3.0043E+07
   7.1015E+05   7.4572E+06   1.1838E+08   1.1837E+08   1.1835E+08   1.1833E+08   1.1831E+08   1.1831E+08   1.1833E+08   1.1835E+08   7.8246E+07   3.2682E+07
   7.6140E+05   5.9788E+06   1.0555E+08   1.0554E+08   1.0553E+08   1.0551E+08   1.0550E+08   1.0550E+08   1.0551E+08   1.0553E+08   6.4628E+07   3.4957E+07
   8.1635E+05   4.6056E+06   9.4674E+07   9.4669E+07   9.4662E+07   9.4646E+07   9.4637E+07   9.4638E+07   9.4648E+07   9.4666E+07   5.3380E+07   3.6710E+07
   8.7526E+05   3.5870E+06   8.5122E+07   8.5118E+07   8.5114E+07   8.5101E+07   8.5095E+07   8.5096E+07   8.5103E+07   8.5119E+07   4.3718E+07   3.7840E+07
   9.3842E+05   2.7616E+06   7.6488E+07   7.6485E+07   7.6482E+07   7.6473E+07   7.6469E+07   7.6469E+07   7.6474E+07   7.6489E+07   3.5498E+07   3.8252E+07
   1.0061E+06   1.9705E+06   6.8670E+07   6.8669E+07   6.8667E+07   6.8660E+07   6.8657E+07   6.8657E+07   6.8661E+07   6.8674E+07   2.8823E+07   3.7899E+07
   1.0788E+06   1.3910E+06   6.1604E+07   6.1603E+07   6.1601E+07   6.1596E+07   6.1595E+07   6.1595E+07   6.1597E+07   6.1609E+07   2.3403E+07   3.6830E+07
   1.1566E+06   9.8190E+05   5.5184E+07   5.5183E+07   5.5183E+07   5.5179E+07   5.5178E+07   5.5178E+07   5.5179E+07   5.5191E+07   1.9002E+07   3.5218E+07
   1.2401E+06   6.9313E+05   4.8896E+07   4.8895E+07   4.8895E+07   4.8892E+07   4.8892E+07   4.8892E+07   4.8893E+07   4.8903E+07   1.5068E+07   3.3150E+07
   1.3296E+06   4.8930E+05   4.3060E+07   4.3059E+07   4.3059E+07   4.3057E+07   4.3057E+07   4.3057E+07   4.3057E+07   4.3066E+07   1.1710E+07   3.0873E+07
   1.4255E+06   3.4541E+05   3.7420E+07   3.7420E+07   3.7420E+07   3.7418E+07   3.7418E+07   3.7418E+07   3.7418E+07   3.7426E+07   9.1001E+06   2.7985E+07
   1.5284E+06   2.4383E+05   3.1668E+07   3.1668E+07   3.1668E+07   3.1667E+07   3.1667E+07   3.1667E+07   3.1667E+07   3.1673E+07   7.0719E+06   2.4360E+07
   1.6387E+06   1.7213E+05   2.6540E+07   2.6540E+07   2.6540E+07   2.6539E+07   2.6539E+07   2.6539E+07   2.6539E+07   2.6544E+07   5.4958E+06   2.0878E+07
   1.7570E+06   1.2151E+05   2.2038E+07   2.2038E+07   2.2038E+07   2.2037E+07   2.2037E+07   2.2037E+07   2.2037E+07   2.2042E+07   4.2709E+06   1.7650E+07
   1.8838E+06   8.5785E+04   1.8129E+07   1.8129E+07   1.8129E+07   1.8129E+07   1.8129E+07   1.8129E+07   1.8129E+07   1.8133E+07   3.3190E+06   1.4728E+07
   2.0197E+06   6.0561E+04   1.4605E+07   1.4605E+07   1.4605E+07   1.4605E+07   1.4605E+07   1.4605E+07   1.4605E+07   1.4608E+07   2.4464E+06   1.2101E+07
   2.1655E+06   4.2755E+04   1.1648E+07   1.1648E+07   1.1648E+07   1.1648E+07   1.1648E+07   1.1648E+07   1.1648E+07   1.1650E+07   1.7961E+06   9.8107E+06
   2.3217E+06   3.0185E+04   9.1916E+06   9.1915E+06   9.1916E+06   9.1915E+06   9.1915E+06   9.1915E+06   9.1915E+06   9.1934E+06   1.3187E+06   7.8440E+06
   2.4893E+06   2.1311E+04   7.1789E+06   7.1789E+06   7.1789E+06   7.1788E+06   7.1789E+06   7.1788E+06   7.1788E+06   7.1803E+06   9.6814E+05   6.1903E+06
   2.6689E+06   1.5046E+04   5.5494E+06   5.5494E+06   5.5494E+06   5.5493E+06   5.5493E+06   5.5493E+06   5.5493E+06   5.5505E+06   7.1079E+05   4.8241E+06
   2.8616E+06   1.0623E+04   4.2455E+06   4.2455E+06   4.2455E+06   4.2454E+06   4.2454E+06   4.2454E+06   4.2454E+06   4.2463E+06   5.2185E+05   3.7134E+06
   3.0681E+06   7.5002E+03   3.2137E+06   3.2137E+06   3.2137E+06   3.2137E+06   3.2137E+06   3.2137E+06   3.2137E+06   3.2144E+06   3.7794E+05   2.8286E+06
   3.2895E+06   5.2957E+03   2.4044E+06   2.4044E+06   2.4044E+06   2.4044E+06   2.4044E+06   2.4044E+06   2.4044E+06   2.4049E+06   2.6595E+05   2.1333E+06
   3.5269E+06   3.7392E+03   1.7837E+06   1.7837E+06   1.7837E+06   1.7837E+06   1.7837E+06   1.7837E+06   1.7837E+06   1.7841E+06   1.8715E+05   1.5930E+06
   3.7814E+06   2.6403E+03   1.3130E+06   1.3130E+06   1.3130E+06   1.3130E+06   1.3130E+06   1.3130E+06   1.3130E+06   1.3132E+06   1.3170E+05   1.1787E+06
   4.0543E+06   1.8644E+03   9.5969E+05   9.5969E+05   9.5969E+05   9.5969E+05   9.5969E+05   9.5969E+05   9.5969E+05   9.5989E+05   9.2676E+04   8.6521E+05
   4.3469E+06   1.3165E+03   6.9661E+05   6.9661E+05   6.9661E+05   6.9661E+05   6.9661E+05   6.9661E+05   6.9661E+05   6.9675E+05   6.5215E+04   6.3011E+05
   4.6606E+06   9.2969E+02   5.0243E+05   5.0243E+05   5.0243E+05   5.0243E+05   5.0243E+05   5.0243E+05   5.0243E+05   5.0253E+05   4.5892E+04   4.5563E+05
   4.9969E+06   6.5655E+02   3.5925E+05   3.5925E+05   3.5925E+05   3.5925E+05   3.5925E+05   3.5925E+05   3.5925E+05   3.5932E+05   3.1381E+04   3.2722E+05
   5.3576E+06   4.6367E+02   2.5525E+05   2.5525E+05   2.5525E+05   2.5525E+05   2.5525E+05   2.5525E+05   2.5525E+05   2.5530E+05   2.1212E+04   2.3359E+05
   5.7442E+06   3.2747E+02   1.8048E+05   1.8048E+05   1.8048E+05   1.8048E+05   1.8048E+05   1.8048E+05   1.8048E+05   1.8051E+05   1.4339E+04   1.6582E+05
   6.1587E+06   2.3129E+02   1.2704E+05   1.2704E+05   1.2704E+05   1.2704E+05   1.2704E+05   1.2704E+05   1.2704E+05   1.2707E+05   9.6926E+03   1.1712E+05
   6.6032E+06   1.6336E+02   8.9015E+04   8.9015E+04   8.9015E+04   8.9015E+04   8.9015E+04   8.9015E+04   8.9015E+04   8.9034E+04   6.5518E+03   8.2303E+04
   7.0797E+06   1.1539E+02   6.2127E+04   6.2127E+04   6.2127E+04   6.2127E+04   6.2127E+04   6.2127E+04   6.2127E+04   6.2140E+04   4.4287E+03   5.7585E+04
   7.5907E+06   8.1512E+01   4.3209E+04   4.3209E+04   4.3209E+04   4.3209E+04   4.3209E+04   4.3209E+04   4.3209E+04   4.3218E+04   2.9937E+03   4.0135E+04
   8.1385E+06   5.7583E+01   2.9944E+04   2.9944E+04   2.9944E+04   2.9944E+04   2.9944E+04   2.9944E+04   2.9944E+04   2.9950E+04   2.0236E+03   2.7863E+04
   8.7258E+06   4.0681E+01   2.0687E+04   2.0687E+04   2.0687E+04   2.0687E+04   2.0687E+04   2.0687E+04   2.0687E+04   2.0691E+04   1.3679E+03   1.9279E+04
   9.3555E+06   2.8742E+01   1.4248E+04   1.4248E+04   1.4248E+04   1.4248E+04   1.4248E+04   1.4248E+04   1.4248E+04   1.4251E+04   9.2464E+02   1.3295E+04
   1.0031E+07   2.0309E+01   9.7863E+03   9.7863E+03   9.7863E+03   9.7863E+03   9.7863E+03   9.7863E+03   9.7863E+03   9.7883E+03   6.2502E+02   9.1412E+03
   1.0755E+07   1.4351E+01   6.7042E+03   6.7042E+03   6.7042E+03   6.7042E+03   6.7042E+03   6.7042E+03   6.7042E+03   6.7055E+03   4.2249E+02   6.2675E+03
   1.1531E+07   1.0141E+01   4.5819E+03   4.5819E+03   4.5819E+03   4.5819E+03   4.5819E+03   4.5819E+03   4.5819E+03   4.5828E+03   2.8559E+02   4.2862E+03
   1.2363E+07   7.1673E+00   3.1246E+03   3.1246E+03   3.1246E+03   3.1246E+03   3.1246E+03   3.1246E+03   3.1246E+03   3.1252E+03   1.9305E+02   2.9244E+03
   1.3255E+07   5.0659E+00   2.1265E+03   2.1265E+03   2.1265E+03   2.1265E+03   2.1265E+03   2.1265E+03   2.1265E+03   2.1269E+03   1.3049E+02   1.9910E+03
   1.4212E+07   3.5810E+00   1.4446E+03   1.4446E+03   1.4446E+03   1.4446E+03   1.4446E+03   1.4446E+03   1.4446E+03   1.4449E+03   8.8208E+01   1.3528E+03
   1.5237E+07   2.5316E+00   9.7966E+02   9.7966E+02   9.7966E+02   9.7966E+02   9.7966E+02   9.7966E+02   9.7966E+02   9.7986E+02   5.9626E+01   9.1753E+02
   1.6337E+07   1.7899E+00   6.6334E+02   6.6334E+02   6.6334E+02   6.6334E+02   6.6334E+02   6.6334E+02   6.6334E+02   6.6348E+02   4.0305E+01   6.2126E+02
   1.7516E+07   1.2657E+00   4.4852E+02   4.4852E+02   4.4852E+02   4.4852E+02   4.4852E+02   4.4852E+02   4.4852E+02   4.4861E+02   2.7245E+01   4.2002E+02
   1.8780E+07   8.9510E-01   3.0287E+02   3.0287E+02   3.0287E+02   3.0287E+02   3.0287E+02   3.0287E+02   3.0287E+02   3.0293E+02   1.8416E+01   2.8356E+02
   2.0135E+07   6.3310E-01   2.0404E+02   2.0404E+02   2.0404E+02   2.0404E+02   2.0404E+02   2.0404E+02   2.0404E+02   2.0408E+02   1.2218E+01   1.9119E+02
   2.1588E+07   4.4786E-01   1.3730E+02   1.3730E+02   1.3730E+02   1.3730E+02   1.3730E+02   1.3730E+02   1.3730E+02   1.3732E+02   8.0872E+00   1.2876E+02
   2.3146E+07   3.1687E-01   9.2294E+01   9.2294E+01   9.2294E+01   9.2294E+01   9.2294E+01   9.2294E+01   9.2294E+01   9.2313E+01   5.3528E+00   8.6626E+01
   2.4817E+07   2.2422E-01   6.1986E+01   6.1986E+01   6.1986E+01   6.1986E+01   6.1986E+01   6.1986E+01   6.1986E+01   6.1999E+01   3.5429E+00   5.8220E+01
   2.6608E+07   1.5869E-01   4.1597E+01   4.1597E+01   4.1597E+01   4.1597E+01   4.1597E+01   4.1597E+01   4.1597E+01   4.1606E+01   2.3450E+00   3.9094E+01
   2.8528E+07   1.1234E-01   2.7894E+01   2.7894E+01   2.7894E+01   2.7894E+01   2.7894E+01   2.7894E+01   2.7894E+01   2.7900E+01   1.5521E+00   2.6230E+01
   3.0587E+07   7.9537E-02   1.8693E+01   1.8693E+01   1.8693E+01   1.8693E+01   1.8693E+01   1.8693E+01   1.8693E+01   1.8697E+01   1.0273E+00   1.7586E+01
   3.2794E+07   5.6325E-02   1.2519E+01   1.2519E+01   1.2519E+01   1.2519E+01   1.2519E+01   1.2519E+01   1.2519E+01   1.2521E+01   6.7997E-01   1.1783E+01
   3.5161E+07   3.9897E-02   8.3798E+00   8.3798E+00   8.3798E+00   8.3798E+00   8.3798E+00   8.3798E+00   8.3798E+00   8.3815E+00   4.5007E-01   7.8900E+00
   3.7698E+07   2.8267E-02   5.6064E+00   5.6064E+00   5.6064E+00   5.6064E+00   5.6064E+00   5.6064E+00   5.6064E+00   5.6075E+00   2.9789E-01   5.2803E+00
   4.0419E+07   2.0032E-02   3.7493E+00   3.7493E+00   3.7493E+00   3.7493E+00   3.7493E+00   3.7493E+00   3.7493E+00   3.7501E+00   1.9717E-01   3.5322E+00
   4.3336E+07   1.4200E-02   2.5064E+00   2.5064E+00   2.5064E+00   2.5064E+00   2.5064E+00   2.5064E+00   2.5064E+00   2.5069E+00   1.3050E-01   2.3617E+00
   4.6463E+07   1.0069E-02   1.6750E+00   1.6750E+00   1.6750E+00   1.6750E+00   1.6750E+00   1.6750E+00   1.6750E+00   1.6753E+00   8.6378E-02   1.5786E+00
   4.9817E+07   7.1416E-03   1.1190E+00   1.1190E+00   1.1190E+00   1.1190E+00   1.1190E+00   1.1190E+00   1.1190E+00   1.1193E+00   5.7172E-02   1.0547E+00
   5.3412E+07   5.0671E-03   7.4745E-01   7.4745E-01   7.4745E-01   7.4745E-01   7.4745E-01   7.4745E-01   7.4745E-01   7.4760E-01   3.7841E-02   7.0455E-01
   5.7266E+07   3.5964E-03   4.9914E-01   4.9914E-01   4.9914E-01   4.9914E-01   4.9914E-01   4.9914E-01   4.9914E-01   4.9924E-01   2.5047E-02   4.7050E-01
   6.1399E+07   2.5535E-03   3.3327E-01   3.3327E-01   3.3327E-01   3.3327E-01   3.3327E-01   3.3327E-01   3.3327E-01   3.3333E-01   1.6578E-02   3.1414E-01
   6.5830E+07   1.8137E-03   2.2249E-01   2.2249E-01   2.2249E-01   2.2249E-01   2.2249E-01   2.2249E-01   2.2249E-01   2.2254E-01   1.0973E-02   2.0971E-01
   7.0581E+07   1.2887E-03   1.4852E-01   1.4852E-01   1.4852E-01   1.4852E-01   1.4852E-01   1.4852E-01   1.4852E-01   1.4855E-01   7.2627E-03   1.3997E-01
   7.5675E+07   9.1609E-04   9.9138E-02   9.9138E-02   9.9138E-02   9.9138E-02   9.9138E-02   9.9138E-02   9.9138E-02   9.9158E-02   4.8070E-03   9.3416E-02
   8.1136E+07   6.5151E-04   6.6174E-02   6.6174E-02   6.6174E-02   6.6174E-02   6.6174E-02   6.6174E-02   6.6174E-02   6.6187E-02   3.1817E-03   6.2342E-02
   8.6991E+07   4.6356E-04   4.4171E-02   4.4171E-02   4.4171E-02   4.4171E-02   4.4171E-02   4.4171E-02   4.4171E-02   4.4180E-02   2.1059E-03   4.1602E-02
   9.3269E+07   3.3000E-04   2.9484E-02   2.9484E-02   2.9484E-02   2.9484E-02   2.9484E-02   2.9484E-02   2.9484E-02   2.9490E-02   1.3939E-03   2.7761E-02
   1.0000E+08   2.3504E-04   1.9683E-02   1.9683E-02   1.9683E-02   1.9683E-02   1.9683E-02   1.9683E-02   1.9683E-02   1.9687E-02   9.2259E-04   1.8525E-02
