     3.001    8.3e+08
     5.001   6.74e+08
     7.002  4.767e+08
     9.002   3.79e+08
        11  3.192e+08
        13  2.878e+08
        15   2.52e+08
        17  2.238e+08
     19.01  2.001e+08
     21.01  1.849e+08
     23.01  1.499e+08
     25.01  1.465e+08
     27.01  1.323e+08
     29.01  1.176e+08
     31.01  1.071e+08
     33.01   9.55e+07
     35.01  8.776e+07
     37.01  8.208e+07
     39.01  7.341e+07
     41.01  7.341e+07
     43.01  6.307e+07
     45.01  5.959e+07
     47.01  5.428e+07
     49.01   5.44e+07
     51.01  4.908e+07
     53.01  4.927e+07
     55.02  4.487e+07
     57.02  4.101e+07
     59.02  3.895e+07
     61.02  3.405e+07
     63.02  3.366e+07
     65.02  3.181e+07
     67.02  3.303e+07
     69.02  2.891e+07
     71.02   2.63e+07
     73.02  2.587e+07
     75.02  2.262e+07
     77.02  2.256e+07
     79.02  1.949e+07
     81.02  2.118e+07
     83.02  1.876e+07
     85.02  1.943e+07
     87.02  1.809e+07
     89.02  1.732e+07
     91.03   1.61e+07
     93.03  1.454e+07
     95.03  1.338e+07
     97.03  1.384e+07
     99.03  1.436e+07
       101  1.259e+07
       103  1.385e+07
       105  1.311e+07
       107  1.205e+07
       109  1.218e+07
       111  1.261e+07
       113  1.312e+07
       115  1.158e+07
       117  1.163e+07
       119  1.164e+07
       121  1.077e+07
       123  9.787e+06
       125  1.007e+07
       127  8.309e+06
       129  8.815e+06
       131  8.193e+06
       133  7.648e+06
       135  7.719e+06
       137  7.228e+06
       139  7.492e+06
       141  7.084e+06
       143  6.215e+06
       145    6.2e+06
       147   5.88e+06
       149  5.146e+06
       151   5.19e+06
       153   4.89e+06
       155  4.769e+06
       157  5.328e+06
       159  5.117e+06
       161  4.621e+06
       163  4.617e+06
       165  4.227e+06
       167  4.053e+06
       169    4.1e+06
       171  4.368e+06
       173  4.131e+06
       175  4.346e+06
       177  3.377e+06
       179   3.28e+06
       181  4.236e+06
     183.1  3.329e+06
     185.1  3.338e+06
     187.1  2.756e+06
     189.1  3.102e+06
     191.1  2.898e+06
     193.1  3.089e+06
     195.1  3.473e+06
     197.1  2.775e+06
     199.1  2.725e+06
     201.1  2.833e+06
     203.1  3.187e+06
     205.1  3.108e+06
     207.1  3.119e+06
     209.1  3.092e+06
     211.1  3.095e+06
     213.1  3.223e+06
     215.1  2.457e+06
     217.1  2.715e+06
     219.1  2.232e+06
     221.1  2.239e+06
     223.1  2.193e+06
     225.1  1.955e+06
     227.1  1.723e+06
     229.1  2.252e+06
     231.1  2.255e+06
     233.1  1.765e+06
     235.1  1.702e+06
     237.1  1.407e+06
     239.1  1.636e+06
     241.1  1.537e+06
     243.1  1.763e+06
     245.1  1.481e+06
     247.1  1.785e+06
     249.1  2.067e+06
     251.1  1.832e+06
     253.1  1.353e+06
     255.1  1.134e+06
     257.1  1.237e+06
     259.1  9.085e+05
     261.1  9.162e+05
     263.1  8.224e+05
     265.1  7.788e+05
     267.1  1.048e+06
     269.1  8.757e+05
     271.1  9.565e+05
     273.1  7.122e+05
     275.1  7.244e+05
     277.1  5.904e+05
     279.1  6.993e+05
     281.1  4.483e+05
     283.1  4.262e+05
     285.1  4.458e+05
     287.1  3.929e+05
     289.1  3.905e+05
     291.1   3.96e+05
     293.1   2.75e+05
     295.1  3.318e+05
     297.1  2.922e+05
     299.1  2.115e+05
     301.1   2.71e+05
     303.1  2.119e+05
     305.1  2.325e+05
     307.1  2.177e+05
     309.1  2.692e+05
     311.1  2.985e+05
     313.1  2.292e+05
     315.1  1.933e+05
     317.1  1.689e+05
     319.1  7.908e+04
     321.1  1.256e+05
     323.1  1.785e+05
     325.1  8.496e+04
     327.1  2.649e+04
     329.1  1.093e+05
     331.1   1.23e+05
     333.1  4.306e+04
     335.1  4.468e+04
     337.1  2.119e+04
     339.1   1.74e+04
     341.1  3.306e+04
     343.1  4.232e+04
     345.1  1.628e+04
     347.1  1.957e+04
     349.1    2.6e+04
     351.1  1.641e+04
