         1  1.477e-16
     3.001  1.191e-17
     5.001  7.812e-18
     7.002  6.388e-18
     9.002  5.241e-18
        11  4.625e-18
        13  4.644e-18
        15  4.408e-18
        17  5.514e-18
     19.01  5.233e-18
     21.01  3.799e-18
     23.01  3.672e-18
     25.01  4.463e-18
     27.01  4.387e-18
     29.01  3.128e-18
     31.01  2.629e-18
     33.01  1.988e-18
     35.01  1.734e-18
     37.01  1.776e-18
     39.01  2.478e-18
     41.01  1.882e-18
     43.01  1.266e-18
     45.01  1.105e-18
     47.01  1.063e-18
     49.01  1.023e-18
     51.01  9.977e-19
     53.01  9.429e-19
     55.02  8.822e-19
     57.02  8.299e-19
     59.02  7.769e-19
     61.02  6.608e-19
     63.02  6.686e-19
     65.02   6.72e-19
     67.02  6.538e-19
     69.02  6.643e-19
     71.02  6.845e-19
     73.02  5.071e-19
     75.02  4.997e-19
     77.02   5.46e-19
     79.02  5.804e-19
     81.02  5.084e-19
     83.02   4.42e-19
     85.02  4.414e-19
     87.02  3.669e-19
     89.02  3.364e-19
     91.03  3.633e-19
     93.03  3.161e-19
     95.03  2.894e-19
     97.03  2.919e-19
     99.03  2.691e-19
       101   2.77e-19
       103  2.729e-19
       105  2.457e-19
       107  2.305e-19
       109  2.295e-19
       111  2.395e-19
       113  1.993e-19
       115  1.997e-19
       117  2.154e-19
       119   2.08e-19
       121  1.948e-19
       123  2.063e-19
       125  1.686e-19
       127  1.537e-19
       129  1.614e-19
       131  1.449e-19
       133  1.418e-19
       135  1.541e-19
       137  1.527e-19
       139  1.441e-19
       141  1.343e-19
       143  1.118e-19
       145  1.076e-19
       147  9.602e-20
       149  9.264e-20
       151  9.924e-20
       153  8.584e-20
       155  9.361e-20
       157  9.382e-20
       159  8.379e-20
       161   8.78e-20
       163  8.428e-20
       165  8.325e-20
       167  7.492e-20
       169  7.383e-20
       171  6.948e-20
       173  7.864e-20
       175  7.493e-20
       177  5.683e-20
       179  6.182e-20
       181  6.925e-20
     183.1  6.889e-20
     185.1  6.084e-20
     187.1  5.766e-20
     189.1  6.667e-20
     191.1  5.308e-20
     193.1  5.479e-20
     195.1  5.687e-20
     197.1  4.763e-20
     199.1   5.13e-20
     201.1   4.89e-20
     203.1   6.25e-20
     205.1  5.643e-20
     207.1  4.643e-20
     209.1  4.794e-20
     211.1  5.435e-20
     213.1  5.134e-20
     215.1   5.27e-20
     217.1   4.97e-20
     219.1  3.889e-20
     221.1  3.593e-20
     223.1  3.616e-20
     225.1  3.178e-20
     227.1  3.627e-20
     229.1  3.946e-20
     231.1  4.136e-20
     233.1  3.846e-20
     235.1  3.248e-20
     237.1  2.917e-20
     239.1  2.921e-20
     241.1  3.153e-20
     243.1  3.274e-20
     245.1  3.628e-20
     247.1  3.539e-20
     249.1  3.497e-20
     251.1  3.473e-20
     253.1   2.89e-20
     255.1  2.614e-20
     257.1   2.96e-20
     259.1  2.586e-20
     261.1  2.061e-20
     263.1  2.418e-20
     265.1   3.07e-20
     267.1  2.707e-20
     269.1  2.799e-20
     271.1   2.72e-20
     273.1  2.453e-20
     275.1   2.22e-20
     277.1  2.496e-20
     279.1  2.374e-20
     281.1  1.852e-20
     283.1  1.861e-20
     285.1    2.6e-20
     287.1  2.414e-20
     289.1  2.694e-20
     291.1  1.845e-20
     293.1  1.419e-20
     295.1  1.635e-20
     297.1   1.33e-20
     299.1  1.352e-20
     301.1  1.411e-20
     303.1   2.52e-20
     305.1  1.932e-20
     307.1  1.883e-20
     309.1  2.517e-20
     311.1  3.268e-20
     313.1  2.174e-20
     315.1  2.174e-20
     317.1  2.317e-20
     319.1  1.577e-20
     321.1  1.748e-20
     323.1  1.315e-20
     325.1  6.702e-21
     327.1  6.118e-21
     329.1  1.505e-20
     331.1  1.101e-20
     333.1  7.797e-21
     335.1  5.364e-21
     337.1   2.81e-21
     339.1  5.287e-21
     341.1  8.633e-21
     343.1  9.353e-21
     345.1  1.038e-20
     347.1   2.53e-20
     349.1  2.223e-20
     351.1  1.328e-20
