         1   1.23e+10
     3.001   4.36e+10
     5.001  8.597e+10
     7.002  1.279e+11
     9.002  1.708e+11
        11   2.15e+11
        13   2.62e+11
        15  3.095e+11
        17  3.574e+11
     19.01  4.052e+11
     21.01   4.54e+11
     23.01  4.973e+11
     25.01  5.434e+11
     27.01  5.883e+11
     29.01  6.312e+11
     31.01   6.73e+11
     33.01  7.126e+11
     35.01  7.512e+11
     37.01  7.894e+11
     39.01  8.254e+11
     41.01  8.632e+11
     43.01  8.973e+11
     45.01  9.311e+11
     47.01  9.631e+11
     49.01  9.966e+11
     51.01  1.028e+12
     53.01  1.061e+12
     55.02  1.092e+12
     57.02  1.121e+12
     59.02   1.15e+12
     61.02  1.176e+12
     63.02  1.203e+12
     65.02  1.229e+12
     67.02  1.257e+12
     69.02  1.282e+12
     71.02  1.305e+12
     73.02  1.329e+12
     75.02  1.351e+12
     77.02  1.372e+12
     79.02  1.392e+12
     81.02  1.413e+12
     83.02  1.433e+12
     85.02  1.454e+12
     87.02  1.473e+12
     89.02  1.493e+12
     91.03  1.511e+12
     93.03  1.528e+12
     95.03  1.544e+12
     97.03  1.561e+12
     99.03  1.579e+12
       101  1.595e+12
       103  1.613e+12
       105   1.63e+12
       107  1.646e+12
       109  1.663e+12
       111  1.681e+12
       113  1.699e+12
       115  1.716e+12
       117  1.733e+12
       119  1.751e+12
       121  1.767e+12
       123  1.782e+12
       125  1.798e+12
       127  1.811e+12
       129  1.826e+12
       131  1.839e+12
       133  1.852e+12
       135  1.865e+12
       137  1.877e+12
       139   1.89e+12
       141  1.903e+12
       143  1.914e+12
       145  1.925e+12
       147  1.936e+12
       149  1.946e+12
       151  1.956e+12
       153  1.965e+12
       155  1.975e+12
       157  1.985e+12
       159  1.995e+12
       161  2.005e+12
       163  2.014e+12
       165  2.023e+12
       167  2.031e+12
       169   2.04e+12
       171  2.049e+12
       173  2.058e+12
       175  2.068e+12
       177  2.076e+12
       179  2.083e+12
       181  2.093e+12
     183.1    2.1e+12
     185.1  2.108e+12
     187.1  2.114e+12
     189.1  2.122e+12
     191.1  2.129e+12
     193.1  2.136e+12
     195.1  2.145e+12
     197.1  2.152e+12
     199.1  2.159e+12
     201.1  2.166e+12
     203.1  2.174e+12
     205.1  2.182e+12
     207.1   2.19e+12
     209.1  2.198e+12
     211.1  2.206e+12
     213.1  2.215e+12
     215.1  2.222e+12
     217.1  2.229e+12
     219.1  2.235e+12
     221.1  2.241e+12
     223.1  2.247e+12
     225.1  2.253e+12
     227.1  2.258e+12
     229.1  2.264e+12
     231.1  2.271e+12
     233.1  2.276e+12
     235.1  2.281e+12
     237.1  2.285e+12
     239.1   2.29e+12
     241.1  2.295e+12
     243.1    2.3e+12
     245.1  2.305e+12
     247.1   2.31e+12
     249.1  2.317e+12
     251.1  2.323e+12
     253.1  2.327e+12
     255.1  2.331e+12
     257.1  2.335e+12
     259.1  2.338e+12
     261.1  2.341e+12
     263.1  2.343e+12
     265.1  2.346e+12
     267.1  2.349e+12
     269.1  2.352e+12
     271.1  2.356e+12
     273.1  2.358e+12
     275.1  2.361e+12
     277.1  2.363e+12
     279.1  2.365e+12
     281.1  2.367e+12
     283.1  2.368e+12
     285.1   2.37e+12
     287.1  2.371e+12
     289.1  2.373e+12
     291.1  2.374e+12
     293.1  2.375e+12
     295.1  2.376e+12
     297.1  2.377e+12
     299.1  2.378e+12
     301.1  2.379e+12
     303.1   2.38e+12
     305.1  2.381e+12
     307.1  2.382e+12
     309.1  2.383e+12
     311.1  2.384e+12
     313.1  2.385e+12
     315.1  2.386e+12
     317.1  2.386e+12
     319.1  2.387e+12
     321.1  2.387e+12
     323.1  2.388e+12
     325.1  2.388e+12
     327.1  2.388e+12
     329.1  2.389e+12
     331.1  2.389e+12
     333.1  2.389e+12
     335.1   2.39e+12
     337.1   2.39e+12
     339.1   2.39e+12
     341.1   2.39e+12
     343.1   2.39e+12
     345.1   2.39e+12
     347.1   2.39e+12
     349.1   2.39e+12
     351.1   2.39e+12
