         1      17.59
     3.001      20.33
     5.001      20.78
     7.002         21
     9.002      21.22
        11      21.35
        13      21.35
        15      21.41
        17      21.16
     19.01      21.22
     21.01      21.57
     23.01       21.6
     25.01      21.39
     27.01      21.41
     29.01      21.78
     31.01      21.97
     33.01      22.27
     35.01      22.42
     37.01      22.39
     39.01      22.03
     41.01      22.33
     43.01      22.76
     45.01      22.91
     47.01      22.95
     49.01      22.99
     51.01      23.02
     53.01      23.08
     55.02      23.15
     57.02      23.22
     59.02      23.29
     61.02      23.47
     63.02      23.45
     65.02      23.45
     67.02      23.48
     69.02      23.46
     71.02      23.43
     73.02      23.75
     75.02      23.77
     77.02      23.67
     79.02      23.61
     81.02      23.75
     83.02       23.9
     85.02       23.9
     87.02       24.1
     89.02       24.2
     91.03      24.12
     93.03      24.27
     95.03      24.36
     97.03      24.35
     99.03      24.44
       101      24.41
       103      24.43
       105      24.54
       107      24.61
       109      24.61
       111      24.57
       113      24.77
       115      24.76
       117      24.68
       119      24.72
       121      24.79
       123      24.73
       125      24.95
       127      25.05
       129         25
       131      25.11
       133      25.14
       135      25.05
       137      25.06
       139      25.12
       141       25.2
       143       25.4
       145      25.44
       147      25.56
       149       25.6
       151      25.52
       153      25.68
       155      25.59
       157      25.59
       159      25.71
       161      25.66
       163       25.7
       165      25.72
       167      25.83
       169      25.85
       171      25.91
       173      25.78
       175      25.83
       177      26.13
       179      26.04
       181      25.92
     183.1      25.92
     185.1      26.06
     187.1      26.11
     189.1      25.96
     191.1       26.2
     193.1      26.17
     195.1      26.13
     197.1      26.32
     199.1      26.24
     201.1      26.29
     203.1      26.03
     205.1      26.14
     207.1      26.35
     209.1      26.31
     211.1      26.18
     213.1      26.24
     215.1      26.21
     217.1      26.28
     219.1      26.54
     221.1      26.63
     223.1      26.62
     225.1      26.76
     227.1      26.62
     229.1      26.53
     231.1      26.47
     233.1      26.55
     235.1      26.74
     237.1      26.85
     239.1      26.85
     241.1      26.77
     243.1      26.73
     245.1      26.62
     247.1      26.64
     249.1      26.66
     251.1      26.66
     253.1      26.86
     255.1      26.97
     257.1      26.84
     259.1      26.98
     261.1      27.23
     263.1      27.06
     265.1       26.8
     267.1      26.93
     269.1       26.9
     271.1      26.93
     273.1      27.04
     275.1      27.15
     277.1      27.02
     279.1      27.08
     281.1      27.35
     283.1      27.34
     285.1      26.98
     287.1      27.06
     289.1      26.94
     291.1      27.35
     293.1      27.64
     295.1      27.48
     297.1      27.71
     299.1      27.69
     301.1      27.64
     303.1      27.01
     305.1       27.3
     307.1      27.33
     309.1      27.01
     311.1      26.73
     313.1      27.17
     315.1      27.17
     317.1       27.1
     319.1      27.52
     321.1      27.41
     323.1      27.72
     325.1      28.45
     327.1      28.55
     329.1      27.57
     331.1      27.91
     333.1      28.29
     335.1      28.69
     337.1      29.39
     339.1      28.71
     341.1      28.18
     343.1      28.09
     345.1      27.98
     347.1      27.01
     349.1      27.15
     351.1      27.71
