     1.005  7.446e-17
     3.014  2.006e-17
     5.024  1.302e-17
     7.033  1.015e-17
     9.042  6.257e-18
     11.05  5.987e-18
     13.06  8.387e-18
     15.07  4.135e-18
     17.08  2.952e-18
     19.09  2.508e-18
      21.1   2.57e-18
     23.11  2.038e-18
     25.12  1.526e-18
     27.13  1.621e-18
     29.14  1.344e-18
     31.15  1.232e-18
     33.16  1.077e-18
     35.16  8.286e-19
     37.17  8.484e-19
     39.18  8.492e-19
     41.19  6.514e-19
      43.2  3.629e-19
     45.21  3.758e-19
     47.22  3.361e-19
     49.23  2.384e-19
     51.24  2.108e-19
     53.25  1.981e-19
     55.26   1.08e-19
     57.27  1.192e-19
     59.28  9.945e-20
     61.29  1.592e-19
      63.3   1.76e-19
     65.31   1.51e-19
     67.32  1.512e-19
     69.32  2.871e-19
     71.33  3.214e-19
     73.34  3.438e-19
     75.35  2.342e-19
     77.36  2.065e-19
     79.37  1.759e-19
     81.38  1.064e-19
     83.39  9.976e-20
      85.4  1.147e-19
     87.41  8.213e-20
     89.42  9.361e-20
     91.43   8.73e-20
     93.44  7.384e-20
     95.45  5.239e-20
     97.46  4.961e-20
     99.47  5.705e-20
     101.5  3.725e-20
     103.5  3.142e-20
     105.5   4.78e-20
     107.5  2.321e-20
     109.5  1.562e-20
     111.5  2.369e-20
     113.5  2.967e-20
     115.5  2.178e-20
     117.6  2.889e-20
     119.6  2.977e-20
     121.6  1.568e-20
     123.6   1.53e-20
     125.6  2.017e-20
     127.6  1.868e-20
     129.6  2.381e-20
     131.6  1.519e-20
     133.6  1.185e-20
     135.6  3.133e-21
     137.6  2.432e-21
     139.7  1.422e-21
     141.7  3.627e-22
     143.7  1.552e-21
     145.7    3.6e-21
     147.7  9.114e-21
     149.7  1.109e-20
     151.7  6.378e-21
     153.7  5.644e-21
     155.7  3.357e-21
     157.7  3.027e-21
     159.7  1.085e-21
     161.8  3.116e-21
     163.8   7.61e-21
     165.8  3.257e-21
     167.8  3.043e-22
     169.8  2.551e-21
     171.8  1.187e-21
     173.8  3.102e-23
     175.8  1.538e-21
     177.8  7.788e-22
     179.8  9.526e-22
     181.9  8.376e-21
     183.9  5.232e-21
     185.9  3.586e-21
     187.9  1.943e-21
     189.9  3.049e-21
     191.9  3.802e-21
     193.9  6.611e-22
     195.9   7.34e-22
     197.9  2.603e-21
     199.9  4.417e-22
     201.9      1e-23
       204      1e-23
       206      1e-23
       208      1e-23
       210      1e-23
       212  5.388e-22
       214  3.312e-21
       216  1.043e-21
       218  1.009e-23
       220      1e-23
       222      1e-23
       224      1e-23
     226.1      1e-23
     228.1      1e-23
     230.1      1e-23
     232.1      1e-23
     234.1      1e-23
     236.1      1e-23
     238.1      1e-23
     240.1      1e-23
     242.1      1e-23
     244.1      1e-23
     246.2      1e-23
     248.2      1e-23
     250.2      1e-23
     252.2      1e-23
     254.2      1e-23
     256.2      1e-23
     258.2      1e-23
     260.2      1e-23
     262.2      1e-23
     264.2      1e-23
     266.2      1e-23
     268.3      1e-23
     270.3      1e-23
     272.3      1e-23
     274.3      1e-23
     276.3      1e-23
     278.3      1e-23
     280.3      1e-23
     282.3      1e-23
     284.3      1e-23
     286.3      1e-23
     288.3      1e-23
     290.4      1e-23
     292.4      1e-23
     294.4      1e-23
     296.4      1e-23
     298.4      1e-23
     300.4      1e-23
     302.4      1e-23
     304.4      1e-23
     306.4      1e-23
     308.4      1e-23
     310.5      1e-23
     312.5      1e-23
     314.5      1e-23
     316.5      1e-23
     318.5      1e-23
     320.5      1e-23
     322.5      1e-23
     324.5      1e-23
     326.5      1e-23
     328.5      1e-23
     330.5      1e-23
     332.6      1e-23
     334.6      1e-23
     336.6      1e-23
     338.6      1e-23
     340.6      1e-23
     342.6      1e-23
     344.6      1e-23
     346.6      1e-23
     348.6      1e-23
     350.6      1e-23
