     1.005      18.34
     3.014      19.76
     5.024      20.23
     7.033       20.5
     9.042      21.03
     11.05      21.07
     13.06      20.71
     15.07      21.47
     17.08      21.84
     19.09      22.02
      21.1      21.99
     23.11      22.24
     25.12      22.56
     27.13      22.49
     29.14      22.69
     31.15      22.79
     33.16      22.94
     35.16      23.22
     37.17      23.19
     39.18      23.19
     41.19      23.48
      43.2      24.12
     45.21      24.08
     47.22       24.2
     49.23      24.57
     51.24      24.71
     53.25      24.77
     55.26      25.43
     57.27      25.33
     59.28      25.52
     61.29      25.01
      63.3       24.9
     65.31      25.07
     67.32      25.07
     69.32      24.37
     71.33      24.25
     73.34      24.18
     75.35      24.59
     77.36      24.73
     79.37       24.9
     81.38      25.45
     83.39      25.52
      85.4      25.37
     87.41      25.73
     89.42      25.59
     91.43      25.66
     93.44      25.85
     95.45      26.22
     97.46      26.28
     99.47      26.13
     101.5      26.59
     103.5      26.77
     105.5      26.32
     107.5       27.1
     109.5      27.53
     111.5      27.08
     113.5      26.84
     115.5      27.17
     117.6      26.86
     119.6      26.83
     121.6      27.53
     123.6      27.55
     125.6      27.25
     127.6      27.34
     129.6      27.07
     131.6      27.56
     133.6      27.83
     135.6      29.28
     137.6      29.55
     139.7      30.13
     141.7      31.62
     143.7      30.04
     145.7      29.13
     147.7      28.12
     149.7       27.9
     151.7       28.5
     153.7      28.64
     155.7       29.2
     157.7      29.31
     159.7      30.43
     161.8      29.28
     163.8      28.31
     165.8      29.23
     167.8      31.81
     169.8       29.5
     171.8      30.33
     173.8      34.29
     175.8      30.05
     177.8      30.79
     179.8      30.57
     181.9      28.21
     183.9      28.72
     185.9      29.13
     187.9       29.8
     189.9      29.31
     191.9      29.07
     193.9      30.97
     195.9      30.85
     197.9      29.48
     199.9       31.4
     201.9      35.52
       204      35.52
       206      35.52
       208      35.52
       210      35.52
       212      31.19
       214      29.22
       216      30.47
       218      35.51
       220      35.52
       222      35.52
       224      35.52
     226.1      35.52
     228.1      35.52
     230.1      35.52
     232.1      35.52
     234.1      35.52
     236.1      35.52
     238.1      35.52
     240.1      35.52
     242.1      35.52
     244.1      35.52
     246.2      35.52
     248.2      35.52
     250.2      35.52
     252.2      35.52
     254.2      35.52
     256.2      35.52
     258.2      35.52
     260.2      35.52
     262.2      35.52
     264.2      35.52
     266.2      35.52
     268.3      35.52
     270.3      35.52
     272.3      35.52
     274.3      35.52
     276.3      35.52
     278.3      35.52
     280.3      35.52
     282.3      35.52
     284.3      35.52
     286.3      35.52
     288.3      35.52
     290.4      35.52
     292.4      35.52
     294.4      35.52
     296.4      35.52
     298.4      35.52
     300.4      35.52
     302.4      35.52
     304.4      35.52
     306.4      35.52
     308.4      35.52
     310.5      35.52
     312.5      35.52
     314.5      35.52
     316.5      35.52
     318.5      35.52
     320.5      35.52
     322.5      35.52
     324.5      35.52
     326.5      35.52
     328.5      35.52
     330.5      35.52
     332.6      35.52
     334.6      35.52
     336.6      35.52
     338.6      35.52
     340.6      35.52
     342.6      35.52
     344.6      35.52
     346.6      35.52
     348.6      35.52
     350.6      35.52
