D2   091   7.6793e+11      59.40      26.88 
D2   091   7.6793e+11      59.40      26.88 
#D2   091    7.717e+11      59.78      26.98 
#D2   091   7.6793e+11      59.40      26.88 
#D2   091   7.6512e+11      59.11      26.77 
#D2   091   7.6419e+11      59.08      26.77 
#D2   091    7.686e+11      59.47      26.88 
#D2   091    7.717e+11      59.78      26.98 
#D2   091   7.2083e+11      54.84      25.12 
#D2   091   7.7242e+11      59.84      27.03 
#D2   091   7.7352e+11      59.96      27.07 

