     1.004  1.676e-15
     3.011  4.607e-17
     5.019  2.595e-17
     7.026  2.537e-17
     9.034   2.15e-17
     11.04  1.337e-17
     13.05  1.005e-17
     15.06  6.442e-18
     17.06   5.15e-18
     19.07  4.315e-18
     21.08  2.941e-18
     23.09  2.806e-18
     25.09  2.435e-18
      27.1  2.175e-18
     29.11  1.775e-18
     31.12  1.719e-18
     33.12  1.387e-18
     35.13  1.447e-18
     37.14  1.311e-18
     39.15  1.102e-18
     41.15  1.064e-18
     43.16  7.995e-19
     45.17   6.05e-19
     47.18  5.256e-19
     49.19  6.157e-19
     51.19  5.724e-19
      53.2  4.236e-19
     55.21  5.403e-19
     57.22  4.254e-19
     59.22  3.206e-19
     61.23  3.115e-19
     63.24  4.515e-19
     65.25  3.036e-19
     67.25   2.16e-19
     69.26  1.788e-19
     71.27  1.173e-19
     73.28  1.122e-19
     75.28  1.336e-19
     77.29  9.991e-20
      79.3  1.166e-19
     81.31  1.188e-19
     83.31  1.334e-19
     85.32  1.007e-19
     87.33  7.954e-20
     89.34  9.529e-20
     91.34  6.505e-20
     93.35  6.621e-20
     95.36  6.943e-20
     97.37  8.143e-20
     99.37  5.923e-20
     101.4  5.065e-20
     103.4  6.623e-20
     105.4  6.078e-20
     107.4   6.27e-20
     109.4  6.887e-20
     111.4  6.643e-20
     113.4  6.938e-20
     115.4  7.275e-20
     117.4  7.688e-20
     119.4  7.368e-20
     121.5  6.426e-20
     123.5  4.162e-20
     125.5   3.74e-20
     127.5  3.338e-20
     129.5  2.712e-20
     131.5  3.812e-20
     133.5  5.909e-20
     135.5  6.976e-20
     137.5  6.119e-20
     139.5  6.442e-20
     141.5  7.052e-20
     143.5  5.201e-20
     145.5  3.672e-20
     147.6  2.662e-20
     149.6   2.77e-20
     151.6  1.608e-20
     153.6  1.472e-20
     155.6  1.183e-20
     157.6  1.236e-20
     159.6  1.423e-20
     161.6  2.053e-20
     163.6  1.368e-20
     165.6  1.655e-20
     167.6  1.203e-20
     169.6  1.012e-20
     171.6   8.07e-21
     173.7  4.037e-21
     175.7  8.651e-21
     177.7  3.394e-21
     179.7  5.143e-21
     181.7   4.78e-21
     183.7  4.775e-21
     185.7  6.993e-21
     187.7  7.623e-21
     189.7  1.496e-20
     191.7  2.708e-20
     193.7  3.391e-20
     195.7  2.038e-20
     197.7  1.158e-20
     199.8  4.969e-21
     201.8  5.141e-21
     203.8  8.802e-22
     205.8  2.594e-22
     207.8  5.719e-21
     209.8   3.57e-21
     211.8   4.88e-21
     213.8  2.745e-21
     215.8  2.818e-21
     217.8  3.812e-21
     219.8  3.153e-21
     221.8  7.143e-21
     223.8  5.452e-21
     225.8  2.741e-21
     227.9  1.624e-21
     229.9  1.101e-21
     231.9  1.143e-21
     233.9  2.547e-21
     235.9  9.973e-22
     237.9  3.171e-21
     239.9  4.021e-21
     241.9  1.489e-21
     243.9  1.508e-21
     245.9  4.401e-21
     247.9  8.465e-21
     249.9  1.128e-20
     251.9  1.799e-20
       254   1.52e-20
       256  1.015e-20
       258  1.218e-20
       260  1.064e-20
       262  6.049e-21
       264   2.71e-21
       266  5.209e-21
       268  1.183e-21
       270      1e-23
       272      1e-23
       274      1e-23
       276      1e-23
       278      1e-23
     280.1      1e-23
     282.1      1e-23
     284.1      1e-23
     286.1      1e-23
     288.1  2.206e-22
     290.1  4.044e-21
     292.1  8.041e-21
     294.1  4.066e-21
     296.1   3.57e-21
     298.1  2.601e-21
     300.1  4.396e-22
     302.1  1.062e-23
     304.1  3.677e-22
     306.2  9.918e-21
     308.2  2.289e-21
     310.2  6.912e-23
     312.2      1e-23
     314.2  9.746e-22
     316.2   4.03e-21
     318.2  3.079e-21
     320.2   1.92e-23
     322.2      1e-23
     324.2      1e-23
     326.2      1e-23
     328.2      1e-23
     330.2      1e-23
     332.3      1e-23
     334.3      1e-23
     336.3      1e-23
     338.3      1e-23
     340.3      1e-23
     342.3      1e-23
     344.3      1e-23
     346.3      1e-23
     348.3      1e-23
     350.3      1e-23
