     6.972  6.618e-18
     10.92  4.823e-18
     14.86  4.419e-18
      18.8  5.267e-18
     22.75  4.042e-18
     26.69  4.117e-18
     30.64  2.702e-18
     34.58  1.821e-18
     38.53  2.179e-18
     42.47   1.53e-18
     46.41  1.085e-18
     50.36   9.86e-19
      54.3  9.194e-19
     58.25  7.901e-19
     62.19  6.692e-19
     66.14  6.596e-19
     70.08  6.747e-19
     74.02  5.033e-19
     77.97  5.627e-19
     81.91  4.774e-19
     85.86  4.062e-19
      89.8  3.423e-19
     93.75  3.149e-19
     97.69  2.791e-19
     101.6  2.767e-19
     105.6  2.382e-19
     109.5  2.366e-19
     113.5  2.033e-19
     117.4  2.142e-19
     121.4  1.956e-19
     125.3  1.737e-19
     129.2  1.541e-19
     133.2  1.462e-19
     137.1  1.484e-19
     141.1  1.341e-19
       145  1.068e-19
       149  9.499e-20
     152.9  9.166e-20
     156.9    9.1e-20
     160.8  8.569e-20
     164.7  8.108e-20
     168.7  7.256e-20
     172.6  7.711e-20
     176.6   6.28e-20
     180.5  6.777e-20
     184.5  6.295e-20
     188.4  6.143e-20
     192.4   5.48e-20
     196.3  5.211e-20
     200.2  5.059e-20
     204.2  5.874e-20
     208.1  4.732e-20
     212.1  5.269e-20
       216  5.129e-20
       220  3.757e-20
     223.9  3.436e-20
     227.9  3.777e-20
     231.8  3.958e-20
     235.7  3.157e-20
     239.7  3.032e-20
     243.6  3.309e-20
     247.6  3.599e-20
     251.5  3.297e-20
     255.5   2.72e-20
     259.4  2.517e-20
     263.4   2.51e-20
     267.3  2.827e-20
     271.2  2.684e-20
     275.2  2.267e-20
     279.1  2.421e-20
     283.1  1.816e-20
       287  2.741e-20
       291  1.977e-20
     294.9  1.554e-20
     298.8   1.28e-20
     302.8  2.093e-20
     306.7  2.016e-20
     310.7  2.718e-20
     314.6  2.404e-20
     318.6  1.771e-20
     322.5  1.398e-20
     326.5  7.528e-21
     330.4  1.275e-20
     334.3  6.713e-21
     338.3  3.861e-21
     342.2  9.083e-21
     346.2  1.933e-20
     350.1  1.865e-20
