     6.972      20.96
     10.92      21.31
     14.86       21.4
      18.8      21.21
     22.75       21.5
     26.69      21.48
     30.64      21.94
     34.58      22.37
     38.53      22.17
     42.47      22.55
     46.41      22.93
     50.36      23.03
      54.3      23.11
     58.25      23.27
     62.19      23.45
     66.14      23.47
     70.08      23.44
     74.02      23.76
     77.97      23.64
     81.91      23.82
     85.86      23.99
      89.8      24.18
     93.75      24.27
     97.69       24.4
     101.6      24.41
     105.6      24.57
     109.5      24.58
     113.5      24.75
     117.4      24.69
     121.4      24.79
     125.3      24.92
     129.2      25.05
     133.2       25.1
     137.1      25.09
     141.1       25.2
       145      25.45
       149      25.57
     152.9      25.61
     156.9      25.62
     160.8      25.68
     164.7      25.74
     168.7      25.86
     172.6       25.8
     176.6      26.02
     180.5      25.94
     184.5      26.02
     188.4      26.05
     192.4      26.17
     196.3      26.22
     200.2      26.26
     204.2      26.09
     208.1      26.33
     212.1      26.21
       216      26.24
       220      26.58
     223.9      26.68
     227.9      26.57
     231.8      26.52
     235.7      26.77
     239.7      26.81
     243.6      26.72
     247.6      26.63
     251.5      26.72
     255.5      26.93
     259.4      27.01
     263.4      27.02
     267.3      26.89
     271.2      26.94
     275.2      27.13
     279.1      27.06
     283.1      27.37
       287      26.92
       291      27.28
     294.9      27.54
     298.8      27.75
     302.8      27.21
     306.7      27.25
     310.7      26.93
     314.6      27.06
     318.6       27.4
     322.5      27.65
     326.5      28.32
     330.4      27.75
     334.3      28.45
     338.3      29.05
     342.2      28.12
     346.2       27.3
     350.1      27.34
