     3.011  9.368e+08
     5.019  4.142e+08
     7.026  2.366e+08
     9.034  1.756e+08
     11.04  1.175e+08
     13.05  9.037e+07
     15.06  5.016e+07
     17.06  3.845e+07
     19.07  2.991e+07
     21.08  2.134e+07
     23.09  1.863e+07
     25.09  1.824e+07
      27.1  1.551e+07
     29.11  1.339e+07
     31.12  1.276e+07
     33.12  1.044e+07
     35.13  1.022e+07
     37.14  8.272e+06
     39.15  8.036e+06
     41.15  6.809e+06
     43.16  6.998e+06
     45.17  4.549e+06
     47.18  3.498e+06
     49.19  3.883e+06
     51.19  4.163e+06
      53.2  2.743e+06
     55.21  2.925e+06
     57.22  3.086e+06
     59.22  2.338e+06
     61.23  2.605e+06
     63.24  2.649e+06
     65.25  3.114e+06
     67.25  1.548e+06
     69.26  1.077e+06
     71.27  1.137e+06
     73.28  6.197e+05
     75.28  9.245e+05
     77.29  6.816e+05
      79.3  6.796e+05
     81.31  1.187e+06
     83.31  7.848e+05
     85.32   7.83e+05
     87.33  4.942e+05
     89.34  7.095e+05
     91.34  6.707e+05
     93.35  4.615e+05
     95.36  4.484e+05
     97.37  5.805e+05
     99.37  4.713e+05
     101.4  4.411e+05
     103.4  2.987e+05
     105.4  4.289e+05
     107.4   3.66e+05
     109.4  5.035e+05
     111.4  3.653e+05
     113.4  4.721e+05
     115.4   5.58e+05
     117.4  5.086e+05
     119.4  5.937e+05
     121.5  4.867e+05
     123.5   3.78e+05
     125.5  3.484e+05
     127.5  2.014e+05
     129.5  1.878e+05
     131.5   2.23e+05
     133.5  2.027e+05
     135.5  5.682e+05
     137.5  4.096e+05
     139.5  3.949e+05
     141.5  5.595e+05
     143.5  4.451e+05
     145.5  2.972e+05
     147.6  1.941e+05
     149.6  2.246e+05
     151.6  1.447e+05
     153.6  9.941e+04
     155.6  5.828e+04
     157.6  9.667e+04
     159.6  5.838e+04
     161.6  1.135e+05
     163.6  1.498e+05
     165.6   7.45e+04
     167.6  1.469e+05
     169.6  1.799e+04
     171.6   7.28e+04
     173.7  3.502e+04
     175.7  5.248e+04
     177.7  1.901e+04
     179.7  1.662e+04
     181.7   5.73e+04
     183.7  3.245e+04
     185.7  3.244e+04
     187.7  4.868e+04
     189.7   9.81e+04
     191.7  1.254e+05
     193.7  1.861e+05
     195.7  2.301e+05
     197.7  1.684e+05
     199.8   1.53e+04
     201.8  4.615e+04
     203.8   1.67e+04
     205.8          0
     207.8          0
     209.8  5.805e+04
     211.8  2.916e+04
     213.8  2.838e+04
     215.8          0
     217.8  2.907e+04
     219.8          0
     221.8  4.144e+04
     223.8  2.773e+04
     225.8   2.66e+04
     227.9          0
     229.9   1.33e+04
     231.9  1.353e+04
     233.9  1.272e+04
     235.9  1.288e+04
     237.9          0
     239.9  3.853e+04
     241.9  2.425e+04
     243.9          0
     245.9  1.274e+04
     247.9  3.718e+04
     249.9  7.448e+04
     251.9  4.857e+04
       254  6.176e+04
       256  7.126e+04
       258  5.243e+04
       260  3.742e+04
       262  1.218e+04
       264          0
       266  1.226e+04
       268  1.109e+04
       270          0
       272          0
       274          0
       276          0
       278          0
     280.1          0
     282.1          0
     284.1          0
     286.1          0
     288.1          0
     290.1          0
     292.1    1.1e+04
     294.1  1.071e+04
     296.1          0
     298.1  1.097e+04
     300.1          0
     302.1          0
     304.1          0
     306.2          0
     308.2  1.039e+04
     310.2          0
     312.2          0
     314.2          0
     316.2          0
     318.2       9380
     320.2          0
     322.2          0
     324.2          0
     326.2          0
     328.2          0
     330.2          0
     332.3          0
     334.3          0
     336.3          0
     338.3          0
     340.3          0
     342.3          0
     344.3          0
     346.3          0
     348.3          0
     350.3          0
