     1.004  1.691e+10
     3.011   5.25e+10
     5.019  7.872e+10
     7.026  9.969e+10
     9.034  1.197e+11
     11.04  1.361e+11
     13.05  1.509e+11
     15.06  1.605e+11
     17.06  1.687e+11
     19.07  1.759e+11
     21.08  1.816e+11
     23.09   1.87e+11
     25.09  1.928e+11
      27.1  1.981e+11
     29.11   2.03e+11
     31.12   2.08e+11
     33.12  2.124e+11
     35.13  2.169e+11
     37.14  2.208e+11
     39.15  2.248e+11
     41.15  2.283e+11
     43.16  2.321e+11
     45.17  2.347e+11
     47.18  2.368e+11
     49.19  2.392e+11
     51.19  2.419e+11
      53.2  2.437e+11
     55.21  2.458e+11
     57.22   2.48e+11
     59.22  2.497e+11
     61.23  2.518e+11
     63.24  2.539e+11
     65.25  2.564e+11
     67.25  2.577e+11
     69.26  2.587e+11
     71.27  2.597e+11
     73.28  2.603e+11
     75.28  2.612e+11
     77.29  2.618e+11
      79.3  2.625e+11
     81.31  2.637e+11
     83.31  2.645e+11
     85.32  2.654e+11
     87.33  2.659e+11
     89.34  2.667e+11
     91.34  2.675e+11
     93.35   2.68e+11
     95.36  2.686e+11
     97.37  2.693e+11
     99.37  2.699e+11
     101.4  2.705e+11
     103.4  2.708e+11
     105.4  2.714e+11
     107.4  2.719e+11
     109.4  2.726e+11
     111.4  2.731e+11
     113.4  2.738e+11
     115.4  2.746e+11
     117.4  2.754e+11
     119.4  2.763e+11
     121.5   2.77e+11
     123.5  2.776e+11
     125.5  2.781e+11
     127.5  2.785e+11
     129.5  2.788e+11
     131.5  2.791e+11
     133.5  2.795e+11
     135.5  2.804e+11
     137.5  2.812e+11
     139.5  2.819e+11
     141.5  2.829e+11
     143.5  2.837e+11
     145.5  2.842e+11
     147.6  2.846e+11
     149.6   2.85e+11
     151.6  2.853e+11
     153.6  2.855e+11
     155.6  2.856e+11
     157.6  2.858e+11
     159.6  2.859e+11
     161.6  2.861e+11
     163.6  2.864e+11
     165.6  2.866e+11
     167.6  2.869e+11
     169.6  2.869e+11
     171.6  2.871e+11
     173.7  2.872e+11
     175.7  2.873e+11
     177.7  2.873e+11
     179.7  2.874e+11
     181.7  2.875e+11
     183.7  2.876e+11
     185.7  2.876e+11
     187.7  2.878e+11
     189.7   2.88e+11
     191.7  2.883e+11
     193.7  2.887e+11
     195.7  2.893e+11
     197.7  2.897e+11
     199.8  2.898e+11
     201.8  2.899e+11
     203.8  2.899e+11
     205.8  2.899e+11
     207.8  2.899e+11
     209.8  2.901e+11
     211.8  2.902e+11
     213.8  2.902e+11
     215.8  2.902e+11
     217.8  2.903e+11
     219.8  2.903e+11
     221.8  2.904e+11
     223.8  2.905e+11
     225.8  2.906e+11
     227.9  2.906e+11
     229.9  2.906e+11
     231.9  2.907e+11
     233.9  2.907e+11
     235.9  2.907e+11
     237.9  2.907e+11
     239.9  2.909e+11
     241.9  2.909e+11
     243.9  2.909e+11
     245.9   2.91e+11
     247.9  2.911e+11
     249.9  2.913e+11
     251.9  2.915e+11
       254  2.917e+11
       256  2.919e+11
       258  2.921e+11
       260  2.922e+11
       262  2.922e+11
       264  2.922e+11
       266  2.923e+11
       268  2.923e+11
       270  2.923e+11
       272  2.923e+11
       274  2.923e+11
       276  2.923e+11
       278  2.923e+11
     280.1  2.923e+11
     282.1  2.923e+11
     284.1  2.923e+11
     286.1  2.923e+11
     288.1  2.923e+11
     290.1  2.923e+11
     292.1  2.924e+11
     294.1  2.924e+11
     296.1  2.924e+11
     298.1  2.924e+11
     300.1  2.924e+11
     302.1  2.924e+11
     304.1  2.924e+11
     306.2  2.924e+11
     308.2  2.925e+11
     310.2  2.925e+11
     312.2  2.925e+11
     314.2  2.925e+11
     316.2  2.925e+11
     318.2  2.925e+11
     320.2  2.925e+11
     322.2  2.925e+11
     324.2  2.925e+11
     326.2  2.925e+11
     328.2  2.925e+11
     330.2  2.925e+11
     332.3  2.925e+11
     334.3  2.925e+11
     336.3  2.925e+11
     338.3  2.925e+11
     340.3  2.925e+11
     342.3  2.925e+11
     344.3  2.925e+11
     346.3  2.925e+11
     348.3  2.925e+11
     350.3  2.925e+11
