     1.004      13.98
     3.011      17.51
     5.019      18.17
     7.026      18.88
     9.034      19.37
     11.04      19.82
     13.05      20.28
     15.06      20.88
     17.06      21.16
     19.07      21.39
     21.08      21.81
     23.09      21.88
     25.09      22.03
      27.1      22.16
     29.11      22.38
     31.12      22.42
     33.12      22.65
     35.13      22.61
     37.14      22.72
     39.15      22.91
     41.15      22.95
     43.16      23.26
     45.17      23.56
     47.18      23.68
     49.19      23.12
     51.19      22.95
      53.2      23.71
     55.21      23.68
     57.22      23.93
     59.22      24.25
     61.23      24.28
     63.24      23.88
     65.25      24.31
     67.25      24.68
     69.26      24.89
     71.27      25.34
     73.28      25.39
     75.28       25.2
     77.29      25.52
      79.3      25.31
     81.31      25.17
     83.31      25.04
     85.32      25.47
     87.33      25.76
     89.34      25.57
     91.34      25.98
     93.35      25.96
     95.36      25.91
     97.37      25.74
     99.37      26.08
     101.4      26.25
     103.4      25.96
     105.4      26.04
     107.4      26.02
     109.4      25.92
     111.4      25.96
     113.4      25.91
     115.4      25.86
     117.4       25.8
     119.4      25.85
     121.5         26
     123.5      26.47
     125.5      26.58
     127.5      26.71
     129.5      26.93
     131.5      26.56
     133.5      26.09
     135.5      25.91
     137.5      26.05
     139.5      25.99
     141.5       25.9
     143.5      26.23
     145.5       26.6
     147.6      26.95
     149.6      26.91
     151.6       27.5
     153.6       27.6
     155.6      27.83
     157.6      27.79
     159.6      27.63
     161.6      27.24
     163.6      27.68
     165.6      27.47
     167.6      27.82
     169.6         28
     171.6      28.25
     173.7         29
     175.7      28.17
     177.7      29.19
     179.7      28.72
     181.7      28.73
     183.7      28.74
     185.7      28.35
     187.7      28.31
     189.7      27.58
     191.7      26.93
     193.7      26.69
     195.7      27.24
     197.7      27.86
     199.8      28.78
     201.8      28.74
     203.8      30.61
     205.8      31.98
     207.8      28.62
     209.8      29.13
     211.8      28.79
     213.8      29.42
     215.8      29.39
     217.8      29.06
     219.8      29.27
     221.8      28.38
     223.8      28.67
     225.8      29.42
     227.9      29.99
     229.9      30.41
     231.9      30.37
     233.9       29.5
     235.9      30.52
     237.9      29.26
     239.9      29.01
     241.9      30.08
     243.9      30.07
     245.9      28.91
     247.9      28.19
     249.9      27.88
     251.9      27.38
       254      27.56
       256         28
       258       27.8
       260      27.94
       262      28.55
       264      29.42
       266      28.72
       268      30.32
       270      35.52
       272      35.52
       274      35.52
       276      35.52
       278      35.52
     280.1      35.52
     282.1      35.52
     284.1      35.52
     286.1      35.52
     288.1      32.16
     290.1         29
     292.1      28.25
     294.1      28.99
     296.1      29.13
     298.1      29.48
     300.1      31.41
     302.1      35.45
     304.1       31.6
     306.2      28.03
     308.2      29.62
     310.2      33.42
     312.2      35.52
     314.2      30.54
     316.2         29
     318.2       29.3
     320.2      34.81
     322.2      35.52
     324.2      35.52
     326.2      35.52
     328.2      35.52
     330.2      35.52
     332.3      35.52
     334.3      35.52
     336.3      35.52
     338.3      35.52
     340.3      35.52
     342.3      35.52
     344.3      35.52
     346.3      35.52
     348.3      35.52
     350.3      35.52
