     3.005   2.09e+09
     5.009  4.806e+08
     7.013  2.006e+08
     9.016  1.098e+08
     11.02  6.362e+07
     13.02  4.964e+07
     15.03  4.383e+07
     17.03  2.459e+07
     19.03  2.325e+07
     21.04  1.112e+07
     23.04  9.889e+06
     25.05  9.032e+06
     27.05  9.303e+06
     29.05  5.694e+06
     31.06   6.39e+06
     33.06  6.678e+06
     35.06  6.355e+06
     37.07  5.308e+06
     39.07  4.934e+06
     41.07  5.315e+06
     43.08  4.474e+06
     45.08  3.586e+06
     47.08  3.404e+06
     49.09  2.745e+06
     51.09  3.091e+06
      53.1  3.255e+06
      55.1  2.696e+06
      57.1  2.792e+06
     59.11  3.064e+06
     61.11   2.12e+06
     63.11  2.075e+06
     65.12  1.811e+06
     67.12  1.159e+06
     69.12   1.69e+06
     71.13   1.26e+06
     73.13  1.203e+06
     75.14  7.333e+05
     77.14  8.135e+05
     79.14  7.882e+05
     81.15  5.102e+05
     83.15  6.509e+05
     85.15   4.81e+05
     87.16  3.569e+05
     89.16  2.498e+05
     91.16  2.473e+05
     93.17  2.924e+05
     95.17  2.628e+05
     97.18  1.241e+05
     99.18  1.188e+05
     101.2   1.26e+05
     103.2  1.758e+05
     105.2  1.567e+05
     107.2  8.515e+04
     109.2  2.703e+04
     111.2          0
     113.2   8.58e+04
     115.2  1.062e+05
     117.2  1.268e+05
     119.2  1.314e+05
     121.2  7.819e+04
     123.2  7.349e+04
     125.2  1.424e+05
     127.2  1.488e+05
     129.2  4.603e+04
     131.2  9.013e+04
     133.2  4.423e+04
     135.2  1.076e+05
     137.2  2.138e+04
     139.3  6.395e+04
     141.3  4.204e+04
     143.3  8.509e+04
     145.3  1.118e+05
     147.3          0
     149.3  3.996e+04
     151.3  3.897e+04
     153.3          0
     155.3  1.042e+05
     157.3  1.896e+04
     159.3  1.872e+04
     161.3          0
     163.3  1.939e+04
     165.3  3.993e+04
     167.3  1.785e+04
     169.3          0
     171.3          0
     173.3  1.251e+05
     175.3  6.968e+04
     177.3  1.033e+05
     179.3  1.031e+05
     181.3  3.301e+04
     183.3  9.789e+04
     185.3  6.934e+04
     187.3  1.332e+05
     189.3  1.007e+05
     191.3  2.183e+05
     193.3  2.115e+05
     195.4  2.653e+05
     197.4  2.912e+05
     199.4  4.725e+04
     201.4  9.621e+04
     203.4  7.573e+04
     205.4  5.746e+04
     207.4  6.077e+04
     209.4  3.482e+04
     211.4  3.202e+04
     213.4  1.381e+04
     215.4          0
     217.4          0
     219.4   1.36e+04
     221.4          0
     223.4          0
     225.4          0
     227.4          0
     229.4          0
     231.4          0
     233.4          0
     235.4          0
     237.4          0
     239.4          0
     241.4          0
     243.4          0
     245.4          0
     247.4          0
     249.4          0
     251.5          0
     253.5          0
     255.5          0
     257.5          0
     259.5          0
     261.5          0
     263.5          0
     265.5          0
     267.5          0
     269.5          0
     271.5          0
     273.5          0
     275.5          0
     277.5          0
     279.5          0
     281.5          0
     283.5          0
     285.5          0
     287.5          0
     289.5          0
     291.5          0
     293.5          0
     295.5          0
     297.5          0
     299.5          0
     301.5          0
     303.5          0
     305.6          0
     307.6          0
     309.6          0
     311.6          0
     313.6          0
     315.6          0
     317.6          0
     319.6          0
     321.6          0
     323.6          0
     325.6          0
     327.6          0
     329.6          0
     331.6          0
     333.6          0
     335.6          0
     337.6          0
     339.6          0
     341.6          0
