     1.002  4.186e-16
     3.005  9.499e-17
     5.009  2.888e-17
     7.013  1.392e-17
     9.016  7.639e-18
     11.02  4.468e-18
     13.02  3.905e-18
     15.03  3.032e-18
     17.03  2.322e-18
     19.03  1.814e-18
     21.04  1.224e-18
     23.04  9.394e-19
     25.05  8.125e-19
     27.05  7.058e-19
     29.05  6.025e-19
     31.06  6.569e-19
     33.06  6.339e-19
     35.06  4.898e-19
     37.07  5.289e-19
     39.07  5.714e-19
     41.07  6.639e-19
     43.08  6.483e-19
     45.08  5.413e-19
     47.08  4.163e-19
     49.09  4.932e-19
     51.09  4.214e-19
      53.1   4.68e-19
      55.1  3.445e-19
      57.1  4.191e-19
     59.11  3.985e-19
     61.11  3.436e-19
     63.11  2.909e-19
     65.12  2.254e-19
     67.12  2.203e-19
     69.12  2.097e-19
     71.13  2.307e-19
     73.13  1.606e-19
     75.14  1.115e-19
     77.14  1.436e-19
     79.14  1.011e-19
     81.15  6.619e-20
     83.15  7.156e-20
     85.15  4.975e-20
     87.16  3.869e-20
     89.16  3.822e-20
     91.16  3.412e-20
     93.17  3.851e-20
     95.17  2.172e-20
     97.18  1.232e-20
     99.18  1.319e-20
     101.2  1.724e-20
     103.2   1.55e-20
     105.2  1.476e-20
     107.2  6.508e-21
     109.2   1.03e-21
     111.2  4.794e-21
     113.2  1.728e-20
     115.2  1.525e-20
     117.2  1.822e-20
     119.2  1.151e-20
     121.2  1.048e-20
     123.2  1.212e-20
     125.2  1.621e-20
     127.2  7.884e-21
     129.2  7.642e-21
     131.2  9.551e-21
     133.2  9.482e-21
     135.2  4.596e-21
     137.2  5.048e-21
     139.3  5.949e-21
     141.3  7.491e-21
     143.3  8.973e-21
     145.3   7.52e-21
     147.3  2.914e-21
     149.3  4.241e-21
     151.3  2.415e-21
     153.3  3.547e-21
     155.3  6.753e-21
     157.3  3.145e-21
     159.3  1.887e-21
     161.3  1.521e-21
     163.3  2.104e-21
     165.3  3.879e-21
     167.3  1.299e-21
     169.3  1.044e-21
     171.3   7.59e-21
     173.3  1.179e-20
     175.3  1.158e-20
     177.3  1.434e-20
     179.3  6.568e-21
     181.3  1.022e-20
     183.3  1.262e-20
     185.3  1.569e-20
     187.3  1.905e-20
     189.3  3.237e-20
     191.3  3.585e-20
     193.3  5.038e-20
     195.4  4.954e-20
     197.4  1.118e-20
     199.4  1.235e-20
     201.4  1.344e-20
     203.4  9.867e-21
     205.4  5.585e-21
     207.4  1.279e-20
     209.4  6.041e-21
     211.4  2.657e-21
     213.4  1.028e-21
     215.4  3.826e-22
     217.4  7.639e-22
     219.4  5.032e-22
     221.4  1.601e-23
     223.4      1e-23
     225.4      1e-23
     227.4      1e-23
     229.4      1e-23
     231.4      1e-23
     233.4      1e-23
     235.4      1e-23
     237.4      1e-23
     239.4      1e-23
     241.4      1e-23
     243.4      1e-23
     245.4      1e-23
     247.4      1e-23
     249.4      1e-23
     251.5      1e-23
     253.5      1e-23
     255.5      1e-23
     257.5      1e-23
     259.5      1e-23
     261.5      1e-23
     263.5      1e-23
     265.5      1e-23
     267.5      1e-23
     269.5      1e-23
     271.5      1e-23
     273.5      1e-23
     275.5      1e-23
     277.5      1e-23
     279.5      1e-23
     281.5      1e-23
     283.5      1e-23
     285.5      1e-23
     287.5      1e-23
     289.5      1e-23
     291.5      1e-23
     293.5      1e-23
     295.5      1e-23
     297.5      1e-23
     299.5      1e-23
     301.5      1e-23
     303.5      1e-23
     305.6      1e-23
     307.6      1e-23
     309.6      1e-23
     311.6      1e-23
     313.6      1e-23
     315.6      1e-23
     317.6      1e-23
     319.6      1e-23
     321.6      1e-23
     323.6      1e-23
     325.6      1e-23
     327.6      1e-23
     329.6      1e-23
     331.6      1e-23
     333.6      1e-23
     335.6      1e-23
     337.6      1e-23
     339.6      1e-23
     341.6      1e-23
