     1.002      16.46
     3.005      18.07
     5.009      19.36
     7.013      20.16
     9.016      20.81
     11.02      21.39
     13.02      21.54
     15.03      21.81
     17.03       22.1
     19.03      22.37
     21.04       22.8
     23.04      23.08
     25.05      23.24
     27.05      23.39
     29.05      23.57
     31.06      23.47
     33.06      23.51
     35.06      23.79
     37.07      23.71
     39.07      23.62
     41.07      23.46
     43.08      23.49
     45.08      23.68
     47.08      23.97
     49.09      23.78
     51.09      23.95
      53.1      23.84
      55.1      24.17
      57.1      23.96
     59.11      24.02
     61.11      24.18
     63.11      24.36
     65.12      24.63
     67.12      24.66
     69.12      24.71
     71.13      24.61
     73.13         25
     75.14       25.4
     77.14      25.12
     79.14       25.5
     81.15      25.96
     83.15      25.88
     85.15      26.27
     87.16      26.55
     89.16      26.56
     91.16      26.68
     93.17      26.55
     95.17      27.17
     97.18      27.79
     99.18      27.72
     101.2      27.42
     103.2      27.54
     105.2      27.59
     107.2      28.48
     109.2      30.48
     111.2      28.81
     113.2      27.42
     115.2      27.56
     117.2      27.36
     119.2      27.86
     121.2      27.97
     123.2      27.81
     125.2      27.49
     127.2      28.27
     129.2      28.31
     131.2      28.07
     133.2      28.07
     135.2      28.86
     137.2      28.76
     139.3      28.58
     141.3      28.33
     143.3      28.13
     145.3      28.33
     147.3      29.35
     149.3      28.95
     151.3      29.56
     153.3      29.14
     155.3      28.44
     157.3      29.27
     159.3      29.83
     161.3      30.06
     163.3      29.71
     165.3      29.04
     167.3      30.23
     169.3      30.47
     171.3      28.32
     173.3      27.84
     175.3      27.86
     177.3      27.62
     179.3      28.47
     181.3      27.99
     183.3      27.76
     185.3      27.53
     187.3      27.32
     189.3      26.74
     191.3      26.63
     193.3      26.26
     195.4      26.28
     197.4       27.9
     199.4      27.79
     201.4      27.69
     203.4      28.03
     205.4      28.65
     207.4      27.75
     209.4      28.56
     211.4      29.46
     213.4      30.49
     215.4      31.56
     217.4      30.81
     219.4      31.26
     221.4      35.01
     223.4      35.52
     225.4      35.52
     227.4      35.52
     229.4      35.52
     231.4      35.52
     233.4      35.52
     235.4      35.52
     237.4      35.52
     239.4      35.52
     241.4      35.52
     243.4      35.52
     245.4      35.52
     247.4      35.52
     249.4      35.52
     251.5      35.52
     253.5      35.52
     255.5      35.52
     257.5      35.52
     259.5      35.52
     261.5      35.52
     263.5      35.52
     265.5      35.52
     267.5      35.52
     269.5      35.52
     271.5      35.52
     273.5      35.52
     275.5      35.52
     277.5      35.52
     279.5      35.52
     281.5      35.52
     283.5      35.52
     285.5      35.52
     287.5      35.52
     289.5      35.52
     291.5      35.52
     293.5      35.52
     295.5      35.52
     297.5      35.52
     299.5      35.52
     301.5      35.52
     303.5      35.52
     305.6      35.52
     307.6      35.52
     309.6      35.52
     311.6      35.52
     313.6      35.52
     315.6      35.52
     317.6      35.52
     319.6      35.52
     321.6      35.52
     323.6      35.52
     325.6      35.52
     327.6      35.52
     329.6      35.52
     331.6      35.52
     333.6      35.52
     335.6      35.52
     337.6      35.52
     339.6      35.52
     341.6      35.52
