     17.91  5.017e-18
     23.72  4.273e-18
     29.53  3.033e-18
     35.34  1.894e-18
     41.15  1.826e-18
     46.97  1.056e-18
     52.78  9.518e-19
     58.59  7.697e-19
      64.4  6.621e-19
     70.21  6.322e-19
     76.03  5.256e-19
     81.84  4.944e-19
     87.65  3.751e-19
     93.46   3.17e-19
     99.27  2.772e-19
     105.1  2.492e-19
     110.9   2.25e-19
     116.7   2.09e-19
     122.5  1.919e-19
     128.3  1.551e-19
     134.1  1.496e-19
       140  1.382e-19
     145.8  1.027e-19
     151.6  9.226e-20
     157.4  8.969e-20
     163.2  8.449e-20
       169  7.268e-20
     174.8  7.088e-20
     180.6  6.559e-20
     186.5  6.106e-20
     192.3  5.741e-20
     198.1  5.051e-20
     203.9  5.636e-20
     209.7  5.016e-20
     215.5  4.967e-20
     221.3  3.667e-20
     227.1  3.617e-20
       233  3.781e-20
     238.8  2.996e-20
     244.6  3.496e-20
     250.4   3.29e-20
     256.2  2.812e-20
       262  2.382e-20
     267.8  2.843e-20
     273.6  2.379e-20
     279.4   2.23e-20
     285.3  2.331e-20
     291.1  2.052e-20
     296.9  1.436e-20
     302.7  1.918e-20
     308.5  2.318e-20
     314.3  2.496e-20
     320.1  1.606e-20
     325.9  8.566e-21
     331.8  1.096e-20
     337.6  4.239e-21
     343.4  9.343e-21
     349.2  2.292e-20
