     17.91      21.26
     23.72      21.44
     29.53      21.81
     35.34      22.32
     41.15      22.36
     46.97      22.96
     52.78      23.07
     58.59       23.3
      64.4      23.46
     70.21      23.51
     76.03      23.71
     81.84      23.78
     87.65      24.08
     93.46      24.26
     99.27      24.41
     105.1      24.52
     110.9      24.64
     116.7      24.72
     122.5      24.81
     128.3      25.04
     134.1      25.08
       140      25.16
     145.8      25.49
     151.6       25.6
     157.4      25.63
     163.2       25.7
       169      25.86
     174.8      25.89
     180.6      25.97
     186.5      26.05
     192.3      26.12
     198.1      26.26
     203.9      26.14
     209.7      26.27
     215.5      26.28
     221.3      26.61
     227.1      26.62
       233      26.57
     238.8      26.82
     244.6      26.66
     250.4      26.72
     256.2      26.89
       262      27.07
     267.8      26.88
     273.6      27.08
     279.4      27.15
     285.3       27.1
     291.1      27.24
     296.9      27.62
     302.7      27.31
     308.5       27.1
     314.3      27.02
     320.1       27.5
     325.9      28.18
     331.8      27.92
     337.6      28.95
     343.4      28.09
     349.2      27.12
