   23.591    35.389     0.855    0.0663      22.5    0.0464
   27.151   293.556     0.195      18.6  5.37e+05    0.0373
   23.620    57.678     0.731     0.351       311     0.119
   23.589    25.921     0.828     0.805      90.7      1.48
   24.280    54.736     0.558     0.234       217    0.0289
   23.515    41.648     0.778     0.221      90.1     0.127
   28.479  1122.103     0.157      16.6  7.51e+06    0.0114
   23.596    38.564     0.889     0.326       123     0.259
   22.868    24.333     2.628     0.019     0.912     0.602
   24.434   111.912     0.405     0.209       824   0.00712
   23.574    80.961     0.574    0.0679       123   0.00933
   24.315    50.061     0.500     0.225       172    0.0209
   24.427    32.215     0.359       inf       inf       inf
   25.192    66.965     0.368      1.05  1.55e+03    0.0267
   24.467   117.571     0.511     0.671  3.42e+03    0.0375
   24.738    71.103     0.590     0.743  1.39e+03    0.0748
   22.803    33.282     0.486      0.16      33.5     0.056
   23.351    80.019     0.087      9.89  1.37e+04    0.0405
   22.863    54.626     0.530     0.465       307    0.0921
   22.339    82.878     1.620   0.00981      8.19    0.0443
   24.299   133.931     0.182      3.59  1.64e+04    0.0178
   23.804    29.099     0.883     0.162      35.2     0.162
   24.569    35.559     0.579       inf       inf       inf
   23.605    34.563     0.806    0.0538      16.3    0.0363
   24.190    67.891     0.741     0.459       773     0.103
   23.416    74.499     0.689    0.0281      41.6   0.00717
   23.685    61.230     0.455    0.0182      17.6   0.00165
   28.573  1421.895     0.143      33.2  2.29e+07     0.018
