         1  2.025e-13
         3  1.269e-16
         5  8.234e-17
     7.001  5.495e-17
     9.001  3.577e-17
        11  2.982e-17
        13  2.582e-17
        15   2.21e-17
        17  1.835e-17
        19  1.508e-17
        21  1.175e-17
        23  9.893e-18
        25  8.495e-18
        27  8.117e-18
        29   7.93e-18
        31  7.307e-18
        33  6.319e-18
        35  5.552e-18
        37  5.663e-18
        39  5.888e-18
        41  4.231e-18
        43  3.925e-18
        45  3.567e-18
        47  3.539e-18
        49  3.633e-18
        51  3.513e-18
        53  3.455e-18
        55  3.038e-18
        57  2.535e-18
        59   2.11e-18
        61  1.919e-18
        63  1.636e-18
        65  1.397e-18
     67.01  1.084e-18
     69.01  1.092e-18
     71.01  1.209e-18
     73.01  1.122e-18
     75.01   1.09e-18
     77.01  1.007e-18
     79.01   9.23e-19
     81.01  8.469e-19
     83.01  6.924e-19
     85.01  6.011e-19
     87.01  5.273e-19
     89.01  5.392e-19
     91.01  4.786e-19
     93.01  3.812e-19
     95.01  4.022e-19
     97.01  5.095e-19
     99.01  4.797e-19
       101  4.672e-19
       103  5.203e-19
       105  3.819e-19
       107  3.546e-19
       109  4.203e-19
       111  2.731e-19
       113  2.767e-19
       115  2.789e-19
       117  3.523e-19
       119  3.271e-19
       121  2.322e-19
       123  1.984e-19
       125  1.952e-19
       127  2.084e-19
       129  1.944e-19
       131  1.847e-19
       133  2.247e-19
       135   2.04e-19
       137  1.158e-19
       139  8.887e-20
       141  1.027e-19
       143  1.064e-19
       145  1.334e-19
       147  1.852e-19
       149  1.677e-19
       151  1.074e-19
       153  1.095e-19
       155  9.103e-20
       157   1.09e-19
       159  1.129e-19
       161  2.295e-19
       163  1.827e-19
       165  1.106e-19
       167  6.857e-20
       169  9.999e-20
       171  1.188e-19
       173   9.17e-20
       175  7.666e-20
       177   7.42e-20
       179  7.156e-20
       181  8.283e-20
       183  7.992e-20
       185   5.64e-20
       187  4.815e-20
       189  5.721e-20
       191  6.345e-20
       193  3.923e-20
       195  3.924e-20
       197  4.321e-20
       199  4.615e-20
       201  3.656e-20
       203   3.51e-20
       205  2.907e-20
       207  3.866e-20
       209  3.008e-20
       211  3.104e-20
       213  3.399e-20
       215  3.561e-20
       217  4.407e-20
       219   2.42e-20
       221  1.999e-20
       223  2.298e-20
       225  2.732e-20
       227  3.312e-20
       229  2.606e-20
       231  2.335e-20
       233   2.55e-20
       235  2.873e-20
       237  2.382e-20
       239  2.204e-20
       241  2.099e-20
       243  3.775e-20
       245  3.445e-20
       247   3.02e-20
       249  2.705e-20
       251  3.259e-20
       253  4.176e-20
       255  4.578e-20
       257  6.512e-20
       259  7.319e-20
       261   5.52e-20
       263  5.094e-20
       265   4.49e-20
       267  3.931e-20
       269  2.879e-20
       271  3.066e-20
       273  3.174e-20
       275  2.817e-20
       277  2.764e-20
       279  3.801e-20
       281    4.1e-20
       283  3.027e-20
       285  3.982e-20
       287  2.414e-20
       289  1.999e-20
       291  7.801e-21
       293  1.704e-20
       295   2.34e-20
       297  2.681e-20
       299  1.837e-20
       301  2.552e-21
       303  1.226e-20
       305   1.18e-20
       307  1.331e-20
       309  1.777e-20
       311   8.37e-21
       313  7.726e-21
       315  1.718e-20
       317  3.847e-21
       319  8.804e-21
       321  2.422e-20
       323  1.847e-20
       325  5.977e-22
       327      1e-23
       329  6.683e-22
       331  8.067e-21
       333  8.996e-21
       335  6.892e-23
       337      1e-23
       339      1e-23
       341      1e-23
       343      1e-23
       345      1e-23
       347      1e-23
       349      1e-23
       351      1e-23
