     3.017  1.355e+09
     5.028  3.526e+08
     7.039   2.37e+08
     9.051  1.557e+08
     11.06  8.726e+07
     13.07  6.299e+07
     15.08  4.285e+07
      17.1  3.846e+07
     19.11  2.709e+07
     21.12  2.824e+07
     23.13  2.141e+07
     25.14  2.142e+07
     27.15  1.911e+07
     29.16   1.67e+07
     31.17  1.588e+07
     33.19  1.376e+07
      35.2  1.333e+07
     37.21  1.161e+07
     39.22  6.382e+06
     41.23  5.862e+06
     43.24  4.913e+06
     45.25  3.652e+06
     47.26  3.709e+06
     49.28  3.809e+06
     51.29  2.164e+06
      53.3  2.427e+06
     55.31  1.969e+06
     57.32   1.62e+06
     59.33  1.493e+06
     61.34  1.613e+06
     63.35  1.557e+06
     65.37  1.262e+06
     67.38   1.32e+06
     69.39  9.357e+05
      71.4  1.149e+06
     73.41  1.069e+06
     75.42  7.983e+05
     77.43  1.008e+06
     79.44  1.169e+06
     81.46   7.33e+05
     83.47  6.399e+05
     85.48  2.911e+05
     87.49   3.92e+05
      89.5  5.001e+05
     91.51  4.373e+05
     93.52  3.016e+05
     95.53  4.711e+05
     97.55  2.881e+05
     99.56  4.207e+05
     101.6  1.848e+05
     103.6  2.713e+05
     105.6  3.313e+05
     107.6  1.742e+05
     109.6  2.272e+05
     111.6  2.335e+05
     113.6  1.079e+05
     115.6  2.156e+05
     117.7  4.242e+05
     119.7  6.197e+05
     121.7  7.327e+05
     123.7  5.807e+05
     125.7  3.634e+05
     127.7  3.334e+05
     129.7  2.905e+05
     131.7  3.329e+05
     133.7  2.752e+05
     135.8  1.945e+05
     137.8  1.848e+05
     139.8  4.132e+05
     141.8  3.692e+05
     143.8  4.096e+05
     145.8  3.924e+05
     147.8  3.579e+05
     149.8  3.323e+05
     151.8  1.478e+05
     153.9  1.403e+05
     155.9  1.382e+05
     157.9  1.613e+05
     159.9  1.881e+04
     161.9          0
     163.9   1.82e+04
     165.9  1.282e+05
     167.9          0
       170          0
       172  3.486e+04
       174  3.638e+04
       176  5.565e+04
       178   3.92e+04
       180  7.907e+04
       182          0
       184  7.141e+04
       186  1.937e+04
     188.1  7.318e+04
     190.1  5.085e+04
     192.1  5.021e+04
     194.1          0
     196.1  4.101e+04
     198.1  1.375e+05
     200.1  1.408e+05
     202.1   8.07e+04
     204.1  1.679e+05
     206.2  2.087e+05
     208.2  4.932e+04
     210.2  7.336e+04
     212.2  8.839e+04
     214.2  1.829e+05
     216.2  4.328e+04
     218.2   9.43e+04
     220.2  7.601e+04
     222.2  7.487e+04
     224.3  2.796e+04
     226.3  8.844e+04
     228.3  6.816e+04
     230.3  4.652e+04
     232.3  4.162e+04
     234.3   2.69e+04
     236.3   2.56e+04
     238.3  1.616e+04
     240.3          0
     242.4  1.254e+04
     244.4  2.535e+04
     246.4  3.874e+04
     248.4  1.328e+04
     250.4  1.362e+04
     252.4  2.841e+04
     254.4    4.3e+04
     256.4  1.454e+04
     258.4          0
     260.5  1.313e+04
     262.5          0
     264.5          0
     266.5  1.557e+04
     268.5          0
     270.5  1.112e+04
     272.5          0
     274.5          0
     276.5          0
     278.6          0
     280.6          0
     282.6  1.143e+04
     284.6   1.12e+04
     286.6          0
     288.6          0
     290.6          0
     292.6          0
     294.6          0
     296.7          0
     298.7          0
     300.7          0
     302.7          0
     304.7          0
     306.7          0
     308.7          0
     310.7          0
     312.8          0
     314.8          0
     316.8          0
     318.8          0
     320.8          0
     322.8          0
     324.8          0
     326.8          0
     328.8          0
     330.9          0
     332.9          0
     334.9          0
     336.9          0
     338.9          0
     340.9          0
     342.9          0
     344.9          0
     346.9          0
       349          0
       351          0
