     1.006  4.189e-16
     3.017  6.921e-17
     5.028  3.288e-17
     7.039  2.225e-17
     9.051  1.569e-17
     11.06  9.119e-18
     13.07  6.593e-18
     15.08    5.2e-18
      17.1  4.173e-18
     19.11  3.717e-18
     21.12  3.215e-18
     23.13  3.154e-18
     25.14  3.107e-18
     27.15  2.933e-18
     29.16  2.815e-18
     31.17  2.049e-18
     33.19  1.991e-18
      35.2  1.839e-18
     37.21  1.516e-18
     39.22  1.019e-18
     41.23  9.326e-19
     43.24  8.791e-19
     45.25  6.324e-19
     47.26  7.433e-19
     49.28  6.064e-19
     51.29  4.828e-19
      53.3  4.795e-19
     55.31  3.638e-19
     57.32  3.032e-19
     59.33  2.991e-19
     61.34  2.899e-19
     63.35  2.854e-19
     65.37  2.116e-19
     67.38  1.693e-19
     69.39  1.771e-19
      71.4  1.894e-19
     73.41  1.625e-19
     75.42  1.618e-19
     77.43  1.654e-19
     79.44  1.642e-19
     81.46  1.117e-19
     83.47  7.467e-20
     85.48  6.567e-20
     87.49  7.037e-20
      89.5  7.523e-20
     91.51  8.429e-20
     93.52  6.848e-20
     95.53  8.081e-20
     97.55  5.761e-20
     99.56  4.875e-20
     101.6  4.069e-20
     103.6  3.648e-20
     105.6  4.371e-20
     107.6  3.592e-20
     109.6  4.202e-20
     111.6  2.987e-20
     113.6  2.633e-20
     115.6  4.122e-20
     117.7  7.433e-20
     119.7  1.011e-19
     121.7  9.797e-20
     123.7  5.414e-20
     125.7  5.169e-20
     127.7  5.263e-20
     129.7  5.077e-20
     131.7  4.538e-20
     133.7  3.624e-20
     135.8  3.899e-20
     137.8  4.205e-20
     139.8  5.435e-20
     141.8  6.592e-20
     143.8  5.521e-20
     145.8  5.777e-20
     147.8  4.957e-20
     149.8  3.367e-20
     151.8  2.552e-20
     153.9  2.711e-20
     155.9  2.259e-20
     157.9  1.474e-20
     159.9  2.731e-21
     161.9  2.137e-21
     163.9  7.255e-21
     165.9  8.621e-21
     167.9  1.497e-21
       170   2.09e-21
       172  1.237e-20
       174  1.596e-20
       176  2.358e-20
       178  2.283e-20
       180   1.15e-20
       182  1.398e-20
       184  1.311e-20
       186  2.376e-20
     188.1  1.686e-20
     190.1  1.841e-20
     192.1  8.318e-21
     194.1  8.357e-21
     196.1  3.161e-20
     198.1  2.962e-20
     200.1  2.738e-20
     202.1  2.517e-20
     204.1  4.676e-20
     206.2  2.757e-20
     208.2  1.344e-20
     210.2  1.627e-20
     212.2  3.199e-20
     214.2  2.719e-20
     216.2  1.081e-20
     218.2  1.945e-20
     220.2      2e-20
     222.2  1.025e-20
     224.3  1.261e-20
     226.3  1.584e-20
     228.3  1.002e-20
     230.3  9.493e-21
     232.3  6.216e-21
     234.3  3.356e-21
     236.3   3.53e-21
     238.3   1.58e-21
     240.3  1.162e-21
     242.4  4.963e-21
     244.4  3.282e-21
     246.4  6.389e-21
     248.4  8.765e-21
     250.4  9.525e-21
     252.4  2.313e-20
     254.4  1.269e-20
     256.4  7.774e-21
     258.4   5.61e-21
     260.5  2.008e-21
     262.5  2.392e-22
     264.5  2.206e-21
     266.5  6.193e-21
     268.5  8.912e-22
     270.5  2.291e-21
     272.5   6.83e-23
     274.5      1e-23
     276.5      1e-23
     278.6  2.039e-22
     280.6  5.632e-21
     282.6  7.332e-21
     284.6  2.057e-21
     286.6  2.299e-22
     288.6      1e-23
     290.6      1e-23
     292.6      1e-23
     294.6      1e-23
     296.7      1e-23
     298.7      1e-23
     300.7      1e-23
     302.7      1e-23
     304.7      1e-23
     306.7      1e-23
     308.7      1e-23
     310.7      1e-23
     312.8      1e-23
     314.8      1e-23
     316.8      1e-23
     318.8      1e-23
     320.8      1e-23
     322.8      1e-23
     324.8      1e-23
     326.8      1e-23
     328.8      1e-23
     330.9      1e-23
     332.9      1e-23
     334.9      1e-23
     336.9      1e-23
     338.9      1e-23
     340.9      1e-23
     342.9      1e-23
     344.9      1e-23
     346.9      1e-23
       349      1e-23
       351      1e-23
