     1.006  2.728e+10
     3.017  7.895e+10
     5.028  1.014e+11
     7.039  1.224e+11
     9.051  1.402e+11
     11.06  1.524e+11
     13.07  1.628e+11
     15.08   1.71e+11
      17.1  1.793e+11
     19.11  1.859e+11
     21.12  1.934e+11
     23.13  1.997e+11
     25.14  2.065e+11
     27.15   2.13e+11
     29.16  2.192e+11
     31.17  2.254e+11
     33.19  2.312e+11
      35.2  2.371e+11
     37.21  2.426e+11
     39.22  2.458e+11
     41.23  2.488e+11
     43.24  2.515e+11
     45.25  2.536e+11
     47.26  2.558e+11
     49.28  2.582e+11
     51.29  2.596e+11
      53.3  2.612e+11
     55.31  2.626e+11
     57.32  2.638e+11
     59.33  2.649e+11
     61.34  2.661e+11
     63.35  2.674e+11
     65.37  2.684e+11
     67.38  2.695e+11
     69.39  2.704e+11
      71.4  2.714e+11
     73.41  2.724e+11
     75.42  2.731e+11
     77.43  2.741e+11
     79.44  2.753e+11
     81.46  2.761e+11
     83.47  2.767e+11
     85.48  2.771e+11
     87.49  2.775e+11
      89.5  2.781e+11
     91.51  2.786e+11
     93.52  2.789e+11
     95.53  2.795e+11
     97.55  2.798e+11
     99.56  2.804e+11
     101.6  2.806e+11
     103.6   2.81e+11
     105.6  2.814e+11
     107.6  2.816e+11
     109.6   2.82e+11
     111.6  2.823e+11
     113.6  2.824e+11
     115.6  2.828e+11
     117.7  2.834e+11
     119.7  2.843e+11
     121.7  2.854e+11
     123.7  2.864e+11
     125.7  2.869e+11
     127.7  2.875e+11
     129.7  2.879e+11
     131.7  2.885e+11
     133.7   2.89e+11
     135.8  2.893e+11
     137.8  2.896e+11
     139.8  2.904e+11
     141.8   2.91e+11
     143.8  2.918e+11
     145.8  2.925e+11
     147.8  2.931e+11
     149.8  2.938e+11
     151.8  2.941e+11
     153.9  2.943e+11
     155.9  2.946e+11
     157.9  2.949e+11
     159.9   2.95e+11
     161.9   2.95e+11
     163.9   2.95e+11
     165.9  2.953e+11
     167.9  2.953e+11
       170  2.953e+11
       172  2.953e+11
       174  2.954e+11
       176  2.956e+11
       178  2.956e+11
       180  2.958e+11
       182  2.958e+11
       184   2.96e+11
       186   2.96e+11
     188.1  2.962e+11
     190.1  2.963e+11
     192.1  2.964e+11
     194.1  2.964e+11
     196.1  2.966e+11
     198.1  2.969e+11
     200.1  2.973e+11
     202.1  2.975e+11
     204.1  2.979e+11
     206.2  2.984e+11
     208.2  2.986e+11
     210.2  2.988e+11
     212.2   2.99e+11
     214.2  2.995e+11
     216.2  2.996e+11
     218.2  2.999e+11
     220.2  3.001e+11
     222.2  3.003e+11
     224.3  3.004e+11
     226.3  3.006e+11
     228.3  3.008e+11
     230.3   3.01e+11
     232.3  3.011e+11
     234.3  3.012e+11
     236.3  3.012e+11
     238.3  3.013e+11
     240.3  3.013e+11
     242.4  3.013e+11
     244.4  3.014e+11
     246.4  3.015e+11
     248.4  3.016e+11
     250.4  3.016e+11
     252.4  3.017e+11
     254.4  3.018e+11
     256.4  3.019e+11
     258.4  3.019e+11
     260.5  3.019e+11
     262.5  3.019e+11
     264.5  3.019e+11
     266.5   3.02e+11
     268.5   3.02e+11
     270.5   3.02e+11
     272.5   3.02e+11
     274.5   3.02e+11
     276.5   3.02e+11
     278.6   3.02e+11
     280.6   3.02e+11
     282.6  3.021e+11
     284.6  3.021e+11
     286.6  3.021e+11
     288.6  3.021e+11
     290.6  3.021e+11
     292.6  3.021e+11
     294.6  3.021e+11
     296.7  3.021e+11
     298.7  3.021e+11
     300.7  3.021e+11
     302.7  3.021e+11
     304.7  3.021e+11
     306.7  3.021e+11
     308.7  3.021e+11
     310.7  3.021e+11
     312.8  3.021e+11
     314.8  3.021e+11
     316.8  3.021e+11
     318.8  3.021e+11
     320.8  3.021e+11
     322.8  3.021e+11
     324.8  3.021e+11
     326.8  3.021e+11
     328.8  3.021e+11
     330.9  3.021e+11
     332.9  3.021e+11
     334.9  3.021e+11
     336.9  3.021e+11
     338.9  3.021e+11
     340.9  3.021e+11
     342.9  3.021e+11
     344.9  3.021e+11
     346.9  3.021e+11
       349  3.021e+11
       351  3.021e+11
