     1.006      16.46
     3.017      18.42
     5.028      19.22
     7.039      19.65
     9.051      20.03
     11.06      20.62
     13.07      20.97
     15.08      21.23
      17.1      21.47
     19.11      21.59
     21.12      21.75
     23.13      21.77
     25.14      21.79
     27.15      21.85
     29.16      21.89
     31.17      22.24
     33.19      22.27
      35.2      22.35
     37.21      22.56
     39.22         23
     41.23      23.09
     43.24      23.16
     45.25      23.51
     47.26      23.34
     49.28      23.56
     51.29      23.81
      53.3      23.81
     55.31      24.11
     57.32      24.31
     59.33      24.33
     61.34      24.36
     63.35      24.38
     65.37       24.7
     67.38      24.94
     69.39       24.9
      71.4      24.82
     73.41      24.99
     75.42      24.99
     77.43      24.97
     79.44      24.98
     81.46       25.4
     83.47      25.83
     85.48      25.97
     87.49       25.9
      89.5      25.83
     91.51       25.7
     93.52      25.93
     95.53      25.75
     97.55      26.11
     99.56       26.3
     101.6      26.49
     103.6      26.61
     105.6      26.41
     107.6      26.63
     109.6      26.46
     111.6      26.83
     113.6      26.97
     115.6      26.48
     117.7      25.84
     119.7       25.5
     121.7      25.54
     123.7      26.18
     125.7      26.23
     127.7      26.21
     129.7      26.25
     131.7      26.37
     133.7      26.62
     135.8      26.54
     137.8      26.46
     139.8      26.18
     141.8      25.97
     143.8      26.16
     145.8      26.11
     147.8      26.28
     149.8       26.7
     151.8         27
     153.9      26.93
     155.9      27.13
     157.9      27.59
     159.9      29.43
     161.9      29.69
     163.9      28.36
     165.9      28.18
     167.9      30.08
       170      29.72
       172      27.79
       174      27.51
       176      27.08
       178      27.12
       180      27.86
       182      27.65
       184      27.72
       186      27.08
     188.1      27.45
     190.1      27.35
     192.1      28.22
     194.1      28.21
     196.1      26.77
     198.1      26.84
     200.1      26.92
     202.1      27.01
     204.1      26.34
     206.2      26.92
     208.2       27.7
     210.2      27.49
     212.2      26.75
     214.2      26.93
     216.2      27.93
     218.2      27.29
     220.2      27.26
     222.2      27.99
     224.3      27.76
     226.3      27.52
     228.3      28.01
     230.3      28.07
     232.3      28.53
     234.3       29.2
     236.3      29.15
     238.3      30.02
     240.3      30.35
     242.4      28.78
     244.4      29.23
     246.4       28.5
     248.4      28.16
     250.4      28.07
     252.4      27.11
     254.4      27.76
     256.4      28.29
     258.4      28.64
     260.5      29.76
     262.5      32.07
     264.5      29.66
     266.5      28.54
     268.5      30.64
     270.5      29.62
     272.5      33.43
     274.5      35.52
     276.5      35.52
     278.6      32.24
     280.6      28.64
     282.6      28.35
     284.6      29.73
     286.6      32.11
     288.6      35.52
     290.6      35.52
     292.6      35.52
     294.6      35.52
     296.7      35.52
     298.7      35.52
     300.7      35.52
     302.7      35.52
     304.7      35.52
     306.7      35.52
     308.7      35.52
     310.7      35.52
     312.8      35.52
     314.8      35.52
     316.8      35.52
     318.8      35.52
     320.8      35.52
     322.8      35.52
     324.8      35.52
     326.8      35.52
     328.8      35.52
     330.9      35.52
     332.9      35.52
     334.9      35.52
     336.9      35.52
     338.9      35.52
     340.9      35.52
     342.9      35.52
     344.9      35.52
     346.9      35.52
       349      35.52
       351      35.52
