     3.016  1.516e+09
     5.026    3.9e+08
     7.036  1.767e+08
     9.047  1.186e+08
     11.06   9.25e+07
     13.07   7.62e+07
     15.08  5.536e+07
     17.09  4.062e+07
      19.1  2.477e+07
     21.11  2.295e+07
     23.12  1.591e+07
     25.13  1.229e+07
     27.14  1.194e+07
     29.15  8.022e+06
     31.16  6.585e+06
     33.17  6.339e+06
     35.18  5.303e+06
     37.19  3.061e+06
      39.2  3.051e+06
     41.21  3.587e+06
     43.22  3.253e+06
     45.23  1.866e+06
     47.24  2.213e+06
     49.25  2.276e+06
     51.26  1.283e+06
     53.27  1.952e+06
     55.29  1.575e+06
      57.3  1.138e+06
     59.31  7.355e+05
     61.32  5.749e+05
     63.33  4.455e+05
     65.34  4.048e+05
     67.35  3.432e+05
     69.36  2.254e+05
     71.37   1.35e+05
     73.38  5.225e+04
     75.39  4.246e+05
      77.4  8.493e+04
     79.41  1.353e+05
     81.42  3.664e+05
     83.43  2.384e+05
     85.44    1.2e+05
     87.45   1.07e+05
     89.46  2.193e+05
     91.47  2.726e+05
     93.48  1.321e+05
     95.49  6.614e+04
      97.5  1.994e+05
     99.51  1.536e+05
     101.5  1.824e+05
     103.5  2.142e+05
     105.5  1.495e+05
     107.6  2.052e+05
     109.6  1.116e+05
     111.6  2.514e+05
     113.6  1.361e+05
     115.6  2.759e+05
     117.6  1.588e+05
     119.6  2.133e+05
     121.6  1.517e+05
     123.6  3.373e+05
     125.6  2.538e+05
     127.7  3.426e+05
     129.7  2.178e+05
     131.7  2.621e+05
     133.7  2.207e+04
     135.7  2.421e+04
     137.7  1.128e+05
     139.7  8.819e+04
     141.7  6.481e+04
     143.7  4.222e+04
     145.8  1.259e+05
     147.8  4.167e+04
     149.8          0
     151.8  2.116e+04
     153.8  6.048e+04
     155.8  1.937e+04
     157.8  1.935e+04
     159.8          0
     161.8          0
     163.8          0
     165.9  5.423e+04
     167.9          0
     169.9          0
     171.9          0
     173.9   1.79e+04
     175.9  3.531e+04
     177.9  1.681e+04
     179.9          0
     181.9  3.332e+04
     183.9  1.726e+04
       186  1.608e+04
       188          0
       190          0
       192          0
       194          0
       196  1.529e+04
       198  1.528e+04
       200          0
       202          0
     204.1          0
     206.1          0
     208.1  1.421e+04
     210.1          0
     212.1          0
     214.1          0
     216.1          0
     218.1          0
     220.1          0
     222.1          0
     224.2          0
     226.2          0
     228.2          0
     230.2          0
     232.2          0
     234.2          0
     236.2          0
     238.2          0
     240.2          0
     242.2          0
     244.3          0
     246.3          0
     248.3          0
     250.3          0
     252.3          0
     254.3          0
     256.3  1.189e+04
     258.3          0
     260.3          0
     262.4          0
     264.4  1.125e+04
     266.4          0
     268.4          0
     270.4          0
     272.4          0
     274.4          0
     276.4  1.093e+04
     278.4          0
     280.4          0
     282.5          0
     284.5          0
     286.5          0
     288.5          0
     290.5          0
     292.5          0
     294.5          0
     296.5          0
     298.5          0
     300.6          0
     302.6          0
     304.6          0
     306.6          0
     308.6          0
     310.6          0
     312.6          0
     314.6          0
     316.6          0
     318.6          0
     320.7          0
     322.7          0
     324.7          0
     326.7          0
     328.7          0
     330.7          0
     332.7          0
     334.7          0
     336.7          0
     338.7          0
     340.8          0
     342.8          0
     344.8          0
     346.8          0
     348.8          0
     350.8          0
