     1.005  4.564e-16
     3.016  9.659e-17
     5.026  2.969e-17
     7.036  1.529e-17
     9.047  1.138e-17
     11.06  9.117e-18
     13.07  7.264e-18
     15.08  4.934e-18
     17.09  3.461e-18
      19.1  2.666e-18
     21.11  2.202e-18
     23.12  1.629e-18
     25.13   1.47e-18
     27.14  1.215e-18
     29.15  1.006e-18
     31.16  7.376e-19
     33.17  5.689e-19
     35.18  5.121e-19
     37.19  4.108e-19
      39.2  4.316e-19
     41.21  4.267e-19
     43.22  2.887e-19
     45.23  2.549e-19
     47.24  2.977e-19
     49.25  2.703e-19
     51.26  2.211e-19
     53.27  2.142e-19
     55.29  1.921e-19
      57.3  1.406e-19
     59.31  1.118e-19
     61.32  7.583e-20
     63.33  6.059e-20
     65.34  6.524e-20
     67.35  3.807e-20
     69.36  2.803e-20
     71.37  2.539e-20
     73.38  5.661e-20
     75.39  4.667e-20
      77.4  3.382e-20
     79.41  5.297e-20
     81.42  5.435e-20
     83.43  4.003e-20
     85.44  1.952e-20
     87.45  2.689e-20
     89.46  5.787e-20
     91.47  4.739e-20
     93.48  1.889e-20
     95.49  1.392e-20
      97.5  2.461e-20
     99.51  3.433e-20
     101.5  2.666e-20
     103.5  4.015e-20
     105.5  2.515e-20
     107.6   3.09e-20
     109.6  4.488e-20
     111.6  3.943e-20
     113.6  5.292e-20
     115.6  3.888e-20
     117.6  4.042e-20
     119.6  3.912e-20
     121.6  5.433e-20
     123.6  6.951e-20
     125.6  5.912e-20
     127.7  6.353e-20
     129.7  4.842e-20
     131.7  2.313e-20
     133.7   7.94e-21
     135.7  1.389e-20
     137.7  1.911e-20
     139.7  1.475e-20
     141.7  7.932e-21
     143.7  1.599e-20
     145.8  1.113e-20
     147.8  4.345e-21
     149.8  2.592e-21
     151.8  7.204e-21
     153.8  6.428e-21
     155.8  3.436e-21
     157.8  1.833e-21
     159.8   1.76e-22
     161.8  1.167e-22
     163.8  2.572e-21
     165.9  4.411e-21
     167.9  2.076e-22
     169.9  2.336e-22
     171.9  2.291e-21
     173.9  3.971e-21
     175.9  4.223e-21
     177.9  2.383e-21
     179.9  3.092e-21
     181.9  4.819e-21
     183.9  2.982e-21
       186  3.412e-22
       188  1.984e-23
       190      1e-23
       192  1.664e-22
       194  1.443e-21
       196  1.009e-21
       198  1.625e-21
       200   4.12e-22
       202  9.984e-24
     204.1  2.199e-22
     206.1  7.486e-22
     208.1  7.281e-22
     210.1  1.089e-22
     212.1      1e-23
     214.1      1e-23
     216.1      1e-23
     218.1      1e-23
     220.1      1e-23
     222.1      1e-23
     224.2      1e-23
     226.2      1e-23
     228.2      1e-23
     230.2      1e-23
     232.2      1e-23
     234.2      1e-23
     236.2      1e-23
     238.2      1e-23
     240.2      1e-23
     242.2      1e-23
     244.3      1e-23
     246.3      1e-23
     248.3      1e-23
     250.3      1e-23
     252.3  3.581e-22
     254.3  1.219e-21
     256.3  8.793e-22
     258.3  8.845e-23
     260.3  5.403e-23
     262.4  5.818e-22
     264.4  1.731e-21
     266.4  5.957e-23
     268.4      1e-23
     270.4      1e-23
     272.4  8.089e-23
     274.4   2.49e-21
     276.4  7.765e-22
     278.4  4.792e-23
     280.4      1e-23
     282.5      1e-23
     284.5      1e-23
     286.5      1e-23
     288.5      1e-23
     290.5      1e-23
     292.5      1e-23
     294.5      1e-23
     296.5      1e-23
     298.5      1e-23
     300.6      1e-23
     302.6      1e-23
     304.6      1e-23
     306.6      1e-23
     308.6      1e-23
     310.6      1e-23
     312.6      1e-23
     314.6      1e-23
     316.6      1e-23
     318.6      1e-23
     320.7      1e-23
     322.7      1e-23
     324.7      1e-23
     326.7      1e-23
     328.7      1e-23
     330.7      1e-23
     332.7      1e-23
     334.7      1e-23
     336.7      1e-23
     338.7      1e-23
     340.8      1e-23
     342.8      1e-23
     344.8      1e-23
     346.8      1e-23
     348.8      1e-23
     350.8      1e-23
