     1.005  2.578e+10
     3.016  8.353e+10
     5.026  1.083e+11
     7.036   1.24e+11
     9.047  1.375e+11
     11.06  1.505e+11
     13.07   1.63e+11
     15.08  1.736e+11
     17.09  1.823e+11
      19.1  1.883e+11
     21.11  1.944e+11
     23.12  1.991e+11
     25.13   2.03e+11
     27.14  2.071e+11
     29.15    2.1e+11
     31.16  2.126e+11
     33.17  2.153e+11
     35.18  2.176e+11
     37.19  2.191e+11
      39.2  2.206e+11
     41.21  2.225e+11
     43.22  2.242e+11
     45.23  2.253e+11
     47.24  2.266e+11
     49.25   2.28e+11
     51.26  2.289e+11
     53.27  2.302e+11
     55.29  2.313e+11
      57.3  2.321e+11
     59.31  2.327e+11
     61.32  2.331e+11
     63.33  2.335e+11
     65.34  2.338e+11
     67.35  2.341e+11
     69.36  2.343e+11
     71.37  2.344e+11
     73.38  2.345e+11
     75.39  2.349e+11
      77.4  2.349e+11
     79.41  2.351e+11
     81.42  2.355e+11
     83.43  2.357e+11
     85.44  2.358e+11
     87.45   2.36e+11
     89.46  2.362e+11
     91.47  2.365e+11
     93.48  2.367e+11
     95.49  2.367e+11
      97.5   2.37e+11
     99.51  2.372e+11
     101.5  2.374e+11
     103.5  2.377e+11
     105.5  2.379e+11
     107.6  2.382e+11
     109.6  2.383e+11
     111.6  2.387e+11
     113.6  2.389e+11
     115.6  2.393e+11
     117.6  2.395e+11
     119.6  2.398e+11
     121.6  2.401e+11
     123.6  2.406e+11
     125.6   2.41e+11
     127.7  2.416e+11
     129.7  2.419e+11
     131.7  2.424e+11
     133.7  2.424e+11
     135.7  2.424e+11
     137.7  2.426e+11
     139.7  2.428e+11
     141.7  2.429e+11
     143.7   2.43e+11
     145.8  2.432e+11
     147.8  2.433e+11
     149.8  2.433e+11
     151.8  2.433e+11
     153.8  2.434e+11
     155.8  2.435e+11
     157.8  2.435e+11
     159.8  2.435e+11
     161.8  2.435e+11
     163.8  2.435e+11
     165.9  2.436e+11
     167.9  2.436e+11
     169.9  2.436e+11
     171.9  2.436e+11
     173.9  2.437e+11
     175.9  2.438e+11
     177.9  2.438e+11
     179.9  2.438e+11
     181.9  2.439e+11
     183.9  2.439e+11
       186  2.439e+11
       188  2.439e+11
       190  2.439e+11
       192  2.439e+11
       194  2.439e+11
       196   2.44e+11
       198   2.44e+11
       200   2.44e+11
       202   2.44e+11
     204.1   2.44e+11
     206.1   2.44e+11
     208.1  2.441e+11
     210.1  2.441e+11
     212.1  2.441e+11
     214.1  2.441e+11
     216.1  2.441e+11
     218.1  2.441e+11
     220.1  2.441e+11
     222.1  2.441e+11
     224.2  2.441e+11
     226.2  2.441e+11
     228.2  2.441e+11
     230.2  2.441e+11
     232.2  2.441e+11
     234.2  2.441e+11
     236.2  2.441e+11
     238.2  2.441e+11
     240.2  2.441e+11
     242.2  2.441e+11
     244.3  2.441e+11
     246.3  2.441e+11
     248.3  2.441e+11
     250.3  2.441e+11
     252.3  2.441e+11
     254.3  2.441e+11
     256.3  2.441e+11
     258.3  2.441e+11
     260.3  2.441e+11
     262.4  2.441e+11
     264.4  2.441e+11
     266.4  2.441e+11
     268.4  2.441e+11
     270.4  2.441e+11
     272.4  2.441e+11
     274.4  2.441e+11
     276.4  2.442e+11
     278.4  2.442e+11
     280.4  2.442e+11
     282.5  2.442e+11
     284.5  2.442e+11
     286.5  2.442e+11
     288.5  2.442e+11
     290.5  2.442e+11
     292.5  2.442e+11
     294.5  2.442e+11
     296.5  2.442e+11
     298.5  2.442e+11
     300.6  2.442e+11
     302.6  2.442e+11
     304.6  2.442e+11
     306.6  2.442e+11
     308.6  2.442e+11
     310.6  2.442e+11
     312.6  2.442e+11
     314.6  2.442e+11
     316.6  2.442e+11
     318.6  2.442e+11
     320.7  2.442e+11
     322.7  2.442e+11
     324.7  2.442e+11
     326.7  2.442e+11
     328.7  2.442e+11
     330.7  2.442e+11
     332.7  2.442e+11
     334.7  2.442e+11
     336.7  2.442e+11
     338.7  2.442e+11
     340.8  2.442e+11
     342.8  2.442e+11
     344.8  2.442e+11
     346.8  2.442e+11
     348.8  2.442e+11
     350.8  2.442e+11
