     1.005      16.37
     3.016      18.05
     5.026      19.33
     7.036      20.05
     9.047      20.38
     11.06      20.62
     13.07      20.86
     15.08      21.28
     17.09      21.67
      19.1      21.95
     21.11      22.16
     23.12      22.49
     25.13       22.6
     27.14       22.8
     29.15      23.01
     31.16      23.35
     33.17      23.63
     35.18      23.74
     37.19      23.98
      39.2      23.93
     41.21      23.94
     43.22      24.37
     45.23       24.5
     47.24      24.33
     49.25      24.44
     51.26      24.65
     53.27      24.69
     55.29      24.81
      57.3      25.15
     59.31       25.4
     61.32      25.82
     63.33      26.06
     65.34      25.98
     67.35      26.56
     69.36       26.9
     71.37         27
     73.38      26.13
     75.39      26.34
      77.4      26.69
     79.41      26.21
     81.42      26.18
     83.43      26.51
     85.44      27.29
     87.45      26.94
     89.46      26.11
     91.47      26.33
     93.48      27.33
     95.49      27.66
      97.5      27.04
     99.51      26.68
     101.5      26.95
     103.5      26.51
     105.5      27.01
     107.6      26.79
     109.6      26.39
     111.6      26.53
     113.6      26.21
     115.6      26.54
     117.6       26.5
     119.6      26.54
     121.6      26.18
     123.6      25.91
     125.6      26.09
     127.7      26.01
     129.7       26.3
     131.7      27.11
     133.7      28.27
     135.7      27.66
     137.7      27.31
     139.7      27.59
     141.7      28.27
     143.7      27.51
     145.8       27.9
     147.8      28.92
     149.8      29.48
     151.8      28.37
     153.8       28.5
     155.8      29.18
     157.8      29.86
     159.8       32.4
     161.8      32.85
     163.8      29.49
     165.9       28.9
     167.9      32.22
     169.9      32.09
     171.9      29.62
     173.9      29.02
     175.9      28.95
     177.9      29.57
     179.9      29.29
     181.9      28.81
     183.9      29.33
       186      31.68
       188      34.77
       190      35.52
       192      32.46
       194      30.12
       196      30.51
       198      29.99
       200      31.48
       202      35.52
     204.1      32.16
     206.1      30.83
     208.1      30.86
     210.1      32.92
     212.1      35.52
     214.1      35.52
     216.1      35.52
     218.1      35.52
     220.1      35.52
     222.1      35.52
     224.2      35.52
     226.2      35.52
     228.2      35.52
     230.2      35.52
     232.2      35.52
     234.2      35.52
     236.2      35.52
     238.2      35.52
     240.2      35.52
     242.2      35.52
     244.3      35.52
     246.3      35.52
     248.3      35.52
     250.3      35.52
     252.3      31.63
     254.3       30.3
     256.3      30.66
     258.3      33.15
     260.3      33.68
     262.4       31.1
     264.4      29.92
     266.4      33.58
     268.4      35.52
     270.4      35.52
     272.4      33.25
     274.4      29.53
     276.4      30.79
     278.4      33.81
     280.4      35.52
     282.5      35.52
     284.5      35.52
     286.5      35.52
     288.5      35.52
     290.5      35.52
     292.5      35.52
     294.5      35.52
     296.5      35.52
     298.5      35.52
     300.6      35.52
     302.6      35.52
     304.6      35.52
     306.6      35.52
     308.6      35.52
     310.6      35.52
     312.6      35.52
     314.6      35.52
     316.6      35.52
     318.6      35.52
     320.7      35.52
     322.7      35.52
     324.7      35.52
     326.7      35.52
     328.7      35.52
     330.7      35.52
     332.7      35.52
     334.7      35.52
     336.7      35.52
     338.7      35.52
     340.8      35.52
     342.8      35.52
     344.8      35.52
     346.8      35.52
     348.8      35.52
     350.8      35.52
