     18.83  4.663e-18
     26.49  3.871e-18
     34.15  2.006e-18
     41.81  1.705e-18
     49.48  1.014e-18
     57.14  8.222e-19
      64.8  6.545e-19
     72.46  5.826e-19
     80.12  5.187e-19
     87.78   3.76e-19
     95.44  2.993e-19
     103.1  2.625e-19
     110.8  2.207e-19
     118.4  2.055e-19
     126.1  1.708e-19
     133.8   1.49e-19
     141.4  1.269e-19
     149.1  9.616e-20
     156.7  9.024e-20
     164.4  8.138e-20
     172.1  7.456e-20
     179.7   6.37e-20
     187.4  6.125e-20
       195  5.267e-20
     202.7  5.477e-20
     210.4  4.992e-20
       218  4.471e-20
     225.7  3.597e-20
     233.3   3.61e-20
       241  3.121e-20
     248.7  3.529e-20
     256.3  2.745e-20
       264  2.563e-20
     271.7  2.555e-20
     279.3  2.183e-20
       287  2.475e-20
     294.6  1.511e-20
     302.3  1.826e-20
       310  2.495e-20
     317.6  1.937e-20
     325.3  9.654e-21
     332.9   9.43e-21
     340.6   6.77e-21
     348.3  1.916e-20
