     18.83      21.34
     26.49      21.55
     34.15      22.26
     41.81      22.44
     49.48         23
     57.14      23.23
      64.8      23.48
     72.46       23.6
     80.12      23.73
     87.78      24.08
     95.44      24.33
     103.1      24.47
     110.8      24.66
     118.4      24.73
     126.1      24.93
     133.8      25.08
     141.4      25.26
     149.1      25.56
     156.7      25.63
     164.4      25.74
     172.1      25.83
     179.7      26.01
     187.4      26.05
       195      26.21
     202.7      26.17
     210.4      26.27
       218      26.39
     225.7      26.63
     233.3      26.62
       241      26.78
     248.7      26.65
     256.3      26.92
       264      26.99
     271.7         27
     279.3      27.17
       287      27.03
     294.6      27.57
     302.3      27.36
       310      27.02
     317.6       27.3
     325.3      28.05
     332.9      28.08
     340.6      28.44
     348.3      27.31
