     3.016  9.509e+08
     5.026   3.41e+08
     7.037  1.585e+08
     9.047  6.778e+07
     11.06  4.394e+07
     13.07  4.293e+07
     15.08  2.921e+07
     17.09  3.333e+07
      19.1  2.464e+07
     21.11  2.126e+07
     23.12  1.553e+07
     25.13  1.157e+07
     27.14  1.079e+07
     29.15  1.261e+07
     31.16  1.201e+07
     33.17  1.162e+07
     35.18   9.36e+06
     37.19  7.925e+06
      39.2   5.12e+06
     41.22  3.183e+06
     43.23  2.235e+06
     45.24  2.214e+06
     47.25  3.107e+06
     49.26  1.413e+06
     51.27  1.169e+06
     53.28  4.604e+05
     55.29   3.36e+05
      57.3  3.885e+05
     59.31  1.624e+05
     61.32   9.92e+04
     63.33  1.005e+05
     65.34  9.492e+04
     67.35  1.811e+05
     69.36  3.538e+05
     71.37   2.17e+05
     73.38  1.645e+05
     75.39          0
      77.4   1.63e+05
     79.41          0
     81.42  1.491e+05
     83.44  7.614e+04
     85.45  6.989e+04
     87.46   6.89e+04
     89.47  3.318e+04
     91.48  6.503e+04
     93.49  1.449e+05
      95.5          0
     97.51  7.663e+04
     99.52  2.611e+05
     101.5  1.005e+05
     103.5  6.321e+04
     105.6  2.781e+04
     107.6  1.175e+05
     109.6  6.496e+04
     111.6  5.892e+04
     113.6    6.6e+04
     115.6   5.49e+04
     117.6  5.907e+04
     119.6   7.61e+04
     121.6          0
     123.6  2.545e+04
     125.7  2.438e+04
     127.7  7.251e+04
     129.7  2.809e+04
     131.7  7.051e+04
     133.7  2.421e+04
     135.7  4.858e+04
     137.7  6.768e+04
     139.7   4.67e+04
     141.7  6.494e+04
     143.8  1.508e+05
     145.8  6.252e+04
     147.8  6.004e+04
     149.8  1.023e+05
     151.8  1.407e+05
     153.8  6.163e+04
     155.8  6.138e+04
     157.8  1.884e+04
     159.8          0
     161.8  3.687e+04
     163.9          0
     165.9          0
     167.9  1.869e+04
     169.9          0
     171.9          0
     173.9          0
     175.9          0
     177.9          0
     179.9  1.645e+04
     181.9          0
       184          0
       186          0
       188          0
       190          0
       192          0
       194          0
       196          0
       198          0
       200          0
     202.1          0
     204.1          0
     206.1          0
     208.1          0
     210.1          0
     212.1          0
     214.1  1.567e+04
     216.1          0
     218.1          0
     220.1          0
     222.2          0
     224.2          0
     226.2          0
     228.2          0
     230.2          0
     232.2          0
     234.2          0
     236.2          0
     238.2          0
     240.3          0
     242.3          0
     244.3          0
     246.3  1.198e+04
     248.3          0
     250.3          0
     252.3          0
     254.3          0
     256.3          0
     258.3          0
     260.4          0
     262.4          0
     264.4          0
     266.4          0
     268.4          0
     270.4          0
     272.4          0
     274.4          0
     276.4          0
     278.5          0
     280.5          0
     282.5          0
     284.5          0
     286.5          0
     288.5          0
     290.5          0
     292.5          0
     294.5          0
     296.5          0
     298.6          0
     300.6          0
     302.6          0
     304.6          0
     306.6          0
     308.6          0
     310.6          0
     312.6          0
     314.6          0
     316.7          0
     318.7          0
     320.7          0
     322.7          0
     324.7          0
     326.7          0
     328.7          0
     330.7          0
     332.7          0
     334.7          0
     336.8          0
     338.8          0
     340.8          0
     342.8          0
     344.8          0
     346.8          0
