     1.005  8.108e-16
     3.016  7.051e-17
     5.026  2.933e-17
     7.037  1.458e-17
     9.047  8.858e-18
     11.06  6.319e-18
     13.07  5.524e-18
     15.08  5.278e-18
     17.09  6.093e-18
      19.1  3.843e-18
     21.11  2.724e-18
     23.12  2.316e-18
     25.13  1.908e-18
     27.14  1.838e-18
     29.15  2.097e-18
     31.16  2.373e-18
     33.17  1.838e-18
     35.18  1.893e-18
     37.19  1.386e-18
      39.2  1.013e-18
     41.22  6.119e-19
     43.23  4.676e-19
     45.24  4.276e-19
     47.25  4.641e-19
     49.26  2.732e-19
     51.27  1.522e-19
     53.28  8.137e-20
     55.29  6.546e-20
      57.3  7.357e-20
     59.31  2.879e-20
     61.32  2.681e-20
     63.33  1.887e-20
     65.34  2.701e-20
     67.35   4.41e-20
     69.36  3.608e-20
     71.37  3.366e-20
     73.38  1.446e-20
     75.39  1.359e-20
      77.4   6.74e-21
     79.41  8.934e-21
     81.42  1.457e-20
     83.44  1.277e-20
     85.45  1.503e-20
     87.46   5.91e-21
     89.47  4.757e-21
     91.48   1.41e-20
     93.49  1.092e-20
      95.5  8.578e-21
     97.51  4.624e-20
     99.52  5.763e-20
     101.5  2.849e-20
     103.5  7.288e-21
     105.6  7.802e-21
     107.6   2.85e-20
     109.6  2.773e-20
     111.6  2.382e-20
     113.6  1.575e-20
     115.6  2.484e-20
     117.6  1.648e-20
     119.6  9.167e-21
     121.6  4.183e-21
     123.6  4.693e-21
     125.7  1.032e-20
     127.7  7.528e-21
     129.7  1.782e-20
     131.7  8.089e-21
     133.7  3.221e-21
     135.7  1.194e-20
     137.7  1.015e-20
     139.7  8.374e-21
     141.7  1.529e-20
     143.8  1.407e-20
     145.8  9.385e-21
     147.8  8.527e-21
     149.8  1.521e-20
     151.8  1.614e-20
     153.8  1.524e-20
     155.8  3.806e-21
     157.8  2.015e-21
     159.8  2.144e-21
     161.8  2.508e-21
     163.9  4.081e-22
     165.9  2.421e-21
     167.9  1.143e-21
     169.9  2.761e-23
     171.9      1e-23
     173.9      1e-23
     175.9  1.046e-23
     177.9  2.373e-22
     179.9  1.315e-21
     181.9  3.632e-22
       184      1e-23
       186      1e-23
       188      1e-23
       190      1e-23
       192      1e-23
       194      1e-23
       196      1e-23
       198      1e-23
       200      1e-23
     202.1      1e-23
     204.1      1e-23
     206.1      1e-23
     208.1  1.014e-23
     210.1  2.288e-22
     212.1   3.05e-21
     214.1  4.942e-22
     216.1  1.659e-23
     218.1      1e-23
     220.1      1e-23
     222.2      1e-23
     224.2      1e-23
     226.2      1e-23
     228.2      1e-23
     230.2      1e-23
     232.2      1e-23
     234.2      1e-23
     236.2      1e-23
     238.2      1e-23
     240.3      1e-23
     242.3   4.51e-23
     244.3  7.245e-22
     246.3  5.619e-22
     248.3      1e-23
     250.3      1e-23
     252.3      1e-23
     254.3      1e-23
     256.3      1e-23
     258.3      1e-23
     260.4      1e-23
     262.4      1e-23
     264.4      1e-23
     266.4      1e-23
     268.4      1e-23
     270.4      1e-23
     272.4      1e-23
     274.4      1e-23
     276.4      1e-23
     278.5      1e-23
     280.5      1e-23
     282.5      1e-23
     284.5      1e-23
     286.5      1e-23
     288.5      1e-23
     290.5      1e-23
     292.5      1e-23
     294.5      1e-23
     296.5      1e-23
     298.6      1e-23
     300.6      1e-23
     302.6      1e-23
     304.6      1e-23
     306.6      1e-23
     308.6      1e-23
     310.6      1e-23
     312.6      1e-23
     314.6      1e-23
     316.7      1e-23
     318.7      1e-23
     320.7      1e-23
     322.7      1e-23
     324.7      1e-23
     326.7      1e-23
     328.7      1e-23
     330.7      1e-23
     332.7      1e-23
     334.7      1e-23
     336.8      1e-23
     338.8      1e-23
     340.8      1e-23
     342.8      1e-23
     344.8      1e-23
     346.8      1e-23
