     1.005  1.748e+10
     3.016   5.37e+10
     5.026  7.535e+10
     7.037  8.944e+10
     9.047  9.719e+10
     11.06  1.033e+11
     13.07  1.104e+11
     15.08   1.16e+11
     17.09  1.232e+11
      19.1  1.291e+11
     21.11  1.348e+11
     23.12  1.393e+11
     25.13   1.43e+11
     27.14  1.467e+11
     29.15  1.513e+11
     31.16  1.561e+11
     33.17  1.609e+11
     35.18  1.651e+11
     37.19  1.688e+11
      39.2  1.713e+11
     41.22   1.73e+11
     43.23  1.742e+11
     45.24  1.755e+11
     47.25  1.773e+11
     49.26  1.782e+11
     51.27   1.79e+11
     53.28  1.793e+11
     55.29  1.795e+11
      57.3  1.798e+11
     59.31  1.799e+11
     61.32    1.8e+11
     63.33  1.801e+11
     65.34  1.802e+11
     67.35  1.803e+11
     69.36  1.806e+11
     71.37  1.808e+11
     73.38   1.81e+11
     75.39   1.81e+11
      77.4  1.811e+11
     79.41  1.811e+11
     81.42  1.813e+11
     83.44  1.814e+11
     85.45  1.814e+11
     87.46  1.815e+11
     89.47  1.816e+11
     91.48  1.816e+11
     93.49  1.818e+11
      95.5  1.818e+11
     97.51  1.819e+11
     99.52  1.822e+11
     101.5  1.824e+11
     103.5  1.824e+11
     105.6  1.825e+11
     107.6  1.826e+11
     109.6  1.827e+11
     111.6  1.828e+11
     113.6  1.829e+11
     115.6   1.83e+11
     117.6  1.831e+11
     119.6  1.832e+11
     121.6  1.832e+11
     123.6  1.832e+11
     125.7  1.833e+11
     127.7  1.834e+11
     129.7  1.834e+11
     131.7  1.835e+11
     133.7  1.836e+11
     135.7  1.837e+11
     137.7  1.838e+11
     139.7  1.839e+11
     141.7   1.84e+11
     143.8  1.843e+11
     145.8  1.844e+11
     147.8  1.845e+11
     149.8  1.847e+11
     151.8   1.85e+11
     153.8  1.851e+11
     155.8  1.852e+11
     157.8  1.852e+11
     159.8  1.852e+11
     161.8  1.853e+11
     163.9  1.853e+11
     165.9  1.853e+11
     167.9  1.853e+11
     169.9  1.853e+11
     171.9  1.853e+11
     173.9  1.853e+11
     175.9  1.853e+11
     177.9  1.853e+11
     179.9  1.854e+11
     181.9  1.854e+11
       184  1.854e+11
       186  1.854e+11
       188  1.854e+11
       190  1.854e+11
       192  1.854e+11
       194  1.854e+11
       196  1.854e+11
       198  1.854e+11
       200  1.854e+11
     202.1  1.854e+11
     204.1  1.854e+11
     206.1  1.854e+11
     208.1  1.854e+11
     210.1  1.854e+11
     212.1  1.854e+11
     214.1  1.854e+11
     216.1  1.854e+11
     218.1  1.854e+11
     220.1  1.854e+11
     222.2  1.854e+11
     224.2  1.854e+11
     226.2  1.854e+11
     228.2  1.854e+11
     230.2  1.854e+11
     232.2  1.854e+11
     234.2  1.854e+11
     236.2  1.854e+11
     238.2  1.854e+11
     240.3  1.854e+11
     242.3  1.854e+11
     244.3  1.854e+11
     246.3  1.855e+11
     248.3  1.855e+11
     250.3  1.855e+11
     252.3  1.855e+11
     254.3  1.855e+11
     256.3  1.855e+11
     258.3  1.855e+11
     260.4  1.855e+11
     262.4  1.855e+11
     264.4  1.855e+11
     266.4  1.855e+11
     268.4  1.855e+11
     270.4  1.855e+11
     272.4  1.855e+11
     274.4  1.855e+11
     276.4  1.855e+11
     278.5  1.855e+11
     280.5  1.855e+11
     282.5  1.855e+11
     284.5  1.855e+11
     286.5  1.855e+11
     288.5  1.855e+11
     290.5  1.855e+11
     292.5  1.855e+11
     294.5  1.855e+11
     296.5  1.855e+11
     298.6  1.855e+11
     300.6  1.855e+11
     302.6  1.855e+11
     304.6  1.855e+11
     306.6  1.855e+11
     308.6  1.855e+11
     310.6  1.855e+11
     312.6  1.855e+11
     314.6  1.855e+11
     316.7  1.855e+11
     318.7  1.855e+11
     320.7  1.855e+11
     322.7  1.855e+11
     324.7  1.855e+11
     326.7  1.855e+11
     328.7  1.855e+11
     330.7  1.855e+11
     332.7  1.855e+11
     334.7  1.855e+11
     336.8  1.855e+11
     338.8  1.855e+11
     340.8  1.855e+11
     342.8  1.855e+11
     344.8  1.855e+11
     346.8  1.855e+11
