     1.005      15.74
     3.016       18.4
     5.026      19.35
     7.037      20.11
     9.047      20.65
     11.06      21.01
     13.07      21.16
     15.08      21.21
     17.09      21.05
      19.1      21.55
     21.11      21.93
     23.12       22.1
     25.13      22.31
     27.14      22.36
     29.15      22.21
     31.16      22.08
     33.17      22.36
     35.18      22.32
     37.19      22.66
      39.2         23
     41.22      23.55
     43.23      23.84
     45.24      23.94
     47.25      23.85
     49.26      24.43
     51.27      25.06
     53.28      25.74
     55.29      25.98
      57.3      25.85
     59.31      26.87
     61.32      26.95
     63.33      27.33
     65.34      26.94
     67.35      26.41
     69.36      26.62
     71.37       26.7
     73.38      27.62
     75.39      27.68
      77.4      28.44
     79.41      28.14
     81.42      27.61
     83.44      27.75
     85.45      27.57
     87.46      28.59
     89.47      28.82
     91.48      27.64
     93.49      27.92
      95.5      28.18
     97.51      26.35
     99.52      26.11
     101.5      26.88
     103.5      28.36
     105.6      28.29
     107.6      26.88
     109.6      26.91
     111.6      27.07
     113.6      27.52
     115.6      27.03
     117.6      27.47
     119.6      28.11
     121.6      28.96
     123.6      28.84
     125.7      27.98
     127.7      28.32
     129.7      27.39
     131.7      28.25
     133.7      29.25
     135.7      27.82
     137.7         28
     139.7      28.21
     141.7      27.56
     143.8      27.65
     145.8      28.09
     147.8      28.19
     149.8      27.56
     151.8       27.5
     153.8      27.56
     155.8      29.06
     157.8      29.76
     159.8      29.69
     161.8      29.52
     163.9      31.49
     165.9      29.56
     167.9      30.37
     169.9      34.41
     171.9      35.52
     173.9      35.52
     175.9      35.47
     177.9      32.08
     179.9      30.22
     181.9      31.62
       184      35.52
       186      35.52
       188      35.52
       190      35.52
       192      35.52
       194      35.52
       196      35.52
       198      35.52
       200      35.52
     202.1      35.52
     204.1      35.52
     206.1      35.52
     208.1       35.5
     210.1      32.12
     212.1      29.31
     214.1      31.28
     216.1      34.97
     218.1      35.52
     220.1      35.52
     222.2      35.52
     224.2      35.52
     226.2      35.52
     228.2      35.52
     230.2      35.52
     232.2      35.52
     234.2      35.52
     236.2      35.52
     238.2      35.52
     240.3      35.52
     242.3      33.88
     244.3      30.87
     246.3      31.14
     248.3      35.52
     250.3      35.52
     252.3      35.52
     254.3      35.52
     256.3      35.52
     258.3      35.52
     260.4      35.52
     262.4      35.52
     264.4      35.52
     266.4      35.52
     268.4      35.52
     270.4      35.52
     272.4      35.52
     274.4      35.52
     276.4      35.52
     278.5      35.52
     280.5      35.52
     282.5      35.52
     284.5      35.52
     286.5      35.52
     288.5      35.52
     290.5      35.52
     292.5      35.52
     294.5      35.52
     296.5      35.52
     298.6      35.52
     300.6      35.52
     302.6      35.52
     304.6      35.52
     306.6      35.52
     308.6      35.52
     310.6      35.52
     312.6      35.52
     314.6      35.52
     316.7      35.52
     318.7      35.52
     320.7      35.52
     322.7      35.52
     324.7      35.52
     326.7      35.52
     328.7      35.52
     330.7      35.52
     332.7      35.52
     334.7      35.52
     336.8      35.52
     338.8      35.52
     340.8      35.52
     342.8      35.52
     344.8      35.52
     346.8      35.52
