     3.001  5.227e+08
     5.001  5.313e+08
     7.002  4.484e+08
     9.002  3.855e+08
        11  3.112e+08
        13  2.668e+08
        15  2.309e+08
        17  1.933e+08
     19.01  1.765e+08
     21.01  1.532e+08
     23.01   1.35e+08
     25.01  1.137e+08
     27.01  1.012e+08
     29.01   9.76e+07
     31.01  8.798e+07
     33.01  7.847e+07
     35.01  7.571e+07
     37.01  6.577e+07
     39.01  6.153e+07
     41.01  5.985e+07
     43.01  5.415e+07
     45.01  4.931e+07
     47.01  4.475e+07
     49.01  4.223e+07
     51.01  3.807e+07
     53.01  3.641e+07
     55.02  3.587e+07
     57.02  3.338e+07
     59.02  3.079e+07
     61.02  2.976e+07
     63.02  2.881e+07
     65.02  2.645e+07
     67.02  2.556e+07
     69.02  2.495e+07
     71.02  2.178e+07
     73.02  2.043e+07
     75.02  2.061e+07
     77.02  1.897e+07
     79.02  1.905e+07
     81.02  1.676e+07
     83.02  1.696e+07
     85.02  1.681e+07
     87.02  1.554e+07
     89.02  1.457e+07
     91.03  1.416e+07
     93.03  1.492e+07
     95.03  1.344e+07
     97.03  1.443e+07
     99.03  1.363e+07
       101  1.285e+07
       103  1.263e+07
       105  1.268e+07
       107   1.13e+07
       109  1.111e+07
       111  1.075e+07
       113  1.084e+07
       115  1.035e+07
       117  1.023e+07
       119  9.685e+06
       121  9.869e+06
       123  9.244e+06
       125  9.337e+06
       127  8.993e+06
       129  9.007e+06
       131  8.421e+06
       133  8.056e+06
       135  7.767e+06
       137  7.722e+06
       139  7.254e+06
       141  6.871e+06
       143  6.905e+06
       145   6.57e+06
       147   5.97e+06
       149  5.834e+06
       151  5.855e+06
       153  5.444e+06
       155  5.408e+06
       157  5.184e+06
       159   4.93e+06
       161  5.228e+06
       163  4.944e+06
       165  4.676e+06
       167  4.669e+06
       169  4.381e+06
       171  4.518e+06
       173  4.281e+06
       175  4.539e+06
       177  4.199e+06
       179  4.156e+06
       181  4.279e+06
     183.1  3.939e+06
     185.1  3.766e+06
     187.1  3.745e+06
     189.1  3.512e+06
     191.1  3.414e+06
     193.1  3.508e+06
     195.1  3.301e+06
     197.1  3.103e+06
     199.1  3.196e+06
     201.1  2.914e+06
     203.1  3.137e+06
     205.1   3.05e+06
     207.1  3.059e+06
     209.1  2.977e+06
     211.1  2.813e+06
     213.1  2.714e+06
     215.1  2.702e+06
     217.1  2.708e+06
     219.1  2.494e+06
     221.1  2.799e+06
     223.1  2.663e+06
     225.1  2.435e+06
     227.1  2.469e+06
     229.1  2.411e+06
     231.1  2.275e+06
     233.1  2.041e+06
     235.1  2.211e+06
     237.1  2.122e+06
     239.1  2.018e+06
     241.1   2.03e+06
     243.1  1.966e+06
     245.1  2.001e+06
     247.1   1.87e+06
     249.1   1.69e+06
     251.1  1.751e+06
     253.1  1.516e+06
     255.1  1.549e+06
     257.1  1.423e+06
     259.1  1.331e+06
     261.1  1.307e+06
     263.1  1.263e+06
     265.1  1.311e+06
     267.1  1.048e+06
     269.1  7.769e+05
     271.1  8.189e+05
     273.1  7.996e+05
     275.1  7.102e+05
     277.1   9.05e+05
     279.1  7.521e+05
     281.1  7.912e+05
     283.1  5.557e+05
     285.1  4.587e+05
     287.1  4.691e+05
     289.1  3.977e+05
     291.1  4.537e+05
     293.1  3.994e+05
     295.1  3.842e+05
     297.1  3.262e+05
     299.1   2.72e+05
     301.1  2.232e+05
     303.1  3.099e+05
     305.1  2.702e+05
     307.1  2.492e+05
     309.1  2.385e+05
     311.1  1.907e+05
     313.1  1.647e+05
     315.1  1.599e+05
     317.1  1.378e+05
     319.1  9.247e+04
     321.1   1.37e+05
     323.1  1.055e+05
     325.1  9.034e+04
     327.1  7.524e+04
     329.1  9.915e+04
     331.1  8.813e+04
     333.1  6.669e+04
     335.1  4.757e+04
     337.1  4.874e+04
     339.1  3.971e+04
     341.1  2.431e+04
     343.1   4.72e+04
     345.1  4.785e+04
     347.1  1.464e+04
     349.1  1.177e+04
     351.1  1.102e+04
