         1  9.802e-18
     3.001  9.218e-18
     5.001  7.261e-18
     7.002  5.956e-18
     9.002   5.13e-18
        11  4.629e-18
        13  4.046e-18
        15  3.377e-18
        17  3.273e-18
     19.01   2.95e-18
     21.01  2.667e-18
     23.01  2.086e-18
     25.01  1.986e-18
     27.01  1.728e-18
     29.01    1.9e-18
     31.01  1.615e-18
     33.01  1.597e-18
     35.01  1.697e-18
     37.01  1.384e-18
     39.01  1.215e-18
     41.01  1.144e-18
     43.01  9.863e-19
     45.01  8.378e-19
     47.01  8.051e-19
     49.01  7.617e-19
     51.01  7.531e-19
     53.01  6.824e-19
     55.02  6.598e-19
     57.02  5.563e-19
     59.02  5.059e-19
     61.02  4.679e-19
     63.02  4.761e-19
     65.02  5.738e-19
     67.02  4.831e-19
     69.02  3.892e-19
     71.02  3.391e-19
     73.02  3.294e-19
     75.02  3.234e-19
     77.02  3.065e-19
     79.02  2.951e-19
     81.02  3.012e-19
     83.02  2.849e-19
     85.02  2.715e-19
     87.02  2.576e-19
     89.02  2.493e-19
     91.03  2.411e-19
     93.03  2.339e-19
     95.03  2.054e-19
     97.03  2.133e-19
     99.03  2.169e-19
       101  2.086e-19
       103  2.137e-19
       105  2.059e-19
       107  1.901e-19
       109  1.805e-19
       111  1.775e-19
       113  1.753e-19
       115  1.691e-19
       117  1.769e-19
       119  1.707e-19
       121  1.765e-19
       123  1.969e-19
       125  1.659e-19
       127  1.494e-19
       129  1.451e-19
       131  1.349e-19
       133   1.32e-19
       135  1.242e-19
       137   1.21e-19
       139  1.152e-19
       141   1.11e-19
       143  1.019e-19
       145  9.919e-20
       147  9.933e-20
       149  9.761e-20
       151  8.914e-20
       153  8.426e-20
       155   8.36e-20
       157  8.677e-20
       159  8.653e-20
       161  8.215e-20
       163  7.749e-20
       165  7.637e-20
       167  6.833e-20
       169  6.893e-20
       171   6.94e-20
       173  7.488e-20
       175  7.494e-20
       177  6.681e-20
       179  6.396e-20
       181  6.364e-20
     183.1  6.303e-20
     185.1  6.113e-20
     187.1  5.833e-20
     189.1  5.624e-20
     191.1  5.745e-20
     193.1  5.332e-20
     195.1   5.16e-20
     197.1  5.489e-20
     199.1  4.806e-20
     201.1  4.911e-20
     203.1  5.175e-20
     205.1  5.061e-20
     207.1  5.006e-20
     209.1  5.258e-20
     211.1  5.984e-20
     213.1  7.308e-20
     215.1  5.924e-20
     217.1  4.208e-20
     219.1  4.122e-20
     221.1  4.307e-20
     223.1   4.09e-20
     225.1  3.732e-20
     227.1  3.612e-20
     229.1  3.767e-20
     231.1    3.3e-20
     233.1  3.161e-20
     235.1  3.044e-20
     237.1  3.066e-20
     239.1  3.077e-20
     241.1    3.1e-20
     243.1  2.989e-20
     245.1  2.834e-20
     247.1  2.704e-20
     249.1  2.716e-20
     251.1  3.019e-20
     253.1  3.092e-20
     255.1  3.019e-20
     257.1  2.986e-20
     259.1  3.009e-20
     261.1  3.162e-20
     263.1  3.184e-20
     265.1  3.155e-20
     267.1  2.421e-20
     269.1  2.359e-20
     271.1  2.336e-20
     273.1  2.261e-20
     275.1  2.551e-20
     277.1  2.701e-20
     279.1  2.451e-20
     281.1  2.115e-20
     283.1  2.114e-20
     285.1  2.022e-20
     287.1  1.928e-20
     289.1  1.731e-20
     291.1  2.074e-20
     293.1  2.045e-20
     295.1  1.836e-20
     297.1  1.789e-20
     299.1  1.467e-20
     301.1   1.84e-20
     303.1  2.083e-20
     305.1  1.971e-20
     307.1  1.566e-20
     309.1  1.584e-20
     311.1  1.392e-20
     313.1  1.588e-20
     315.1  1.678e-20
     317.1  1.189e-20
     319.1  1.382e-20
     321.1  1.303e-20
     323.1  1.082e-20
     325.1  9.876e-21
     327.1   1.64e-20
     329.1  1.533e-20
     331.1  1.712e-20
     333.1  9.831e-21
     335.1   8.53e-21
     337.1  1.028e-20
     339.1  1.482e-20
     341.1  1.414e-20
     343.1  2.013e-20
     345.1  1.998e-20
     347.1   9.62e-21
     349.1  1.244e-20
     351.1  5.318e-21
