         1  8.424e+09
     3.001  2.814e+10
     5.001  6.154e+10
     7.002   1.01e+11
     9.002  1.446e+11
        11  1.877e+11
        13  2.313e+11
        15  2.748e+11
        17  3.161e+11
     19.01  3.583e+11
     21.01  3.988e+11
     23.01  4.378e+11
     25.01  4.736e+11
     27.01  5.079e+11
     29.01  5.435e+11
     31.01  5.778e+11
     33.01  6.104e+11
     35.01  6.437e+11
     37.01  6.743e+11
     39.01  7.044e+11
     41.01  7.353e+11
     43.01  7.646e+11
     45.01  7.925e+11
     47.01  8.189e+11
     49.01  8.449e+11
     51.01  8.693e+11
     53.01  8.936e+11
     55.02  9.184e+11
     57.02  9.423e+11
     59.02  9.652e+11
     61.02   9.88e+11
     63.02  1.011e+12
     65.02  1.032e+12
     67.02  1.054e+12
     69.02  1.076e+12
     71.02  1.095e+12
     73.02  1.114e+12
     75.02  1.133e+12
     77.02  1.152e+12
     79.02  1.171e+12
     81.02  1.188e+12
     83.02  1.205e+12
     85.02  1.223e+12
     87.02   1.24e+12
     89.02  1.257e+12
     91.03  1.273e+12
     93.03   1.29e+12
     95.03  1.306e+12
     97.03  1.324e+12
     99.03  1.341e+12
       101  1.357e+12
       103  1.374e+12
       105   1.39e+12
       107  1.405e+12
       109  1.421e+12
       111  1.436e+12
       113  1.451e+12
       115  1.466e+12
       117  1.481e+12
       119  1.496e+12
       121  1.511e+12
       123  1.525e+12
       125   1.54e+12
       127  1.554e+12
       129  1.569e+12
       131  1.582e+12
       133  1.596e+12
       135  1.609e+12
       137  1.622e+12
       139  1.635e+12
       141  1.647e+12
       143   1.66e+12
       145  1.672e+12
       147  1.683e+12
       149  1.694e+12
       151  1.705e+12
       153  1.715e+12
       155  1.726e+12
       157  1.736e+12
       159  1.746e+12
       161  1.756e+12
       163  1.766e+12
       165  1.776e+12
       167  1.786e+12
       169  1.795e+12
       171  1.805e+12
       173  1.814e+12
       175  1.824e+12
       177  1.834e+12
       179  1.843e+12
       181  1.853e+12
     183.1  1.862e+12
     185.1  1.871e+12
     187.1  1.879e+12
     189.1  1.888e+12
     191.1  1.896e+12
     193.1  1.904e+12
     195.1  1.913e+12
     197.1   1.92e+12
     199.1  1.928e+12
     201.1  1.936e+12
     203.1  1.944e+12
     205.1  1.951e+12
     207.1  1.959e+12
     209.1  1.967e+12
     211.1  1.975e+12
     213.1  1.982e+12
     215.1  1.989e+12
     217.1  1.997e+12
     219.1  2.004e+12
     221.1  2.011e+12
     223.1  2.019e+12
     225.1  2.026e+12
     227.1  2.033e+12
     229.1   2.04e+12
     231.1  2.046e+12
     233.1  2.052e+12
     235.1  2.059e+12
     237.1  2.065e+12
     239.1  2.071e+12
     241.1  2.077e+12
     243.1  2.083e+12
     245.1  2.089e+12
     247.1  2.095e+12
     249.1  2.101e+12
     251.1  2.106e+12
     253.1  2.111e+12
     255.1  2.116e+12
     257.1   2.12e+12
     259.1  2.125e+12
     261.1  2.129e+12
     263.1  2.133e+12
     265.1  2.138e+12
     267.1  2.141e+12
     269.1  2.144e+12
     271.1  2.147e+12
     273.1  2.149e+12
     275.1  2.152e+12
     277.1  2.155e+12
     279.1  2.158e+12
     281.1   2.16e+12
     283.1  2.162e+12
     285.1  2.164e+12
     287.1  2.166e+12
     289.1  2.167e+12
     291.1  2.169e+12
     293.1   2.17e+12
     295.1  2.172e+12
     297.1  2.173e+12
     299.1  2.174e+12
     301.1  2.175e+12
     303.1  2.176e+12
     305.1  2.177e+12
     307.1  2.178e+12
     309.1  2.179e+12
     311.1   2.18e+12
     313.1   2.18e+12
     315.1  2.181e+12
     317.1  2.181e+12
     319.1  2.182e+12
     321.1  2.182e+12
     323.1  2.183e+12
     325.1  2.183e+12
     327.1  2.183e+12
     329.1  2.184e+12
     331.1  2.184e+12
     333.1  2.185e+12
     335.1  2.185e+12
     337.1  2.185e+12
     339.1  2.185e+12
     341.1  2.185e+12
     343.1  2.185e+12
     345.1  2.186e+12
     347.1  2.186e+12
     349.1  2.186e+12
     351.1  2.186e+12
