         1      20.54
     3.001       20.6
     5.001      20.86
     7.002      21.08
     9.002      21.24
        11      21.35
        13       21.5
        15      21.69
        17      21.73
     19.01      21.84
     21.01      21.95
     23.01      22.22
     25.01      22.27
     27.01      22.42
     29.01      22.32
     31.01       22.5
     33.01      22.51
     35.01      22.44
     37.01      22.66
     39.01       22.8
     41.01      22.87
     43.01      23.03
     45.01      23.21
     47.01      23.25
     49.01      23.31
     51.01      23.32
     53.01      23.43
     55.02      23.47
     57.02      23.65
     59.02      23.76
     61.02      23.84
     63.02      23.82
     65.02      23.62
     67.02      23.81
     69.02      24.04
     71.02      24.19
     73.02      24.22
     75.02      24.24
     77.02       24.3
     79.02      24.34
     81.02      24.32
     83.02      24.38
     85.02      24.43
     87.02      24.49
     89.02      24.52
     91.03      24.56
     93.03      24.59
     95.03      24.73
     97.03      24.69
     99.03      24.68
       101      24.72
       103      24.69
       105      24.73
       107      24.82
       109      24.87
       111      24.89
       113      24.91
       115      24.95
       117       24.9
       119      24.94
       121       24.9
       123      24.78
       125      24.97
       127      25.08
       129      25.11
       131      25.19
       133      25.21
       135      25.28
       137      25.31
       139      25.36
       141       25.4
       143       25.5
       145      25.52
       147      25.52
       149      25.54
       151      25.64
       153       25.7
       155      25.71
       157      25.67
       159      25.67
       161      25.73
       163      25.79
       165      25.81
       167      25.93
       169      25.92
       171      25.91
       173      25.83
       175      25.83
       177      25.95
       179         26
       181      26.01
     183.1      26.02
     185.1      26.05
     187.1       26.1
     189.1      26.14
     191.1      26.12
     193.1       26.2
     195.1      26.23
     197.1      26.17
     199.1      26.31
     201.1      26.29
     203.1      26.23
     205.1      26.26
     207.1      26.27
     209.1      26.21
     211.1      26.07
     213.1      25.86
     215.1      26.08
     217.1      26.46
     219.1      26.48
     221.1      26.43
     223.1      26.49
     225.1      26.59
     227.1      26.62
     229.1      26.58
     231.1      26.72
     233.1      26.77
     235.1      26.81
     237.1       26.8
     239.1       26.8
     241.1      26.79
     243.1      26.83
     245.1      26.89
     247.1      26.94
     249.1      26.93
     251.1      26.82
     253.1      26.79
     255.1      26.82
     257.1      26.83
     259.1      26.82
     261.1      26.77
     263.1      26.76
     265.1      26.77
     267.1      27.06
     269.1      27.08
     271.1      27.09
     273.1      27.13
     275.1         27
     277.1      26.94
     279.1      27.04
     281.1       27.2
     283.1       27.2
     285.1      27.25
     287.1       27.3
     289.1      27.42
     291.1      27.22
     293.1      27.24
     295.1      27.36
     297.1      27.38
     299.1       27.6
     301.1      27.35
     303.1      27.22
     305.1      27.28
     307.1      27.53
     309.1      27.52
     311.1      27.66
     313.1      27.51
     315.1      27.45
     317.1      27.83
     319.1      27.67
     321.1      27.73
     323.1      27.93
     325.1      28.03
     327.1      27.48
     329.1      27.55
     331.1      27.43
     333.1      28.03
     335.1      28.19
     337.1      27.99
     339.1      27.59
     341.1      27.64
     343.1      27.26
     345.1      27.26
     347.1      28.06
     349.1      27.78
     351.1       28.7
