     15.96  3.414e-18
     17.87  3.196e-18
     19.79  2.782e-18
      21.7  2.553e-18
     23.62  2.088e-18
     25.53  1.933e-18
     27.45  1.777e-18
     29.36  1.876e-18
     31.28  1.616e-18
      33.2  1.597e-18
     35.11  1.697e-18
     37.03  1.384e-18
     38.94  1.223e-18
     40.86  1.154e-18
     42.77  1.024e-18
     44.69  8.399e-19
      46.6  8.059e-19
     48.52  7.817e-19
     50.43   7.46e-19
     52.35  7.238e-19
     54.26  6.521e-19
     56.18  5.827e-19
     58.09  5.308e-19
     60.01  4.845e-19
     61.93  4.662e-19
     63.84  5.256e-19
     65.76  5.229e-19
     67.67  4.822e-19
     69.59  3.648e-19
      71.5  3.343e-19
     73.42  3.255e-19
     75.33   3.27e-19
     77.25  3.064e-19
     79.16  2.992e-19
     81.08  2.945e-19
     82.99   2.87e-19
     84.91  2.707e-19
     86.82  2.566e-19
     88.74  2.499e-19
     90.66  2.431e-19
     92.57  2.372e-19
     94.49  2.101e-19
      96.4  2.078e-19
     98.32  2.154e-19
     100.2  2.105e-19
     102.1  2.201e-19
     104.1  2.113e-19
       106  2.007e-19
     107.9  1.833e-19
     109.8  1.814e-19
     111.7  1.768e-19
     113.6   1.74e-19
     115.6  1.702e-19
     117.5  1.773e-19
     119.4  1.688e-19
     121.3  1.715e-19
     123.2  2.007e-19
     125.1  1.674e-19
       127  1.487e-19
       129  1.451e-19
     130.9  1.379e-19
     132.8  1.302e-19
     134.7  1.253e-19
     136.6  1.191e-19
     138.5  1.166e-19
     140.5  1.157e-19
     142.4  1.029e-19
     144.3  1.036e-19
     146.2   9.74e-20
     148.1  9.783e-20
       150  9.473e-20
     151.9  8.517e-20
     153.9  8.381e-20
     155.8  8.567e-20
     157.7   8.73e-20
     159.6  8.532e-20
     161.5  8.143e-20
     163.4  7.769e-20
     165.4  7.425e-20
     167.3  6.789e-20
     169.2  7.026e-20
     171.1  6.868e-20
       173  7.431e-20
     174.9  7.528e-20
     176.8  6.901e-20
     178.8  6.357e-20
     180.7  6.388e-20
     182.6  6.105e-20
     184.5  6.069e-20
     186.4  6.088e-20
     188.3  5.746e-20
     190.3  5.752e-20
     192.2  5.679e-20
     194.1  5.046e-20
       196  5.454e-20
     197.9  5.153e-20
     199.8  4.758e-20
     201.7  5.117e-20
     203.7  5.229e-20
     205.6  4.765e-20
     207.5  4.886e-20
     209.4  5.345e-20
     211.3  5.839e-20
     213.2  7.724e-20
     215.2  5.925e-20
     217.1  4.219e-20
       219  4.135e-20
     220.9  4.259e-20
     222.8  4.138e-20
     224.7  3.793e-20
     226.6  3.711e-20
     228.6  3.726e-20
     230.5  3.393e-20
     232.4  3.121e-20
     234.3  3.105e-20
     236.2  3.088e-20
     238.1  3.096e-20
     240.1  2.943e-20
       242  3.146e-20
     243.9   2.98e-20
     245.8  2.803e-20
     247.7  2.706e-20
     249.6  2.727e-20
     251.5  3.046e-20
     253.5  3.137e-20
     255.4  3.006e-20
     257.3   3.02e-20
     259.2  2.927e-20
     261.1  3.162e-20
       263  3.184e-20
     264.9  3.178e-20
     266.9  2.601e-20
     268.8   2.26e-20
     270.7  2.372e-20
     272.6  2.283e-20
     274.5  2.538e-20
     276.4  2.603e-20
     278.4  2.498e-20
     280.3   2.32e-20
     282.2  2.151e-20
     284.1  1.993e-20
       286  1.955e-20
     287.9  1.771e-20
     289.8  1.859e-20
     291.8  2.139e-20
     293.7  2.021e-20
     295.6    1.8e-20
     297.5   1.67e-20
     299.4  1.562e-20
     301.3  1.858e-20
     303.3  2.004e-20
     305.2  2.024e-20
     307.1  1.566e-20
       309  1.594e-20
     310.9  1.361e-20
     312.8  1.402e-20
     314.7  1.845e-20
     316.7  1.284e-20
     318.6   1.37e-20
     320.5  1.388e-20
     322.4  9.709e-21
     324.3  1.084e-20
     326.2  1.249e-20
     328.2   1.73e-20
     330.1  1.755e-20
       332  1.162e-20
     333.9  8.864e-21
     335.8  8.514e-21
     337.7  1.435e-20
     339.6  1.224e-20
     341.6  1.631e-20
     343.5  2.169e-20
     345.4  1.998e-20
     347.3   9.62e-21
     349.2  1.244e-20
     351.1  5.318e-21
