     15.96      21.68
     17.87      21.75
     19.79      21.91
      21.7         22
     23.62      22.22
     25.53       22.3
     27.45      22.39
     29.36      22.33
     31.28       22.5
      33.2      22.51
     35.11      22.44
     37.03      22.66
     38.94       22.8
     40.86      22.86
     42.77      22.99
     44.69      23.21
      46.6      23.25
     48.52      23.28
     50.43      23.33
     52.35      23.37
     54.26      23.48
     56.18       23.6
     58.09       23.7
     60.01       23.8
     61.93      23.84
     63.84      23.71
     65.76      23.72
     67.67      23.81
     69.59      24.11
      71.5      24.21
     73.42      24.23
     75.33      24.23
     77.25       24.3
     79.16      24.33
     81.08      24.34
     82.99      24.37
     84.91      24.43
     86.82      24.49
     88.74      24.52
     90.66      24.55
     92.57      24.58
     94.49      24.71
      96.4      24.72
     98.32      24.68
     100.2      24.71
     102.1      24.66
     104.1       24.7
       106      24.76
     107.9      24.86
     109.8      24.87
     111.7       24.9
     113.6      24.91
     115.6      24.94
     117.5      24.89
     119.4      24.95
     121.3      24.93
     123.2      24.76
     125.1      24.96
       127      25.09
       129      25.11
     130.9      25.17
     132.8      25.23
     134.7      25.27
     136.6      25.33
     138.5      25.35
     140.5      25.36
     142.4      25.48
     144.3      25.48
     146.2      25.54
     148.1      25.54
       150      25.57
     151.9      25.69
     153.9      25.71
     155.8      25.68
     157.7      25.66
     159.6      25.69
     161.5      25.74
     163.4      25.79
     165.4      25.84
     167.3      25.94
     169.2       25.9
     171.1      25.92
       173      25.84
     174.9      25.82
     176.8      25.92
     178.8      26.01
     180.7         26
     182.6      26.05
     184.5      26.06
     186.4      26.05
     188.3      26.12
     190.3      26.12
     192.2      26.13
     194.1      26.26
       196      26.17
     197.9      26.24
     199.8      26.32
     201.7      26.24
     203.7      26.22
     205.6      26.32
     207.5      26.29
     209.4       26.2
     211.3       26.1
     213.2       25.8
     215.2      26.08
     217.1      26.45
       219      26.48
     220.9      26.44
     222.8      26.47
     224.7      26.57
     226.6      26.59
     228.6      26.59
     230.5      26.69
     232.4      26.78
     234.3      26.79
     236.2      26.79
     238.1      26.79
     240.1      26.84
       242      26.77
     243.9      26.83
     245.8       26.9
     247.7      26.94
     249.6      26.93
     251.5      26.81
     253.5      26.77
     255.4      26.82
     257.3      26.82
     259.2      26.85
     261.1      26.77
       263      26.76
     264.9      26.76
     266.9      26.98
     268.8      27.13
     270.7      27.08
     272.6      27.12
     274.5         27
     276.4      26.98
     278.4      27.02
     280.3       27.1
     282.2      27.18
     284.1      27.27
       286      27.29
     287.9       27.4
     289.8      27.34
     291.8      27.19
     293.7      27.25
     295.6      27.38
     297.5      27.46
     299.4      27.53
     301.3      27.34
     303.3      27.26
     305.2      27.25
     307.1      27.53
       309      27.51
     310.9      27.68
     312.8      27.65
     314.7      27.35
     316.7      27.74
     318.6      27.67
     320.5      27.66
     322.4      28.05
     324.3      27.93
     326.2      27.77
     328.2      27.42
     330.1      27.41
       332      27.85
     333.9      28.15
     335.8      28.19
     337.7      27.62
     339.6       27.8
     341.6      27.48
     343.5      27.18
     345.4      27.26
     347.3      28.06
     349.2      27.78
     351.1       28.7
