     3.006   4.65e+08
     5.009  1.173e+08
     7.013  4.782e+07
     9.017  3.365e+07
     11.02  3.504e+07
     13.02  3.243e+07
     15.03   2.92e+07
     17.03  2.563e+07
     19.04  1.818e+07
     21.04  1.839e+07
     23.04   1.85e+07
     25.05  1.628e+07
     27.05    1.6e+07
     29.05  1.357e+07
     31.06  1.257e+07
     33.06  1.295e+07
     35.07  1.073e+07
     37.07  8.936e+06
     39.07  9.541e+06
     41.08  9.716e+06
     43.08  8.464e+06
     45.08  9.518e+06
     47.09  7.789e+06
     49.09  5.922e+06
      51.1  5.279e+06
      53.1  4.581e+06
      55.1  3.066e+06
     57.11  2.477e+06
     59.11  3.047e+06
     61.11   2.23e+06
     63.12  1.983e+06
     65.12  1.372e+06
     67.13  1.221e+06
     69.13   9.07e+05
     71.13  1.005e+06
     73.14  5.671e+05
     75.14  9.907e+05
     77.14  7.202e+05
     79.15  6.902e+05
     81.15  4.327e+05
     83.16  6.366e+05
     85.16  5.594e+05
     87.16  6.037e+05
     89.17  7.239e+05
     91.17  2.737e+05
     93.17   4.18e+05
     95.18  1.311e+05
     97.18  2.237e+05
     99.19  3.019e+05
     101.2  8.946e+04
     103.2  3.925e+05
     105.2  2.132e+05
     107.2    3.3e+05
     109.2  2.139e+05
     111.2  1.927e+05
     113.2  2.459e+05
     115.2  2.535e+05
     117.2  7.708e+04
     119.2  1.129e+05
     121.2  8.291e+04
     123.2  7.473e+04
     125.2  7.322e+04
     127.2  9.541e+04
     129.2  6.985e+04
     131.2  1.971e+05
     133.2  2.114e+05
     135.3  1.671e+05
     137.3   4.63e+04
     139.3  2.656e+05
     141.3  3.119e+05
     143.3  1.911e+05
     145.3  3.359e+05
     147.3  5.835e+05
     149.3  7.422e+05
     151.3  2.674e+05
     153.3  1.706e+05
     155.3  1.092e+05
     157.3  8.834e+04
     159.3  1.005e+05
     161.3  1.332e+05
     163.3  7.596e+04
     165.3          0
     167.3  7.375e+04
     169.3  5.367e+04
     171.3  1.786e+04
     173.3  1.712e+04
     175.3  6.976e+04
     177.3  1.777e+04
     179.3   3.47e+04
     181.3  3.473e+04
     183.3  6.625e+04
     185.3          0
     187.4  1.678e+04
     189.4  1.671e+04
     191.4          0
     193.4          0
     195.4  3.337e+04
     197.4          0
     199.4          0
     201.4          0
     203.4          0
     205.4  1.486e+04
     207.4          0
     209.4          0
     211.4          0
     213.4          0
     215.4          0
     217.4          0
     219.4          0
     221.4          0
     223.4          0
     225.4          0
     227.4          0
     229.4          0
     231.4          0
     233.4          0
     235.4          0
     237.4          0
     239.4          0
     241.5          0
     243.5          0
     245.5          0
     247.5          0
     249.5          0
     251.5          0
     253.5          0
     255.5          0
     257.5          0
     259.5          0
     261.5          0
     263.5          0
     265.5          0
     267.5          0
     269.5          0
     271.5          0
     273.5          0
