     1.002   8.93e-17
     3.006  1.818e-17
     5.009  5.278e-18
     7.013  2.901e-18
     9.017  3.255e-18
     11.02  2.984e-18
     13.02  3.185e-18
     15.03  2.559e-18
     17.03  2.161e-18
     19.04  1.801e-18
     21.04  1.733e-18
     23.04  1.591e-18
     25.05  1.563e-18
     27.05  1.512e-18
     29.05  1.208e-18
     31.06  1.206e-18
     33.06  1.135e-18
     35.07  9.164e-19
     37.07  9.126e-19
     39.07  8.982e-19
     41.08  9.743e-19
     43.08  1.078e-18
     45.08  8.887e-19
     47.09   7.38e-19
     49.09  9.479e-19
      51.1  9.546e-19
      53.1  7.502e-19
      55.1  3.785e-19
     57.11  3.287e-19
     59.11  2.459e-19
     61.11  1.969e-19
     63.12  1.521e-19
     65.12  1.147e-19
     67.13  8.463e-20
     69.13  8.242e-20
     71.13  9.397e-20
     73.14   6.81e-20
     75.14  7.063e-20
     77.14  7.407e-20
     79.15  5.262e-20
     81.15  4.992e-20
     83.16   5.27e-20
     85.16  6.134e-20
     87.16  8.869e-20
     89.17  6.824e-20
     91.17  3.028e-20
     93.17  4.702e-20
     95.18  1.619e-20
     97.18  2.559e-20
     99.19  1.933e-20
     101.2  2.545e-20
     103.2  3.814e-20
     105.2  2.293e-20
     107.2  2.967e-20
     109.2  1.577e-20
     111.2  2.097e-20
     113.2   2.71e-20
     115.2  1.411e-20
     117.2  6.671e-21
     119.2  1.148e-20
     121.2  9.525e-21
     123.2  6.487e-21
     125.2  6.318e-21
     127.2  8.216e-21
     129.2  1.323e-20
     131.2  1.905e-20
     133.2  2.468e-20
     135.3   1.07e-20
     137.3  1.467e-20
     139.3  2.855e-20
     141.3  2.775e-20
     143.3  1.862e-20
     145.3  5.473e-20
     147.3  9.058e-20
     149.3  4.646e-20
     151.3  2.656e-20
     153.3  1.624e-20
     155.3  1.248e-20
     157.3   1.03e-20
     159.3  1.248e-20
     161.3  9.471e-21
     163.3  4.153e-21
     165.3  4.599e-21
     167.3  6.813e-21
     169.3  1.661e-21
     171.3  1.669e-21
     173.3  4.116e-21
     175.3  4.618e-21
     177.3   4.52e-21
     179.3  2.792e-21
     181.3  5.863e-21
     183.3  2.758e-21
     185.3  6.379e-23
     187.4  2.662e-21
     189.4  1.388e-21
     191.4  3.166e-22
     193.4  1.104e-21
     195.4  1.318e-21
     197.4      1e-23
     199.4      1e-23
     201.4  2.073e-22
     203.4  1.651e-21
     205.4   4.03e-22
     207.4      1e-23
     209.4      1e-23
     211.4      1e-23
     213.4      1e-23
     215.4      1e-23
     217.4      1e-23
     219.4      1e-23
     221.4      1e-23
     223.4      1e-23
     225.4      1e-23
     227.4      1e-23
     229.4      1e-23
     231.4      1e-23
     233.4      1e-23
     235.4      1e-23
     237.4      1e-23
     239.4      1e-23
     241.5      1e-23
     243.5      1e-23
     245.5      1e-23
     247.5      1e-23
     249.5      1e-23
     251.5      1e-23
     253.5      1e-23
     255.5      1e-23
     257.5      1e-23
     259.5      1e-23
     261.5      1e-23
     263.5      1e-23
     265.5      1e-23
     267.5      1e-23
     269.5      1e-23
     271.5      1e-23
     273.5      1e-23
