     1.002   6.21e+09
     3.006  2.381e+10
     5.009   3.12e+10
     7.013  3.542e+10
     9.017  3.924e+10
     11.02  4.411e+10
     13.02  4.942e+10
     15.03  5.495e+10
     17.03  6.045e+10
     19.04   6.48e+10
     21.04  6.967e+10
     23.04  7.504e+10
     25.05  8.017e+10
     27.05  8.562e+10
     29.05  9.059e+10
     31.06   9.55e+10
     33.06  1.009e+11
     35.07  1.056e+11
     37.07  1.098e+11
     39.07  1.145e+11
     41.08  1.195e+11
     43.08  1.241e+11
     45.08  1.295e+11
     47.09  1.341e+11
     49.09  1.378e+11
      51.1  1.412e+11
      53.1  1.442e+11
      55.1  1.464e+11
     57.11  1.482e+11
     59.11  1.504e+11
     61.11  1.521e+11
     63.12  1.537e+11
     65.12  1.548e+11
     67.13  1.559e+11
     69.13  1.567e+11
     71.13  1.576e+11
     73.14  1.581e+11
     75.14   1.59e+11
     77.14  1.597e+11
     79.15  1.604e+11
     81.15  1.608e+11
     83.16  1.615e+11
     85.16  1.621e+11
     87.16  1.628e+11
     89.17  1.636e+11
     91.17  1.639e+11
     93.17  1.644e+11
     95.18  1.645e+11
     97.18  1.648e+11
     99.19  1.652e+11
     101.2  1.653e+11
     103.2  1.658e+11
     105.2  1.661e+11
     107.2  1.665e+11
     109.2  1.668e+11
     111.2  1.671e+11
     113.2  1.675e+11
     115.2  1.678e+11
     117.2  1.679e+11
     119.2  1.681e+11
     121.2  1.682e+11
     123.2  1.684e+11
     125.2  1.685e+11
     127.2  1.686e+11
     129.2  1.687e+11
     131.2  1.691e+11
     133.2  1.694e+11
     135.3  1.697e+11
     137.3  1.698e+11
     139.3  1.703e+11
     141.3  1.708e+11
     143.3  1.711e+11
     145.3  1.718e+11
     147.3  1.728e+11
     149.3  1.742e+11
     151.3  1.747e+11
     153.3  1.751e+11
     155.3  1.753e+11
     157.3  1.755e+11
     159.3  1.757e+11
     161.3  1.759e+11
     163.3  1.761e+11
     165.3  1.761e+11
     167.3  1.763e+11
     169.3  1.764e+11
     171.3  1.764e+11
     173.3  1.764e+11
     175.3  1.766e+11
     177.3  1.766e+11
     179.3  1.767e+11
     181.3  1.768e+11
     183.3  1.769e+11
     185.3  1.769e+11
     187.4   1.77e+11
     189.4   1.77e+11
     191.4   1.77e+11
     193.4   1.77e+11
     195.4  1.771e+11
     197.4  1.771e+11
     199.4  1.771e+11
     201.4  1.771e+11
     203.4  1.771e+11
     205.4  1.771e+11
     207.4  1.771e+11
     209.4  1.771e+11
     211.4  1.771e+11
     213.4  1.771e+11
     215.4  1.771e+11
     217.4  1.771e+11
     219.4  1.771e+11
     221.4  1.771e+11
     223.4  1.771e+11
     225.4  1.771e+11
     227.4  1.771e+11
     229.4  1.771e+11
     231.4  1.771e+11
     233.4  1.771e+11
     235.4  1.771e+11
     237.4  1.771e+11
     239.4  1.771e+11
     241.5  1.771e+11
     243.5  1.771e+11
     245.5  1.771e+11
     247.5  1.771e+11
     249.5  1.771e+11
     251.5  1.771e+11
     253.5  1.771e+11
     255.5  1.771e+11
     257.5  1.771e+11
     259.5  1.771e+11
     261.5  1.771e+11
     263.5  1.771e+11
     265.5  1.771e+11
     267.5  1.771e+11
     269.5  1.771e+11
     271.5  1.771e+11
     273.5  1.771e+11
