     1.002      18.14
     3.006      19.87
     5.009      21.21
     7.013      21.86
     9.017      21.73
     11.02      21.83
     13.02      21.76
     15.03         22
     17.03      22.18
     19.04      22.38
     21.04      22.42
     23.04      22.51
     25.05      22.53
     27.05      22.57
     29.05      22.81
     31.06      22.81
     33.06      22.88
     35.07      23.11
     37.07      23.12
     39.07      23.13
     41.08      23.04
     43.08      22.93
     45.08      23.14
     47.09      23.35
     49.09      23.07
      51.1      23.07
      53.1      23.33
      55.1      24.07
     57.11      24.22
     59.11      24.54
     61.11      24.78
     63.12      25.06
     65.12      25.37
     67.13       25.7
     69.13      25.73
     71.13      25.58
     73.14      25.93
     75.14      25.89
     77.14      25.84
     79.15      26.21
     81.15      26.27
     83.16      26.21
     85.16      26.05
     87.16      25.65
     89.17      25.93
     91.17      26.81
     93.17      26.34
     95.18      27.49
     97.18         27
     99.19       27.3
     101.2         27
     103.2      26.56
     105.2      27.12
     107.2      26.84
     109.2      27.52
     111.2      27.21
     113.2      26.93
     115.2      27.64
     117.2      28.46
     119.2      27.87
     121.2      28.07
     123.2      28.49
     125.2      28.51
     127.2      28.23
     129.2      27.71
     131.2      27.32
     133.2      27.04
     135.3      27.94
     137.3       27.6
     139.3      26.88
     141.3      26.91
     143.3      27.34
     145.3      26.17
     147.3      25.62
     149.3      26.35
     151.3      26.96
     153.3      27.49
     155.3      27.78
     157.3      27.98
     159.3      27.78
     161.3      28.08
     163.3      28.97
     165.3      28.86
     167.3      28.43
     169.3      29.97
     171.3      29.96
     173.3      28.98
     175.3      28.85
     177.3      28.88
     179.3       29.4
     181.3       28.6
     183.3      29.41
     185.3       33.5
     187.4      29.45
     189.4      30.16
     191.4      31.76
     193.4      30.41
     195.4      30.22
     197.4      35.52
     199.4      35.52
     201.4      32.22
     203.4      29.97
     205.4       31.5
     207.4      35.52
     209.4      35.52
     211.4      35.52
     213.4      35.52
     215.4      35.52
     217.4      35.52
     219.4      35.52
     221.4      35.52
     223.4      35.52
     225.4      35.52
     227.4      35.52
     229.4      35.52
     231.4      35.52
     233.4      35.52
     235.4      35.52
     237.4      35.52
     239.4      35.52
     241.5      35.52
     243.5      35.52
     245.5      35.52
     247.5      35.52
     249.5      35.52
     251.5      35.52
     253.5      35.52
     255.5      35.52
     257.5      35.52
     259.5      35.52
     261.5      35.52
     263.5      35.52
     265.5      35.52
     267.5      35.52
     269.5      35.52
     271.5      35.52
     273.5      35.52
