     18.83  2.959e-18
     26.49  1.913e-18
     34.15  1.573e-18
     41.81  1.056e-18
     49.48  7.613e-19
     57.14   5.62e-19
      64.8  5.001e-19
     72.46  3.372e-19
     80.12  2.967e-19
     87.78   2.55e-19
     95.44   2.18e-19
     103.1  2.104e-19
     110.8  1.788e-19
     118.4  1.719e-19
     126.1  1.653e-19
     133.8  1.281e-19
     141.4  1.096e-19
     149.1  9.372e-20
     156.7  8.553e-20
     164.4  7.532e-20
     172.1  7.219e-20
     179.7  6.437e-20
     187.4  5.911e-20
       195  5.333e-20
     202.7  4.973e-20
     210.4  5.937e-20
       218  4.639e-20
     225.7   3.84e-20
     233.3  3.175e-20
       241  3.041e-20
     248.7  2.813e-20
     256.3  3.026e-20
       264  3.035e-20
     271.7  2.361e-20
     279.3  2.398e-20
       287  1.894e-20
     294.6  1.917e-20
     302.3  1.847e-20
       310  1.486e-20
     317.6   1.49e-20
     325.3   1.24e-20
     332.9  1.201e-20
     340.6  1.565e-20
     348.3  1.272e-20
