     18.83      21.84
     26.49      22.31
     34.15      22.52
     41.81      22.96
     49.48      23.31
     57.14      23.64
      64.8      23.77
     72.46       24.2
     80.12      24.34
     87.78       24.5
     95.44      24.67
     103.1      24.71
     110.8      24.89
     118.4      24.93
     126.1      24.97
     133.8      25.25
     141.4      25.42
     149.1      25.59
     156.7      25.69
     164.4      25.82
     172.1      25.87
     179.7      25.99
     187.4      26.09
       195       26.2
     202.7      26.27
     210.4      26.08
       218      26.35
     225.7      26.56
     233.3      26.76
       241      26.81
     248.7      26.89
     256.3      26.81
       264      26.81
     271.7      27.08
     279.3      27.07
       287      27.32
     294.6      27.31
     302.3      27.35
       310      27.59
     317.6      27.58
     325.3      27.78
     332.9      27.82
     340.6      27.53
     348.3      27.75
