     9.117  1.683e+08
      15.2  2.701e+07
     21.27  1.161e+07
     27.35  7.105e+06
     33.43  4.917e+06
     39.51  3.704e+06
     45.59  2.709e+06
     51.66  3.347e+06
     57.74  8.742e+05
     63.82  9.289e+05
      69.9  6.411e+05
     75.98  5.038e+05
     82.05  2.065e+05
     88.13  1.482e+05
     94.21  1.069e+05
     100.3  1.032e+05
     106.4  1.221e+05
     112.4  6.279e+04
     118.5  1.813e+05
     124.6  1.747e+05
     130.7  9.035e+04
     136.8  8.993e+04
     142.8  2.087e+04
     148.9   1.33e+04
       155  6.118e+04
     161.1   4.52e+04
     167.1  1.948e+04
     173.2  1.227e+04
     179.3  1.816e+04
     185.4   1.74e+04
     191.5       5411
     197.5          0
     203.6          0
     209.7          0
     215.8          0
     221.8       4308
     227.9          0
       234          0
     240.1          0
     246.2          0
     252.2          0
     258.3          0
     264.4          0
     270.5          0
     276.6          0
     282.6          0
     288.7          0
     294.8          0
     300.9          0
     306.9          0
       313          0
     319.1          0
     325.2          0
     331.3          0
     337.3          0
     343.4          0
