     1.001  2.515e-17
     3.004  1.767e-17
     5.006  2.778e-17
     7.009  2.548e-17
     9.012  1.077e-17
     11.01  6.319e-18
     13.02  4.108e-18
     15.02  3.561e-18
     17.02  3.128e-18
     19.02  2.446e-18
     21.03  2.243e-18
     23.03  1.461e-18
     25.03  1.578e-18
     27.04  1.612e-18
     29.04  1.237e-18
     31.04  1.051e-18
     33.04  9.553e-19
     35.05  7.881e-19
     37.05  5.849e-19
     39.05  7.232e-19
     41.05  5.121e-19
     43.06  3.854e-19
     45.06  5.009e-19
     47.06  6.771e-19
     49.06   6.46e-19
     51.07    4.2e-19
     53.07  2.242e-19
     55.07  1.783e-19
     57.07  2.013e-19
     59.08  1.982e-19
     61.08  1.963e-19
     63.08  1.192e-19
     65.08  1.101e-19
     67.09  1.422e-19
     69.09  1.108e-19
     71.09  9.146e-20
     73.09  6.424e-20
      75.1  8.606e-20
      77.1  1.082e-19
      79.1  4.624e-20
     81.11  2.701e-20
     83.11  2.762e-20
     85.11  1.437e-20
     87.11  1.664e-20
     89.12  2.023e-20
     91.12  1.741e-20
     93.12  1.809e-20
     95.12  1.578e-20
     97.13  1.713e-20
     99.13  1.638e-20
     101.1   2.21e-20
     103.1  2.448e-20
     105.1  1.362e-20
     107.1  1.065e-20
     109.1  1.115e-20
     111.1  1.386e-20
     113.1  1.921e-20
     115.1  1.957e-20
     117.2  4.276e-20
     119.2  3.465e-20
     121.2  2.611e-20
     123.2  3.714e-20
     125.2  2.365e-20
     127.2  1.772e-20
     129.2  2.222e-20
     131.2  1.993e-20
     133.2  2.452e-20
     135.2  2.244e-20
     137.2   1.24e-20
     139.2  4.871e-21
     141.2   2.48e-21
     143.2  1.213e-22
     145.2  3.343e-22
     147.2  6.786e-21
     149.2  1.081e-20
     151.2  3.299e-21
     153.2  1.059e-20
     155.2  1.654e-20
     157.2  9.528e-21
     159.2  9.417e-21
     161.2   9.11e-21
     163.2  7.118e-21
     165.2  3.164e-21
     167.2    3.7e-21
     169.2  1.365e-21
     171.2  3.124e-22
     173.2  3.307e-21
     175.2   5.64e-21
     177.2  5.549e-21
     179.2  7.141e-21
     181.2  5.777e-21
     183.2  2.206e-21
     185.2  2.434e-23
     187.2  6.049e-22
     189.2  2.349e-21
     191.2  4.135e-22
     193.3      1e-23
     195.3      1e-23
     197.3      1e-23
     199.3      1e-23
     201.3      1e-23
     203.3      1e-23
     205.3      1e-23
     207.3      1e-23
     209.3      1e-23
     211.3      1e-23
     213.3      1e-23
     215.3   1.07e-23
     217.3  4.219e-22
     219.3  8.091e-22
     221.3  1.052e-22
     223.3  1.001e-23
     225.3      1e-23
     227.3      1e-23
     229.3      1e-23
     231.3      1e-23
     233.3      1e-23
     235.3      1e-23
     237.3      1e-23
     239.3      1e-23
     241.3      1e-23
     243.3      1e-23
     245.3      1e-23
     247.3      1e-23
     249.3      1e-23
     251.3      1e-23
     253.3      1e-23
     255.3      1e-23
     257.3      1e-23
     259.3      1e-23
     261.3      1e-23
     263.3      1e-23
     265.3      1e-23
     267.3      1e-23
     269.3      1e-23
     271.4      1e-23
     273.4      1e-23
     275.4      1e-23
     277.4      1e-23
     279.4      1e-23
     281.4      1e-23
     283.4      1e-23
     285.4      1e-23
     287.4      1e-23
     289.4      1e-23
     291.4      1e-23
     293.4      1e-23
     295.4      1e-23
     297.4      1e-23
     299.4      1e-23
     301.4      1e-23
     303.4      1e-23
     305.4      1e-23
     307.4      1e-23
     309.4      1e-23
     311.4      1e-23
     313.4      1e-23
     315.4      1e-23
     317.4      1e-23
     319.4      1e-23
     321.4      1e-23
     323.4      1e-23
     325.4      1e-23
     327.4      1e-23
     329.4      1e-23
     331.4      1e-23
     333.4      1e-23
     335.4      1e-23
     337.4      1e-23
     339.4      1e-23
     341.4      1e-23
     343.4      1e-23
     345.4      1e-23
