     3.039  2.493e-17
     9.117  1.209e-17
      15.2  3.527e-18
     21.27   1.92e-18
     27.35  1.459e-18
     33.43  9.194e-19
     39.51  5.973e-19
     45.59  5.858e-19
     51.66  3.192e-19
     57.74  1.952e-19
     63.82  1.414e-19
      69.9  9.733e-20
     75.98  8.747e-20
     82.05  2.568e-20
     88.13  1.859e-20
     94.21  1.701e-20
     100.3   2.25e-20
     106.4  9.731e-21
     112.4  1.789e-20
     118.5  3.332e-20
     124.6  2.717e-20
     130.7  2.124e-20
     136.8  1.433e-20
     142.8  1.117e-21
     148.9  7.013e-21
       155  1.217e-20
     161.1  8.496e-21
     167.1  2.673e-21
     173.2  3.023e-21
     179.3  6.279e-21
     185.4  7.342e-22
     191.5  8.899e-22
     197.5      1e-23
     203.6      1e-23
     209.7      1e-23
     215.8  1.425e-22
     221.8  3.072e-22
     227.9      1e-23
       234      1e-23
     240.1      1e-23
     246.2      1e-23
     252.2      1e-23
     258.3      1e-23
     264.4      1e-23
     270.5      1e-23
     276.6      1e-23
     282.6      1e-23
     288.7      1e-23
     294.8      1e-23
     300.9      1e-23
     306.9      1e-23
       313      1e-23
     319.1      1e-23
     325.2      1e-23
     331.3      1e-23
     337.3      1e-23
     343.4      1e-23
