     3.039  4.003e+10
     9.117  9.864e+10
      15.2  1.143e+11
     21.27  1.238e+11
     27.35  1.312e+11
     33.43  1.374e+11
     39.51   1.43e+11
     45.59  1.478e+11
     51.66  1.544e+11
     57.74  1.563e+11
     63.82  1.585e+11
      69.9  1.603e+11
     75.98  1.617e+11
     82.05  1.624e+11
     88.13  1.629e+11
     94.21  1.633e+11
     100.3  1.636e+11
     106.4  1.641e+11
     112.4  1.644e+11
     118.5  1.652e+11
     124.6  1.661e+11
     130.7  1.665e+11
     136.8   1.67e+11
     142.8  1.671e+11
     148.9  1.672e+11
       155  1.675e+11
     161.1  1.678e+11
     167.1  1.679e+11
     173.2   1.68e+11
     179.3  1.681e+11
     185.4  1.683e+11
     191.5  1.683e+11
     197.5  1.683e+11
     203.6  1.683e+11
     209.7  1.683e+11
     215.8  1.683e+11
     221.8  1.683e+11
     227.9  1.683e+11
       234  1.683e+11
     240.1  1.683e+11
     246.2  1.683e+11
     252.2  1.683e+11
     258.3  1.683e+11
     264.4  1.683e+11
     270.5  1.683e+11
     276.6  1.683e+11
     282.6  1.683e+11
     288.7  1.683e+11
     294.8  1.683e+11
     300.9  1.683e+11
     306.9  1.683e+11
       313  1.683e+11
     319.1  1.683e+11
     325.2  1.683e+11
     331.3  1.683e+11
     337.3  1.683e+11
     343.4  1.683e+11
