     1.001      19.51
     3.004       19.9
     5.006      19.41
     7.009       19.5
     9.012      20.44
     11.01      21.01
     13.02      21.48
     15.02      21.64
     17.02      21.78
     19.02      22.05
     21.03      22.14
     23.03       22.6
     25.03      22.52
     27.04       22.5
     29.04      22.79
     31.04      22.96
     33.04      23.07
     35.05      23.27
     37.05       23.6
     39.05      23.37
     41.05      23.74
     43.06      24.05
     45.06      23.77
     47.06      23.44
     49.06      23.49
     51.07      23.96
     53.07      24.64
     55.07      24.89
     57.07      24.76
     59.08      24.77
     61.08      24.78
     63.08      25.33
     65.08      25.41
     67.09      25.13
     69.09       25.4
     71.09      25.61
     73.09         26
      75.1      25.68
      77.1      25.43
      79.1      26.35
     81.11      26.94
     83.11      26.91
     85.11      27.62
     87.11      27.46
     89.12      27.25
     91.12      27.41
     93.12      27.37
     95.12      27.52
     97.13      27.43
     99.13      27.48
     101.1      27.16
     103.1      27.04
     105.1      27.68
     107.1      27.95
     109.1       27.9
     111.1      27.66
     113.1      27.31
     115.1      27.29
     117.2      26.44
     119.2      26.67
     121.2      26.97
     123.2      26.59
     125.2      27.08
     127.2       27.4
     129.2      27.15
     131.2      27.27
     133.2      27.04
     135.2      27.14
     137.2      27.78
     139.2       28.8
     141.2      29.53
     143.2      32.81
     145.2      31.71
     147.2      28.44
     149.2      27.93
     151.2      29.22
     153.2      27.95
     155.2      27.47
     157.2      28.07
     159.2      28.08
     161.2      28.12
     163.2      28.39
     165.2      29.27
     167.2       29.1
     169.2      30.18
     171.2      31.78
     173.2      29.22
     175.2      28.64
     177.2      28.66
     179.2      28.38
     181.2      28.61
     183.2      29.66
     185.2      34.55
     187.2      31.06
     189.2      29.59
     191.2      31.47
     193.3      35.52
     195.3      35.52
     197.3      35.52
     199.3      35.52
     201.3      35.52
     203.3      35.52
     205.3      35.52
     207.3      35.52
     209.3      35.52
     211.3      35.52
     213.3      35.52
     215.3      35.44
     217.3      31.45
     219.3      30.75
     221.3      32.96
     223.3      35.52
     225.3      35.52
     227.3      35.52
     229.3      35.52
     231.3      35.52
     233.3      35.52
     235.3      35.52
     237.3      35.52
     239.3      35.52
     241.3      35.52
     243.3      35.52
     245.3      35.52
     247.3      35.52
     249.3      35.52
     251.3      35.52
     253.3      35.52
     255.3      35.52
     257.3      35.52
     259.3      35.52
     261.3      35.52
     263.3      35.52
     265.3      35.52
     267.3      35.52
     269.3      35.52
     271.4      35.52
     273.4      35.52
     275.4      35.52
     277.4      35.52
     279.4      35.52
     281.4      35.52
     283.4      35.52
     285.4      35.52
     287.4      35.52
     289.4      35.52
     291.4      35.52
     293.4      35.52
     295.4      35.52
     297.4      35.52
     299.4      35.52
     301.4      35.52
     303.4      35.52
     305.4      35.52
     307.4      35.52
     309.4      35.52
     311.4      35.52
     313.4      35.52
     315.4      35.52
     317.4      35.52
     319.4      35.52
     321.4      35.52
     323.4      35.52
     325.4      35.52
     327.4      35.52
     329.4      35.52
     331.4      35.52
     333.4      35.52
     335.4      35.52
     337.4      35.52
     339.4      35.52
     341.4      35.52
     343.4      35.52
     345.4      35.52
