     3.039      19.52
     9.117      20.31
      15.2      21.65
     21.27      22.31
     27.35      22.61
     33.43      23.11
     39.51      23.58
     45.59       23.6
     51.66      24.26
     57.74      24.79
     63.82      25.14
      69.9      25.55
     75.98      25.66
     82.05      26.99
     88.13      27.34
     94.21      27.44
     100.3      27.14
     106.4      28.05
     112.4      27.38
     118.5      26.71
     124.6      26.93
     130.7       27.2
     136.8      27.63
     142.8       30.4
     148.9       28.4
       155       27.8
     161.1      28.19
     167.1      29.45
     173.2      29.31
     179.3      28.52
     185.4      30.85
     191.5      30.64
     197.5      35.52
     203.6      35.52
     209.7      35.52
     215.8      32.63
     221.8       31.8
     227.9      35.52
       234      35.52
     240.1      35.52
     246.2      35.52
     252.2      35.52
     258.3      35.52
     264.4      35.52
     270.5      35.52
     276.6      35.52
     282.6      35.52
     288.7      35.52
     294.8      35.52
     300.9      35.52
     306.9      35.52
       313      35.52
     319.1      35.52
     325.2      35.52
     331.3      35.52
     337.3      35.52
     343.4      35.52
