         3  4.195e+08
     5.001  1.493e+08
     7.001  1.139e+08
     9.001  1.091e+08
        11  7.652e+07
        13  4.072e+07
        15  2.748e+07
        17  1.985e+07
        19  1.693e+07
        21  9.673e+06
        23  6.458e+06
        25  4.879e+06
        27  5.055e+06
        29  2.986e+06
        31  1.112e+06
        33  5.699e+05
        35   1.08e+06
        37  7.547e+05
        39  3.979e+05
        41  1.059e+06
     43.01  7.966e+05
     45.01  1.036e+06
     47.01   5.93e+05
     49.01  2.452e+05
     51.01  2.474e+05
     53.01  4.053e+05
     55.01  1.103e+05
     57.01  1.071e+05
     59.01  5.149e+05
     61.01  5.784e+05
     63.01  3.963e+05
     65.01    7.1e+05
     67.01  3.324e+05
     69.01  4.634e+05
     71.01   4.52e+05
     73.01  3.989e+05
     75.01  3.033e+05
     77.01   3.67e+05
     79.01  1.935e+05
     81.01  1.162e+05
     83.01  4.082e+05
     85.01  4.326e+05
     87.01  2.117e+05
     89.01  1.059e+05
     91.01  3.427e+04
     93.01  3.445e+04
     95.01  3.117e+05
     97.01  1.347e+05
     99.01  1.647e+05
       101   1.22e+05
       103  3.435e+05
       105  1.846e+05
       107  1.479e+05
       109  1.482e+05
       111  1.386e+05
       113  1.132e+05
       115  5.662e+04
       117  9.825e+04
       119  5.678e+04
       121  1.037e+05
       123  7.386e+04
       125  4.895e+04
       127  1.779e+05
       129  9.712e+04
       131  9.462e+04
       133  6.852e+04
       135  6.672e+04
       137  4.579e+04
       139  2.267e+04
       141  4.403e+04
       143  6.364e+04
       145  6.468e+04
       147  4.307e+04
       149  2.119e+04
       151  2.006e+04
       153  6.133e+04
       155  4.024e+04
       157          0
       159  3.745e+04
       161          0
       163  4.061e+04
       165  2.092e+04
       167   2.21e+04
       169  5.833e+04
       171  5.431e+04
       173  3.583e+04
       175  7.022e+04
       177  7.386e+04
       179  7.045e+04
       181  9.264e+04
       183  1.664e+04
       185  8.584e+04
       187  1.764e+04
       189          0
       191    1.8e+04
       193          0
       195          0
       197          0
       199  1.477e+04
       201          0
       203          0
       205          0
       207          0
       209          0
       211          0
       213          0
       215          0
       217          0
       219          0
       221          0
       223          0
       225          0
       227          0
       229          0
       231          0
       233          0
       235          0
       237          0
       239          0
       241          0
       243          0
       245          0
       247          0
       249          0
       251          0
       253          0
       255          0
       257          0
       259          0
       261          0
       263          0
       265          0
       267          0
       269          0
       271          0
       273          0
       275          0
       277          0
       279          0
       281          0
       283          0
       285          0
       287          0
       289          0
       291          0
       293          0
       295          0
       297          0
       299          0
       301          0
       303          0
       305          0
       307          0
       309          0
       311          0
       313          0
       315          0
       317          0
       319          0
       321          0
       323          0
       325          0
       327          0
       329          0
       331          0
       333          0
       335          0
       337          0
       339          0
       341          0
