         1  1.192e-15
         3  2.515e-17
     5.001   1.88e-17
     7.001  2.022e-17
     9.001  1.884e-17
        11  7.915e-18
        13  4.404e-18
        15  2.738e-18
        17  3.166e-18
        19  2.076e-18
        21  1.206e-18
        23  9.286e-19
        25   8.05e-19
        27  6.457e-19
        29  2.767e-19
        31  1.432e-19
        33  1.143e-19
        35  1.838e-19
        37  1.238e-19
        39  1.153e-19
        41  1.754e-19
     43.01  1.299e-19
     45.01   1.18e-19
     47.01  7.047e-20
     49.01  4.304e-20
     51.01  5.364e-20
     53.01  3.283e-20
     55.01  2.185e-20
     57.01  5.035e-20
     59.01  9.744e-20
     61.01  9.096e-20
     63.01  1.406e-19
     65.01  1.161e-19
     67.01   7.79e-20
     69.01  9.188e-20
     71.01  6.955e-20
     73.01  1.157e-19
     75.01  7.304e-20
     77.01  5.015e-20
     79.01  2.687e-20
     81.01  5.356e-20
     83.01  5.502e-20
     85.01  4.744e-20
     87.01  2.285e-20
     89.01  1.153e-20
     91.01  1.233e-20
     93.01  2.562e-20
     95.01  3.562e-20
     97.01  4.099e-20
     99.01  3.039e-20
       101   3.95e-20
       103  5.128e-20
       105   3.85e-20
       107  2.678e-20
       109  3.241e-20
       111  2.642e-20
       113   1.25e-20
       115  1.306e-20
       117  2.122e-20
       119  1.544e-20
       121  1.461e-20
       123  1.077e-20
       125   2.89e-20
       127  1.859e-20
       129  1.424e-20
       131  1.254e-20
       133  1.156e-20
       135   5.45e-21
       137  6.329e-21
       139  5.014e-21
       141   8.49e-21
       143   6.35e-21
       145  1.079e-20
       147  7.798e-21
       149  4.438e-21
       151  4.622e-21
       153  7.012e-21
       155  4.429e-21
       157  2.444e-21
       159  2.485e-21
       161  3.196e-21
       163  6.825e-21
       165  4.017e-21
       167  7.005e-21
       169  7.472e-21
       171  6.969e-21
       173   6.71e-21
       175  7.518e-21
       177  1.516e-20
       179  1.336e-20
       181  1.295e-20
       183  1.092e-20
       185  9.409e-21
       187  2.561e-21
       189  2.964e-21
       191  1.502e-21
       193  1.289e-23
       195  2.466e-23
       197  5.261e-22
       199  8.248e-22
       201  2.804e-22
       203      1e-23
       205      1e-23
       207      1e-23
       209      1e-23
       211      1e-23
       213      1e-23
       215      1e-23
       217      1e-23
       219      1e-23
       221      1e-23
       223      1e-23
       225      1e-23
       227      1e-23
       229      1e-23
       231      1e-23
       233      1e-23
       235      1e-23
       237      1e-23
       239      1e-23
       241      1e-23
       243      1e-23
       245      1e-23
       247      1e-23
       249      1e-23
       251      1e-23
       253      1e-23
       255      1e-23
       257      1e-23
       259      1e-23
       261      1e-23
       263      1e-23
       265      1e-23
       267      1e-23
       269      1e-23
       271      1e-23
       273      1e-23
       275      1e-23
       277      1e-23
       279      1e-23
       281      1e-23
       283      1e-23
       285      1e-23
       287      1e-23
       289      1e-23
       291      1e-23
       293      1e-23
       295      1e-23
       297      1e-23
       299      1e-23
       301      1e-23
       303      1e-23
       305      1e-23
       307      1e-23
       309      1e-23
       311      1e-23
       313      1e-23
       315      1e-23
       317      1e-23
       319      1e-23
       321      1e-23
       323      1e-23
       325      1e-23
       327      1e-23
       329      1e-23
       331      1e-23
       333      1e-23
       335      1e-23
       337      1e-23
       339      1e-23
       341      1e-23
