         1  1.413e+10
         3  2.995e+10
     5.001  3.934e+10
     7.001  4.936e+10
     9.001   6.17e+10
        11  7.228e+10
        13  7.893e+10
        15  8.411e+10
        17  8.836e+10
        19   9.24e+10
        21  9.495e+10
        23  9.682e+10
        25  9.835e+10
        27  1.001e+11
        29  1.012e+11
        31  1.016e+11
        33  1.018e+11
        35  1.023e+11
        37  1.027e+11
        39  1.028e+11
        41  1.034e+11
     43.01  1.038e+11
     45.01  1.044e+11
     47.01  1.048e+11
     49.01  1.049e+11
     51.01  1.051e+11
     53.01  1.053e+11
     55.01  1.054e+11
     57.01  1.055e+11
     59.01  1.059e+11
     61.01  1.063e+11
     63.01  1.066e+11
     65.01  1.072e+11
     67.01  1.075e+11
     69.01  1.079e+11
     71.01  1.083e+11
     73.01  1.087e+11
     75.01  1.089e+11
     77.01  1.093e+11
     79.01  1.095e+11
     81.01  1.096e+11
     83.01    1.1e+11
     85.01  1.105e+11
     87.01  1.107e+11
     89.01  1.109e+11
     91.01  1.109e+11
     93.01  1.109e+11
     95.01  1.113e+11
     97.01  1.115e+11
     99.01  1.117e+11
       101  1.118e+11
       103  1.123e+11
       105  1.125e+11
       107  1.127e+11
       109  1.129e+11
       111  1.131e+11
       113  1.133e+11
       115  1.134e+11
       117  1.135e+11
       119  1.136e+11
       121  1.137e+11
       123  1.139e+11
       125  1.139e+11
       127  1.142e+11
       129  1.144e+11
       131  1.145e+11
       133  1.146e+11
       135  1.148e+11
       137  1.148e+11
       139  1.149e+11
       141   1.15e+11
       143  1.151e+11
       145  1.152e+11
       147  1.153e+11
       149  1.153e+11
       151  1.153e+11
       153  1.155e+11
       155  1.155e+11
       157  1.155e+11
       159  1.156e+11
       161  1.156e+11
       163  1.157e+11
       165  1.157e+11
       167  1.158e+11
       169  1.159e+11
       171   1.16e+11
       173  1.161e+11
       175  1.163e+11
       177  1.164e+11
       179  1.166e+11
       181  1.168e+11
       183  1.168e+11
       185   1.17e+11
       187  1.171e+11
       189  1.171e+11
       191  1.171e+11
       193  1.171e+11
       195  1.171e+11
       197  1.171e+11
       199  1.172e+11
       201  1.172e+11
       203  1.172e+11
       205  1.172e+11
       207  1.172e+11
       209  1.172e+11
       211  1.172e+11
       213  1.172e+11
       215  1.172e+11
       217  1.172e+11
       219  1.172e+11
       221  1.172e+11
       223  1.172e+11
       225  1.172e+11
       227  1.172e+11
       229  1.172e+11
       231  1.172e+11
       233  1.172e+11
       235  1.172e+11
       237  1.172e+11
       239  1.172e+11
       241  1.172e+11
       243  1.172e+11
       245  1.172e+11
       247  1.172e+11
       249  1.172e+11
       251  1.172e+11
       253  1.172e+11
       255  1.172e+11
       257  1.172e+11
       259  1.172e+11
       261  1.172e+11
       263  1.172e+11
       265  1.172e+11
       267  1.172e+11
       269  1.172e+11
       271  1.172e+11
       273  1.172e+11
       275  1.172e+11
       277  1.172e+11
       279  1.172e+11
       281  1.172e+11
       283  1.172e+11
       285  1.172e+11
       287  1.172e+11
       289  1.172e+11
       291  1.172e+11
       293  1.172e+11
       295  1.172e+11
       297  1.172e+11
       299  1.172e+11
       301  1.172e+11
       303  1.172e+11
       305  1.172e+11
       307  1.172e+11
       309  1.172e+11
       311  1.172e+11
       313  1.172e+11
       315  1.172e+11
       317  1.172e+11
       319  1.172e+11
       321  1.172e+11
       323  1.172e+11
       325  1.172e+11
       327  1.172e+11
       329  1.172e+11
       331  1.172e+11
       333  1.172e+11
       335  1.172e+11
       337  1.172e+11
       339  1.172e+11
       341  1.172e+11
