         1      15.33
         3      19.51
     5.001      19.83
     7.001      19.75
     9.001      19.83
        11      20.77
        13      21.41
        15      21.92
        17      21.76
        19      22.22
        21      22.81
        23       23.1
        25      23.25
        27      23.49
        29      24.41
        31      25.13
        33      25.37
        35      24.86
        37      25.28
        39      25.36
        41      24.91
     43.01      25.23
     45.01      25.34
     47.01       25.9
     49.01      26.43
     51.01      26.19
     53.01      26.73
     55.01      27.17
     57.01      26.26
     59.01      25.54
     61.01      25.62
     63.01      25.15
     65.01      25.35
     67.01      25.79
     69.01      25.61
     71.01      25.91
     73.01      25.36
     75.01      25.86
     77.01      26.27
     79.01      26.94
     81.01      26.19
     83.01      26.16
     85.01      26.33
     87.01      27.12
     89.01      27.86
     91.01      27.79
     93.01      26.99
     95.01      26.64
     97.01      26.48
     99.01      26.81
       101      26.52
       103      26.24
       105      26.55
       107      26.95
       109      26.74
       111      26.96
       113      27.77
       115      27.73
       117       27.2
       119      27.54
       121       27.6
       123      27.94
       125      26.86
       127      27.34
       129      27.63
       131      27.77
       133      27.86
       135      28.68
       137      28.51
       139      28.77
       141      28.19
       143      28.51
       145      27.93
       147      28.29
       149       28.9
       151      28.85
       153       28.4
       155       28.9
       157      29.55
       159      29.53
       161      29.25
       163      28.43
       165      29.01
       167       28.4
       169      28.33
       171      28.41
       173      28.45
       175      28.33
       177      27.56
       179       27.7
       181      27.74
       183      27.92
       185      28.08
       187       29.5
       189      29.34
       191      30.07
       193      35.24
       195      34.54
       197      31.21
       199      30.73
       201       31.9
       203      35.52
       205      35.52
       207      35.52
       209      35.52
       211      35.52
       213      35.52
       215      35.52
       217      35.52
       219      35.52
       221      35.52
       223      35.52
       225      35.52
       227      35.52
       229      35.52
       231      35.52
       233      35.52
       235      35.52
       237      35.52
       239      35.52
       241      35.52
       243      35.52
       245      35.52
       247      35.52
       249      35.52
       251      35.52
       253      35.52
       255      35.52
       257      35.52
       259      35.52
       261      35.52
       263      35.52
       265      35.52
       267      35.52
       269      35.52
       271      35.52
       273      35.52
       275      35.52
       277      35.52
       279      35.52
       281      35.52
       283      35.52
       285      35.52
       287      35.52
       289      35.52
       291      35.52
       293      35.52
       295      35.52
       297      35.52
       299      35.52
       301      35.52
       303      35.52
       305      35.52
       307      35.52
       309      35.52
       311      35.52
       313      35.52
       315      35.52
       317      35.52
       319      35.52
       321      35.52
       323      35.52
       325      35.52
       327      35.52
       329      35.52
       331      35.52
       333      35.52
       335      35.52
       337      35.52
       339      35.52
       341      35.52
