     3.017  1.408e+09
     5.029   5.09e+08
      7.04   3.23e+08
     9.051  2.165e+08
     11.06  1.487e+08
     13.07  1.023e+08
     15.09  8.583e+07
      17.1  7.149e+07
     19.11  6.412e+07
     21.12  5.458e+07
     23.13  4.273e+07
     25.14  3.897e+07
     27.15  3.736e+07
     29.17  3.905e+07
     31.18  2.644e+07
     33.19  1.866e+07
      35.2  1.471e+07
     37.21  9.409e+06
     39.22  7.934e+06
     41.23  5.634e+06
     43.25  5.267e+06
     45.26  5.213e+06
     47.27  6.116e+06
     49.28  4.715e+06
     51.29  4.393e+06
      53.3  3.871e+06
     55.31  3.175e+06
     57.33   3.83e+06
     59.34  3.463e+06
     61.35  3.941e+06
     63.36  3.201e+06
     65.37  3.364e+06
     67.38  3.357e+06
     69.39  2.276e+06
     71.41  1.759e+06
     73.42  1.666e+06
     75.43  1.867e+06
     77.44  1.659e+06
     79.45  1.515e+06
     81.46  1.415e+06
     83.47  1.714e+06
     85.49  1.125e+06
      87.5   1.64e+06
     89.51  1.304e+06
     91.52   1.33e+06
     93.53  1.429e+06
     95.54  1.562e+06
     97.55  1.229e+06
     99.57  1.723e+06
     101.6   1.32e+06
     103.6  8.343e+05
     105.6  1.218e+06
     107.6  1.343e+06
     109.6  1.543e+06
     111.6  2.507e+06
     113.6  2.045e+06
     115.7  1.244e+06
     117.7  1.855e+06
     119.7  1.884e+06
     121.7  1.807e+06
     123.7  1.622e+06
     125.7   1.38e+06
     127.7  1.639e+06
     129.7  1.415e+06
     131.7  8.378e+05
     133.8   1.11e+06
     135.8   6.75e+05
     137.8  7.141e+05
     139.8  6.278e+05
     141.8      8e+05
     143.8  9.029e+05
     145.8  9.249e+05
     147.8  1.038e+06
     149.9  7.202e+05
     151.9  6.853e+05
     153.9  5.371e+05
     155.9  7.318e+05
     157.9  5.747e+05
     159.9  4.611e+05
     161.9  4.653e+05
     163.9  3.067e+05
     165.9  2.878e+05
       168  2.596e+05
       170  1.793e+05
       172  2.191e+05
       174  1.656e+05
       176  1.968e+05
       178  2.306e+05
       180    2.3e+05
       182  1.381e+05
       184  1.676e+05
     186.1  1.664e+05
     188.1  1.522e+05
     190.1  1.373e+05
     192.1  1.647e+05
     194.1  2.085e+05
     196.1  2.376e+05
     198.1  3.144e+05
     200.1  6.215e+05
     202.1  2.652e+05
     204.2  2.672e+05
     206.2   6.24e+04
     208.2  8.825e+04
     210.2  2.297e+05
     212.2  2.173e+05
     214.2  2.855e+04
     216.2  1.542e+05
     218.2  1.528e+05
     220.3  9.392e+04
     222.3  7.983e+04
     224.3  4.387e+04
     226.3          0
     228.3  1.522e+04
     230.3  5.869e+04
     232.3  6.968e+04
     234.3  5.797e+04
     236.3          0
     238.4  3.979e+04
     240.4          0
     242.4          0
     244.4  1.342e+04
     246.4  2.408e+04
     248.4          0
     250.4  5.059e+04
     252.4  2.529e+04
     254.4  2.375e+04
     256.5          0
     258.5  4.681e+04
     260.5  1.167e+04
     262.5  1.204e+04
     264.5  2.378e+04
     266.5  1.115e+04
     268.5          0
     270.5          0
     272.5  1.105e+04
     274.6  4.767e+04
     276.6          0
     278.6  3.402e+04
     280.6   2.14e+04
     282.6  4.484e+04
     284.6          0
     286.6          0
     288.6   1.12e+04
     290.7          0
     292.7          0
     294.7          0
     296.7          0
     298.7          0
     300.7          0
     302.7          0
     304.7          0
     306.7          0
     308.8          0
     310.8          0
     312.8          0
     314.8          0
     316.8          0
     318.8          0
     320.8          0
     322.8          0
     324.8          0
     326.9          0
     328.9          0
     330.9          0
     332.9          0
     334.9          0
     336.9          0
     338.9          0
     340.9          0
     342.9          0
       345          0
       347          0
       349          0
       351          0
