     1.006  3.136e-16
     3.017  9.804e-17
     5.029  4.354e-17
      7.04  3.149e-17
     9.051  2.133e-17
     11.06  1.513e-17
     13.07  1.213e-17
     15.09  1.083e-17
      17.1  9.703e-18
     19.11  8.109e-18
     21.12  7.231e-18
     23.13  5.834e-18
     25.14  5.217e-18
     27.15  5.225e-18
     29.17  4.813e-18
     31.18  3.327e-18
     33.19  2.487e-18
      35.2  1.619e-18
     37.21  1.276e-18
     39.22  9.699e-19
     41.23  8.309e-19
     43.25  8.666e-19
     45.26  9.097e-19
     47.27  8.715e-19
     49.28  8.215e-19
     51.29  8.809e-19
      53.3  6.111e-19
     55.31  7.223e-19
     57.33  7.919e-19
     59.34  7.924e-19
     61.35  7.576e-19
     63.36  7.127e-19
     65.37   7.78e-19
     67.38  5.248e-19
     69.39  3.483e-19
     71.41  3.555e-19
     73.42  4.001e-19
     75.43  3.915e-19
     77.44  3.705e-19
     79.45  3.526e-19
     81.46  4.223e-19
     83.47  3.039e-19
     85.49  3.758e-19
      87.5  4.092e-19
     89.51  2.799e-19
     91.52  2.891e-19
     93.53  3.277e-19
     95.54  3.054e-19
     97.55  3.228e-19
     99.57  3.806e-19
     101.6  2.322e-19
     103.6  1.836e-19
     105.6  2.799e-19
     107.6   2.55e-19
     109.6  3.754e-19
     111.6   3.71e-19
     113.6  3.036e-19
     115.7  3.202e-19
     117.7  3.779e-19
     119.7  3.283e-19
     121.7  3.254e-19
     123.7  2.802e-19
     125.7  3.449e-19
     127.7  3.145e-19
     129.7  2.773e-19
     131.7  2.726e-19
     133.8  2.058e-19
     135.8  1.217e-19
     137.8  1.202e-19
     139.8  1.297e-19
     141.8  1.568e-19
     143.8   1.68e-19
     145.8  1.852e-19
     147.8  1.744e-19
     149.9  1.728e-19
     151.9  1.121e-19
     153.9    1.2e-19
     155.9  1.434e-19
     157.9  9.025e-20
     159.9   8.13e-20
     161.9  8.276e-20
     163.9  5.602e-20
     165.9  4.774e-20
       168  4.238e-20
       170  3.792e-20
       172  3.354e-20
       174  3.322e-20
       176  5.035e-20
       178  3.512e-20
       180  3.081e-20
       182  3.356e-20
       184  3.316e-20
     186.1  2.543e-20
     188.1  2.938e-20
     190.1  1.798e-20
     192.1  3.981e-20
     194.1  4.258e-20
     196.1  4.242e-20
     198.1   1.22e-19
     200.1  6.783e-20
     202.1   5.28e-20
     204.2  3.434e-20
     206.2  1.889e-20
     208.2  3.144e-20
     210.2  2.999e-20
     212.2  2.318e-20
     214.2  2.034e-20
     216.2  1.847e-20
     218.2  2.032e-20
     220.3   1.37e-20
     222.3  1.379e-20
     224.3  2.845e-21
     226.3  2.983e-21
     228.3  1.316e-20
     230.3  2.481e-20
     232.3  2.233e-20
     234.3  1.247e-20
     236.3  3.302e-21
     238.4  5.344e-21
     240.4  8.271e-22
     242.4  2.714e-21
     244.4  2.498e-21
     246.4  2.027e-21
     248.4   5.96e-21
     250.4  1.032e-20
     252.4  5.634e-21
     254.4  2.665e-21
     256.5  6.385e-21
     258.5  5.479e-21
     260.5  3.202e-21
     262.5  5.621e-21
     264.5  4.616e-21
     266.5  1.598e-21
     268.5  3.828e-22
     270.5   1.58e-21
     272.5  1.386e-20
     274.6   1.77e-20
     276.6   1.22e-20
     278.6   7.98e-21
     280.6  1.653e-20
     282.6  1.153e-20
     284.6  8.714e-22
     286.6  4.376e-21
     288.6  2.505e-21
     290.7  5.868e-23
     292.7      1e-23
     294.7      1e-23
     296.7      1e-23
     298.7      1e-23
     300.7      1e-23
     302.7      1e-23
     304.7      1e-23
     306.7      1e-23
     308.8      1e-23
     310.8      1e-23
     312.8      1e-23
     314.8      1e-23
     316.8      1e-23
     318.8      1e-23
     320.8      1e-23
     322.8      1e-23
     324.8      1e-23
     326.9      1e-23
     328.9      1e-23
     330.9      1e-23
     332.9      1e-23
     334.9      1e-23
     336.9      1e-23
     338.9      1e-23
     340.9      1e-23
     342.9      1e-23
       345      1e-23
       347      1e-23
       349      1e-23
       351      1e-23
