     1.006  2.778e+10
     3.017  8.145e+10
     5.029  1.138e+11
      7.04  1.425e+11
     9.051  1.673e+11
     11.06  1.881e+11
     13.07   2.05e+11
     15.09  2.214e+11
      17.1  2.368e+11
     19.11  2.523e+11
     21.12  2.669e+11
     23.13  2.793e+11
     25.14  2.917e+11
     27.15  3.045e+11
     29.17  3.189e+11
     31.18  3.294e+11
     33.19  3.372e+11
      35.2  3.437e+11
     37.21  3.482e+11
     39.22  3.521e+11
     41.23   3.55e+11
     43.25  3.579e+11
     45.26  3.609e+11
     47.27  3.645e+11
     49.28  3.675e+11
     51.29  3.703e+11
      53.3  3.729e+11
     55.31  3.751e+11
     57.33  3.779e+11
     59.34  3.805e+11
     61.35  3.836e+11
     63.36  3.861e+11
     65.37  3.889e+11
     67.38  3.918e+11
     69.39  3.938e+11
     71.41  3.954e+11
     73.42  3.969e+11
     75.43  3.987e+11
     77.44  4.003e+11
     79.45  4.018e+11
     81.46  4.033e+11
     83.47  4.051e+11
     85.49  4.063e+11
      87.5  4.081e+11
     89.51  4.096e+11
     91.52  4.111e+11
     93.53  4.128e+11
     95.54  4.147e+11
     97.55  4.162e+11
     99.57  4.184e+11
     101.6  4.201e+11
     103.6  4.212e+11
     105.6  4.228e+11
     107.6  4.246e+11
     109.6  4.268e+11
     111.6  4.303e+11
     113.6  4.332e+11
     115.7  4.351e+11
     117.7  4.378e+11
     119.7  4.407e+11
     121.7  4.435e+11
     123.7   4.46e+11
     125.7  4.482e+11
     127.7  4.508e+11
     129.7  4.531e+11
     131.7  4.545e+11
     133.8  4.564e+11
     135.8  4.576e+11
     137.8  4.588e+11
     139.8  4.599e+11
     141.8  4.614e+11
     143.8   4.63e+11
     145.8  4.647e+11
     147.8  4.666e+11
     149.9   4.68e+11
     151.9  4.693e+11
     153.9  4.704e+11
     155.9  4.718e+11
     157.9   4.73e+11
     159.9  4.739e+11
     161.9  4.748e+11
     163.9  4.755e+11
     165.9  4.761e+11
       168  4.766e+11
       170   4.77e+11
       172  4.775e+11
       174  4.779e+11
       176  4.783e+11
       178  4.788e+11
       180  4.793e+11
       182  4.797e+11
       184    4.8e+11
     186.1  4.804e+11
     188.1  4.808e+11
     190.1  4.811e+11
     192.1  4.815e+11
     194.1   4.82e+11
     196.1  4.826e+11
     198.1  4.834e+11
     200.1   4.85e+11
     202.1  4.857e+11
     204.2  4.864e+11
     206.2  4.865e+11
     208.2  4.868e+11
     210.2  4.874e+11
     212.2  4.879e+11
     214.2   4.88e+11
     216.2  4.884e+11
     218.2  4.889e+11
     220.3  4.891e+11
     222.3  4.893e+11
     224.3  4.895e+11
     226.3  4.895e+11
     228.3  4.895e+11
     230.3  4.897e+11
     232.3  4.899e+11
     234.3  4.901e+11
     236.3  4.901e+11
     238.4  4.902e+11
     240.4  4.902e+11
     242.4  4.902e+11
     244.4  4.902e+11
     246.4  4.903e+11
     248.4  4.903e+11
     250.4  4.905e+11
     252.4  4.905e+11
     254.4  4.906e+11
     256.5  4.906e+11
     258.5  4.908e+11
     260.5  4.908e+11
     262.5  4.908e+11
     264.5  4.909e+11
     266.5   4.91e+11
     268.5   4.91e+11
     270.5   4.91e+11
     272.5   4.91e+11
     274.6  4.912e+11
     276.6  4.912e+11
     278.6  4.913e+11
     280.6  4.914e+11
     282.6  4.915e+11
     284.6  4.915e+11
     286.6  4.915e+11
     288.6  4.916e+11
     290.7  4.916e+11
     292.7  4.916e+11
     294.7  4.916e+11
     296.7  4.916e+11
     298.7  4.916e+11
     300.7  4.916e+11
     302.7  4.916e+11
     304.7  4.916e+11
     306.7  4.916e+11
     308.8  4.916e+11
     310.8  4.916e+11
     312.8  4.916e+11
     314.8  4.916e+11
     316.8  4.916e+11
     318.8  4.916e+11
     320.8  4.916e+11
     322.8  4.916e+11
     324.8  4.916e+11
     326.9  4.916e+11
     328.9  4.916e+11
     330.9  4.916e+11
     332.9  4.916e+11
     334.9  4.916e+11
     336.9  4.916e+11
     338.9  4.916e+11
     340.9  4.916e+11
     342.9  4.916e+11
       345  4.916e+11
       347  4.916e+11
       349  4.916e+11
       351  4.916e+11
