     1.006      16.78
     3.017      18.04
     5.029      18.92
      7.04      19.27
     9.051      19.69
     11.06      20.07
     13.07      20.31
     15.09      20.43
      17.1      20.55
     19.11      20.74
     21.12      20.87
     23.13       21.1
     25.14      21.22
     27.15      21.22
     29.17      21.31
     31.18      21.71
     33.19      22.03
      35.2      22.49
     37.21      22.75
     39.22      23.05
     41.23      23.22
     43.25      23.17
     45.26      23.12
     47.27      23.17
     49.28      23.23
     51.29      23.15
      53.3      23.55
     55.31      23.37
     57.33      23.27
     59.34      23.27
     61.35      23.32
     63.36      23.38
     65.37      23.29
     67.38      23.72
     69.39      24.16
     71.41      24.14
     73.42      24.01
     75.43      24.03
     77.44      24.09
     79.45      24.15
     81.46      23.95
     83.47      24.31
     85.49      24.08
      87.5      23.99
     89.51       24.4
     91.52      24.36
     93.53      24.23
     95.54       24.3
     97.55      24.24
     99.57      24.06
     101.6       24.6
     103.6      24.86
     105.6       24.4
     107.6       24.5
     109.6      24.08
     111.6      24.09
     113.6      24.31
     115.7      24.25
     117.7      24.07
     119.7      24.23
     121.7      24.24
     123.7       24.4
     125.7      24.17
     127.7      24.27
     129.7      24.41
     131.7      24.43
     133.8      24.73
     135.8       25.3
     137.8      25.32
     139.8      25.23
     141.8      25.03
     143.8      24.95
     145.8      24.85
     147.8      24.91
     149.9      24.92
     151.9      25.39
     153.9      25.32
     155.9      25.12
     157.9      25.63
     159.9      25.74
     161.9      25.72
     163.9      26.15
     165.9      26.32
       168      26.45
       170      26.57
       172       26.7
       174      26.71
       176      26.26
       178      26.65
       180      26.79
       182       26.7
       184      26.71
     186.1         27
     188.1      26.85
     190.1      27.38
     192.1      26.52
     194.1      26.44
     196.1      26.45
     198.1       25.3
     200.1      25.94
     202.1      26.21
     204.2      26.68
     206.2      27.33
     208.2      26.77
     210.2      26.82
     212.2       27.1
     214.2      27.25
     216.2      27.35
     218.2      27.25
     220.3      27.67
     222.3      27.67
     224.3      29.38
     226.3      29.33
     228.3      27.72
     230.3      27.03
     232.3      27.14
     234.3      27.78
     236.3      29.22
     238.4       28.7
     240.4      30.72
     242.4      29.43
     244.4      29.52
     246.4      29.75
     248.4      28.58
     250.4      27.98
     252.4      28.64
     254.4      29.45
     256.5       28.5
     258.5      28.67
     260.5      29.25
     262.5      28.64
     264.5      28.86
     266.5      30.01
     268.5      31.56
     270.5      30.02
     272.5      27.66
     274.6       27.4
     276.6       27.8
     278.6      28.26
     280.6      27.47
     282.6      27.86
     284.6      30.67
     286.6      28.91
     288.6      29.52
     290.7      33.59
     292.7      35.52
     294.7      35.52
     296.7      35.52
     298.7      35.52
     300.7      35.52
     302.7      35.52
     304.7      35.52
     306.7      35.52
     308.8      35.52
     310.8      35.52
     312.8      35.52
     314.8      35.52
     316.8      35.52
     318.8      35.52
     320.8      35.52
     322.8      35.52
     324.8      35.52
     326.9      35.52
     328.9      35.52
     330.9      35.52
     332.9      35.52
     334.9      35.52
     336.9      35.52
     338.9      35.52
     340.9      35.52
     342.9      35.52
       345      35.52
       347      35.52
       349      35.52
       351      35.52
