     3.015   8.37e+08
     5.025  2.998e+08
     7.036  2.011e+08
     9.046  1.167e+08
     11.06  8.226e+07
     13.07  5.909e+07
     15.08  4.497e+07
     17.09  3.551e+07
      19.1  3.268e+07
     21.11  2.094e+07
     23.12  1.747e+07
     25.13  1.214e+07
     27.14  1.096e+07
     29.15  6.492e+06
     31.16  6.438e+06
     33.17  6.319e+06
     35.18  3.967e+06
     37.19  2.714e+06
      39.2  2.166e+06
     41.21  2.269e+06
     43.22  1.544e+06
     45.23  1.491e+06
     47.24  1.091e+06
     49.25  5.524e+05
     51.26  7.122e+05
     53.27  6.307e+05
     55.28  5.506e+05
     57.29  6.323e+05
      59.3  7.051e+05
     61.31  2.462e+05
     63.32   7.68e+05
     65.33  4.193e+05
     67.34  4.938e+05
     69.35   1.78e+05
     71.36  5.102e+05
     73.37  1.241e+05
     75.38  3.165e+05
     77.39  1.569e+05
      79.4  2.355e+05
     81.41  1.833e+05
     83.42  1.845e+05
     85.43  2.152e+05
     87.44  1.016e+05
     89.45  1.722e+05
     91.46   1.68e+05
     93.47  1.999e+05
     95.48  6.448e+04
     97.49  6.135e+04
      99.5  2.427e+05
     101.5   1.76e+05
     103.5  2.653e+05
     105.5  2.657e+05
     107.5  1.691e+05
     109.6  3.077e+05
     111.6  1.116e+05
     113.6  2.645e+04
     115.6  1.064e+05
     117.6  5.186e+04
     119.6          0
     121.6          0
     123.6  2.517e+04
     125.6  7.304e+04
     127.6  4.899e+04
     129.7  7.077e+04
     131.7  2.358e+04
     133.7  4.678e+04
     135.7          0
     137.7  4.467e+04
     139.7          0
     141.7  4.522e+04
     143.7  2.106e+04
     145.7  2.103e+04
     147.7  6.243e+04
     149.8  4.006e+04
     151.8  1.994e+04
     153.8          0
     155.8          0
     157.8  2.413e+04
     159.8          0
     161.8  4.467e+04
     163.8  3.707e+04
     165.8  1.875e+04
     167.9  1.758e+04
     169.9          0
     171.9  3.579e+04
     173.9  1.712e+04
     175.9          0
     177.9          0
     179.9          0
     181.9          0
     183.9          0
     185.9  1.603e+04
       188  1.582e+04
       190  3.136e+04
       192          0
       194   1.64e+04
       196  3.094e+04
       198          0
       200          0
       202          0
       204          0
       206          0
     208.1          0
     210.1  1.775e+04
     212.1          0
     214.1          0
     216.1          0
     218.1          0
     220.1          0
     222.1          0
     224.1          0
     226.1          0
     228.2          0
     230.2          0
     232.2          0
     234.2          0
     236.2          0
     238.2          0
     240.2          0
     242.2          0
     244.2          0
     246.2          0
     248.3          0
     250.3  1.154e+04
     252.3          0
     254.3          0
     256.3          0
     258.3          0
     260.3          0
     262.3          0
     264.3          0
     266.3          0
     268.4          0
     270.4          0
     272.4          0
     274.4          0
     276.4          0
     278.4          0
     280.4          0
     282.4          0
     284.4          0
     286.5          0
     288.5          0
     290.5          0
     292.5          0
     294.5          0
     296.5          0
     298.5          0
     300.5          0
     302.5          0
     304.5          0
     306.6          0
     308.6          0
     310.6          0
     312.6          0
     314.6          0
     316.6          0
     318.6          0
     320.6          0
     322.6          0
     324.6          0
     326.7          0
     328.7          0
     330.7          0
     332.7          0
     334.7          0
