     1.005  1.731e-16
     3.015  3.617e-17
     5.025  2.598e-17
     7.036  1.755e-17
     9.046  1.015e-17
     11.06  8.177e-18
     13.07  5.929e-18
     15.08   5.18e-18
     17.09  3.821e-18
      19.1  3.011e-18
     21.11  2.193e-18
     23.12  1.917e-18
     25.13  1.301e-18
     27.14  9.448e-19
     29.15  6.931e-19
     31.16  7.437e-19
     33.17  5.582e-19
     35.18  3.732e-19
     37.19  2.786e-19
      39.2    2.4e-19
     41.21  2.262e-19
     43.22  1.925e-19
     45.23  1.495e-19
     47.24  1.043e-19
     49.25  9.205e-20
     51.26  8.365e-20
     53.27  7.583e-20
     55.28  7.202e-20
     57.29  7.034e-20
      59.3  6.786e-20
     61.31   5.84e-20
     63.32  7.629e-20
     65.33  6.091e-20
     67.34  3.613e-20
     69.35  4.792e-20
     71.36  4.785e-20
     73.37  2.305e-20
     75.38  2.485e-20
     77.39  1.857e-20
      79.4  3.267e-20
     81.41  2.068e-20
     83.42  2.815e-20
     85.43  1.927e-20
     87.44  1.389e-20
     89.45  2.097e-20
     91.46  1.904e-20
     93.47  1.957e-20
     95.48  8.768e-21
     97.49  1.922e-20
      99.5  2.619e-20
     101.5  2.205e-20
     103.5  4.275e-20
     105.5  3.563e-20
     107.5  2.805e-20
     109.6  2.835e-20
     111.6  1.235e-20
     113.6  9.704e-21
     115.6  9.383e-21
     117.6  4.443e-21
     119.6   3.23e-22
     121.6  3.862e-21
     123.6  3.687e-21
     125.6  1.116e-20
     127.6  1.187e-20
     129.7  7.461e-21
     131.7  5.132e-21
     133.7  4.472e-21
     135.7  6.246e-21
     137.7  1.904e-21
     139.7  3.101e-21
     141.7  5.858e-21
     143.7  4.514e-21
     145.7  5.922e-21
     147.7  5.811e-21
     149.8  5.272e-21
     151.8  1.008e-21
     153.8  1.072e-22
     155.8  5.069e-21
     157.8  6.365e-21
     159.8  4.005e-20
     161.8  1.361e-20
     163.8  6.664e-21
     165.8  2.183e-21
     167.9  6.884e-22
     169.9  3.036e-21
     171.9   2.63e-21
     173.9  1.314e-21
     175.9  6.775e-22
     177.9      1e-23
     179.9      1e-23
     181.9  1.209e-23
     183.9  4.632e-22
     185.9  2.915e-21
       188  1.957e-21
       190  2.033e-21
       192  1.829e-21
       194  2.145e-21
       196  1.469e-21
       198  4.339e-22
       200      1e-23
       202      1e-23
       204      1e-23
       206  1.882e-22
     208.1  8.866e-22
     210.1   2.81e-22
     212.1  2.339e-23
     214.1      1e-23
     216.1      1e-23
     218.1      1e-23
     220.1      1e-23
     222.1      1e-23
     224.1      1e-23
     226.1      1e-23
     228.2      1e-23
     230.2      1e-23
     232.2      1e-23
     234.2      1e-23
     236.2      1e-23
     238.2      1e-23
     240.2      1e-23
     242.2      1e-23
     244.2      1e-23
     246.2  9.291e-23
     248.3  1.214e-21
     250.3  4.094e-22
     252.3  1.231e-23
     254.3      1e-23
     256.3      1e-23
     258.3      1e-23
     260.3      1e-23
     262.3      1e-23
     264.3      1e-23
     266.3      1e-23
     268.4      1e-23
     270.4      1e-23
     272.4      1e-23
     274.4      1e-23
     276.4      1e-23
     278.4      1e-23
     280.4      1e-23
     282.4      1e-23
     284.4      1e-23
     286.5      1e-23
     288.5      1e-23
     290.5      1e-23
     292.5      1e-23
     294.5      1e-23
     296.5      1e-23
     298.5      1e-23
     300.5      1e-23
     302.5      1e-23
     304.5      1e-23
     306.6      1e-23
     308.6      1e-23
     310.6      1e-23
     312.6      1e-23
     314.6      1e-23
     316.6      1e-23
     318.6      1e-23
     320.6      1e-23
     322.6      1e-23
     324.6      1e-23
     326.7      1e-23
     328.7      1e-23
     330.7      1e-23
     332.7      1e-23
     334.7      1e-23
