     1.005  1.515e+10
     3.015  4.703e+10
     5.025  6.605e+10
     7.036  8.392e+10
     9.046  9.725e+10
     11.06  1.087e+11
     13.07  1.185e+11
     15.08  1.271e+11
     17.09  1.347e+11
      19.1  1.426e+11
     21.11  1.482e+11
     23.12  1.533e+11
     25.13  1.571e+11
     27.14  1.609e+11
     29.15  1.633e+11
     31.16  1.658e+11
     33.17  1.685e+11
     35.18  1.702e+11
     37.19  1.715e+11
      39.2  1.726e+11
     41.21  1.738e+11
     43.22  1.746e+11
     45.23  1.755e+11
     47.24  1.761e+11
     49.25  1.764e+11
     51.26  1.769e+11
     53.27  1.773e+11
     55.28  1.777e+11
     57.29  1.782e+11
      59.3  1.787e+11
     61.31  1.789e+11
     63.32  1.795e+11
     65.33  1.799e+11
     67.34  1.803e+11
     69.35  1.804e+11
     71.36  1.809e+11
     73.37   1.81e+11
     75.38  1.813e+11
     77.39  1.815e+11
      79.4  1.817e+11
     81.41  1.819e+11
     83.42  1.821e+11
     85.43  1.823e+11
     87.44  1.824e+11
     89.45  1.826e+11
     91.46  1.828e+11
     93.47   1.83e+11
     95.48  1.831e+11
     97.49  1.832e+11
      99.5  1.835e+11
     101.5  1.837e+11
     103.5  1.841e+11
     105.5  1.844e+11
     107.5  1.847e+11
     109.6  1.851e+11
     111.6  1.852e+11
     113.6  1.853e+11
     115.6  1.854e+11
     117.6  1.855e+11
     119.6  1.855e+11
     121.6  1.855e+11
     123.6  1.856e+11
     125.6  1.857e+11
     127.6  1.858e+11
     129.7  1.859e+11
     131.7  1.859e+11
     133.7   1.86e+11
     135.7   1.86e+11
     137.7  1.861e+11
     139.7  1.861e+11
     141.7  1.861e+11
     143.7  1.862e+11
     145.7  1.862e+11
     147.7  1.863e+11
     149.8  1.864e+11
     151.8  1.865e+11
     153.8  1.865e+11
     155.8  1.865e+11
     157.8  1.865e+11
     159.8  1.865e+11
     161.8  1.866e+11
     163.8  1.867e+11
     165.8  1.867e+11
     167.9  1.867e+11
     169.9  1.867e+11
     171.9  1.868e+11
     173.9  1.869e+11
     175.9  1.869e+11
     177.9  1.869e+11
     179.9  1.869e+11
     181.9  1.869e+11
     183.9  1.869e+11
     185.9  1.869e+11
       188  1.869e+11
       190   1.87e+11
       192   1.87e+11
       194  1.871e+11
       196  1.871e+11
       198  1.871e+11
       200  1.871e+11
       202  1.871e+11
       204  1.871e+11
       206  1.871e+11
     208.1  1.871e+11
     210.1  1.872e+11
     212.1  1.872e+11
     214.1  1.872e+11
     216.1  1.872e+11
     218.1  1.872e+11
     220.1  1.872e+11
     222.1  1.872e+11
     224.1  1.872e+11
     226.1  1.872e+11
     228.2  1.872e+11
     230.2  1.872e+11
     232.2  1.872e+11
     234.2  1.872e+11
     236.2  1.872e+11
     238.2  1.872e+11
     240.2  1.872e+11
     242.2  1.872e+11
     244.2  1.872e+11
     246.2  1.872e+11
     248.3  1.872e+11
     250.3  1.872e+11
     252.3  1.872e+11
     254.3  1.872e+11
     256.3  1.872e+11
     258.3  1.872e+11
     260.3  1.872e+11
     262.3  1.872e+11
     264.3  1.872e+11
     266.3  1.872e+11
     268.4  1.872e+11
     270.4  1.872e+11
     272.4  1.872e+11
     274.4  1.872e+11
     276.4  1.872e+11
     278.4  1.872e+11
     280.4  1.872e+11
     282.4  1.872e+11
     284.4  1.872e+11
     286.5  1.872e+11
     288.5  1.872e+11
     290.5  1.872e+11
     292.5  1.872e+11
     294.5  1.872e+11
     296.5  1.872e+11
     298.5  1.872e+11
     300.5  1.872e+11
     302.5  1.872e+11
     304.5  1.872e+11
     306.6  1.872e+11
     308.6  1.872e+11
     310.6  1.872e+11
     312.6  1.872e+11
     314.6  1.872e+11
     316.6  1.872e+11
     318.6  1.872e+11
     320.6  1.872e+11
     322.6  1.872e+11
     324.6  1.872e+11
     326.7  1.872e+11
     328.7  1.872e+11
     330.7  1.872e+11
     332.7  1.872e+11
     334.7  1.872e+11
