     1.005      17.42
     3.015      19.12
     5.025      19.48
     7.036      19.91
     9.046       20.5
     11.06      20.73
     13.07      21.08
     15.08      21.23
     17.09      21.56
      19.1      21.82
     21.11      22.16
     23.12      22.31
     25.13      22.73
     27.14      23.08
     29.15      23.41
     31.16      23.34
     33.17      23.65
     35.18      24.09
     37.19       24.4
      39.2      24.57
     41.21      24.63
     43.22       24.8
     45.23      25.08
     47.24      25.47
     49.25      25.61
     51.26      25.71
     53.27      25.82
     55.28      25.87
     57.29       25.9
      59.3      25.94
     61.31       26.1
     63.32      25.81
     65.33      26.05
     67.34      26.62
     69.35      26.31
     71.36      26.32
     73.37      27.11
     75.38      27.03
     77.39      27.34
      79.4      26.73
     81.41      27.23
     83.42      26.89
     85.43       27.3
     87.44      27.66
     89.45      27.21
     91.46      27.32
     93.47      27.29
     95.48      28.16
     97.49      27.31
      99.5      26.97
     101.5      27.16
     103.5      26.44
     105.5      26.64
     107.5       26.9
     109.6      26.88
     111.6      27.79
     113.6      28.05
     115.6      28.09
     117.6       28.9
     119.6      31.74
     121.6      29.05
     123.6       29.1
     125.6       27.9
     127.6      27.83
     129.7      28.33
     131.7      28.74
     133.7      28.89
     135.7      28.53
     137.7      29.82
     139.7      29.29
     141.7       28.6
     143.7      28.88
     145.7      28.58
     147.7      28.61
     149.8      28.71
     151.8      30.51
     153.8      32.94
     155.8      28.75
     157.8      28.51
     159.8      26.51
     161.8      27.68
     163.8      28.46
     165.8      29.67
     167.9      30.92
     169.9      29.31
     171.9      29.47
     173.9      30.22
     175.9      30.94
     177.9      35.52
     179.9      35.52
     181.9      35.31
     183.9      31.35
     185.9      29.35
       188      29.79
       190      29.75
       192      29.86
       194      29.69
       196       30.1
       198      31.42
       200      35.52
       202      35.52
       204      35.52
       206      32.33
     208.1      30.65
     210.1      31.89
     212.1      34.59
     214.1      35.52
     216.1      35.52
     218.1      35.52
     220.1      35.52
     222.1      35.52
     224.1      35.52
     226.1      35.52
     228.2      35.52
     230.2      35.52
     232.2      35.52
     234.2      35.52
     236.2      35.52
     238.2      35.52
     240.2      35.52
     242.2      35.52
     244.2      35.52
     246.2       33.1
     248.3      30.31
     250.3      31.49
     252.3      35.29
     254.3      35.52
     256.3      35.52
     258.3      35.52
     260.3      35.52
     262.3      35.52
     264.3      35.52
     266.3      35.52
     268.4      35.52
     270.4      35.52
     272.4      35.52
     274.4      35.52
     276.4      35.52
     278.4      35.52
     280.4      35.52
     282.4      35.52
     284.4      35.52
     286.5      35.52
     288.5      35.52
     290.5      35.52
     292.5      35.52
     294.5      35.52
     296.5      35.52
     298.5      35.52
     300.5      35.52
     302.5      35.52
     304.5      35.52
     306.6      35.52
     308.6      35.52
     310.6      35.52
     312.6      35.52
     314.6      35.52
     316.6      35.52
     318.6      35.52
     320.6      35.52
     322.6      35.52
     324.6      35.52
     326.7      35.52
     328.7      35.52
     330.7      35.52
     332.7      35.52
     334.7      35.52
