     18.83  1.978e-18
     26.49  1.284e-18
     34.15  8.865e-19
     41.81  6.665e-19
     49.48  5.055e-19
     57.14  4.195e-19
      64.8   3.51e-19
     72.46  2.665e-19
     80.12  2.337e-19
     87.78  2.006e-19
     95.44  1.717e-19
     103.1  1.478e-19
     110.8  1.344e-19
     118.4  1.213e-19
     126.1  1.116e-19
     133.8  1.053e-19
     141.4  9.897e-20
     149.1  9.714e-20
     156.7  8.323e-20
     164.4  7.687e-20
     172.1  7.143e-20
     179.7  6.409e-20
     187.4  5.812e-20
       195  5.399e-20
     202.7  5.429e-20
     210.4  5.023e-20
       218  4.806e-20
     225.7  5.037e-20
     233.3  4.567e-20
       241   4.35e-20
     248.7  4.401e-20
     256.3  3.867e-20
       264  3.339e-20
     271.7   3.08e-20
     279.3  2.939e-20
       287    2.8e-20
     294.6   2.52e-20
     302.3  2.318e-20
       310  2.309e-20
     317.6  2.351e-20
     325.3  2.287e-20
     332.9  2.011e-20
     340.6  1.974e-20
     348.3  1.943e-20
