     18.83      22.28
     26.49      22.74
     34.15      23.15
     41.81      23.46
     49.48      23.76
     57.14      23.96
      64.8      24.15
     72.46      24.45
     80.12      24.59
     87.78      24.76
     95.44      24.93
     103.1      25.09
     110.8      25.19
     118.4      25.31
     126.1       25.4
     133.8      25.46
     141.4      25.53
     149.1      25.55
     156.7      25.72
     164.4       25.8
     172.1      25.88
     179.7         26
     187.4      26.11
       195      26.19
     202.7      26.18
     210.4      26.26
       218      26.31
     225.7      26.26
     233.3      26.37
       241      26.42
     248.7      26.41
     256.3      26.55
       264      26.71
     271.7      26.79
     279.3      26.85
       287       26.9
     294.6      27.01
     302.3       27.1
       310      27.11
     317.6      27.09
     325.3      27.12
     332.9      27.26
     340.6      27.28
     348.3      27.29
