     6.002  3.441e+08
        10  2.645e+08
        14  1.808e+08
        18  1.326e+08
     22.01   1.05e+08
     26.01  8.657e+07
     30.01  7.073e+07
     34.01  6.089e+07
     38.01  5.264e+07
     42.01  4.624e+07
     46.01   4.03e+07
     50.01  3.554e+07
     54.01  3.216e+07
     58.02  2.897e+07
     62.02  2.554e+07
     66.02  2.478e+07
     70.02  2.147e+07
     74.02  1.965e+07
     78.02  1.836e+07
     82.02  1.711e+07
     86.02  1.598e+07
     90.02  1.427e+07
     94.03   1.33e+07
     98.03  1.228e+07
       102  1.115e+07
       106  1.073e+07
       110  1.012e+07
       114  9.459e+06
       118   9.15e+06
       122  8.638e+06
       126  8.088e+06
       130   7.83e+06
       134  7.798e+06
       138  7.465e+06
       142  7.326e+06
       146   6.93e+06
       150  6.496e+06
       154   6.12e+06
       158  5.917e+06
       162  5.724e+06
       166  5.418e+06
       170  5.469e+06
       174   5.27e+06
       178  4.888e+06
     182.1  4.661e+06
     186.1  4.434e+06
     190.1  4.135e+06
     194.1  4.043e+06
     198.1  4.004e+06
     202.1  3.872e+06
     206.1  3.885e+06
     210.1  3.784e+06
     214.1  3.623e+06
     218.1  3.537e+06
     222.1  3.568e+06
     226.1  3.666e+06
     230.1  3.741e+06
     234.1  3.396e+06
     238.1  3.105e+06
     242.1  2.998e+06
     246.1  2.863e+06
     250.1  2.754e+06
     254.1  2.321e+06
     258.1  2.041e+06
     262.1  1.763e+06
     266.1  1.423e+06
     270.1  1.215e+06
     274.1  1.058e+06
     278.1  9.285e+05
     282.1   8.57e+05
     286.1  7.924e+05
     290.1  6.676e+05
     294.1  6.071e+05
     298.1  4.899e+05
     302.1  4.395e+05
     306.1   3.58e+05
     310.1  3.543e+05
     314.1  2.944e+05
     318.1   2.67e+05
     322.1  2.272e+05
     326.1  1.685e+05
     330.1  1.447e+05
     334.1  1.083e+05
     338.1  9.027e+04
     342.1  7.159e+04
     346.1  4.365e+04
     350.1   2.85e+04
