     16.92  2.204e-18
     20.75  1.775e-18
     24.58   1.42e-18
     28.41  1.163e-18
     32.24   9.76e-19
     36.07   8.07e-19
      39.9  7.248e-19
     43.73  6.108e-19
     47.56  5.384e-19
     51.39  4.786e-19
     55.22  4.255e-19
     59.05  4.136e-19
     62.88  3.671e-19
     66.71  3.368e-19
     70.54  2.779e-19
     74.38  2.554e-19
     78.21  2.433e-19
     82.04  2.244e-19
     85.87  2.095e-19
      89.7  1.918e-19
     93.53  1.773e-19
     97.36  1.659e-19
     101.2  1.521e-19
       105   1.44e-19
     108.9  1.384e-19
     112.7  1.305e-19
     116.5  1.256e-19
     120.3  1.173e-19
     124.2   1.12e-19
       128  1.112e-19
     131.8  1.084e-19
     135.7  1.022e-19
     139.5  1.002e-19
     143.3  9.772e-20
     147.2  1.053e-19
       151  8.895e-20
     154.8  8.732e-20
     158.6  7.929e-20
     162.5  7.682e-20
     166.3  7.693e-20
     170.1  7.352e-20
       174  6.941e-20
     177.8  6.463e-20
     181.6  6.353e-20
     185.5  5.908e-20
     189.3  5.718e-20
     193.1  5.551e-20
       197  5.259e-20
     200.8  5.464e-20
     204.6  5.395e-20
     208.4  5.118e-20
     212.3   4.93e-20
     216.1  4.682e-20
     219.9  4.932e-20
     223.8  5.011e-20
     227.6  5.063e-20
     231.4  4.623e-20
     235.3  4.513e-20
     239.1  4.337e-20
     242.9  4.362e-20
     246.8  4.343e-20
     250.6  4.463e-20
     254.4   3.92e-20
     258.2  3.807e-20
     262.1  3.431e-20
     265.9  3.238e-20
     269.7  3.176e-20
     273.6  2.974e-20
     277.4  2.881e-20
     281.2  3.002e-20
     285.1   2.83e-20
     288.9  2.769e-20
     292.7  2.625e-20
     296.6  2.404e-20
     300.4  2.366e-20
     304.2  2.265e-20
       308  2.314e-20
     311.9  2.304e-20
     315.7  2.343e-20
     319.5  2.361e-20
     323.4  2.351e-20
     327.2  2.219e-20
       331  2.066e-20
     334.9  1.937e-20
     338.7  1.871e-20
     342.5  2.082e-20
     346.4  2.004e-20
     350.2  1.759e-20
