     16.92      22.16
     20.75      22.39
     24.58      22.64
     28.41      22.85
     32.24      23.04
     36.07      23.25
      39.9      23.37
     43.73      23.55
     47.56      23.69
     51.39      23.82
     55.22      23.94
     59.05      23.97
     62.88       24.1
     66.71       24.2
     70.54      24.41
     74.38       24.5
     78.21      24.55
     82.04      24.64
     85.87      24.71
      89.7      24.81
     93.53      24.89
     97.36      24.97
     101.2      25.06
       105      25.12
     108.9      25.16
     112.7      25.23
     116.5      25.27
     120.3      25.34
     124.2      25.39
       128       25.4
     131.8      25.43
     135.7      25.49
     139.5      25.51
     143.3      25.54
     147.2      25.46
       151      25.64
     154.8      25.66
     158.6      25.77
     162.5       25.8
     166.3       25.8
     170.1      25.85
       174      25.91
     177.8      25.99
     181.6      26.01
     185.5      26.09
     189.3      26.12
     193.1      26.16
       197      26.21
     200.8      26.17
     204.6      26.19
     208.4      26.24
     212.3      26.28
     216.1      26.34
     219.9      26.28
     223.8      26.27
     227.6      26.25
     231.4      26.35
     235.3      26.38
     239.1      26.42
     242.9      26.42
     246.8      26.42
     250.6      26.39
     254.4      26.53
     258.2      26.56
     262.1      26.68
     265.9      26.74
     269.7      26.76
     273.6      26.83
     277.4      26.87
     281.2      26.82
     285.1      26.89
     288.9      26.91
     292.7      26.97
     296.6      27.06
     300.4      27.08
     304.2      27.13
       308      27.11
     311.9      27.11
     315.7      27.09
     319.5      27.08
     323.4      27.09
     327.2      27.15
       331      27.23
     334.9       27.3
     338.7      27.34
     342.5      27.22
     346.4      27.26
     350.2       27.4
