     5.986   7.11e-18
     7.958  5.789e-18
      9.93  5.048e-18
      11.9  4.383e-18
     13.87  3.813e-18
     15.85  3.414e-18
     17.82  3.196e-18
     19.79  2.782e-18
     21.76  2.503e-18
     23.74  2.059e-18
     25.71  1.919e-18
     27.68  1.922e-18
     29.65   1.75e-18
     31.62  1.607e-18
      33.6  1.601e-18
     35.57   1.65e-18
     37.54   1.26e-18
     39.51  1.274e-18
     41.48  1.088e-18
     43.46  9.703e-19
     45.43  8.382e-19
      47.4  7.626e-19
     49.37  7.769e-19
     51.35   7.36e-19
     53.32  7.205e-19
     55.29    6.1e-19
     57.26  5.486e-19
     59.23  5.119e-19
     61.21  4.661e-19
     63.18  4.723e-19
     65.15  5.839e-19
     67.12  4.831e-19
     69.09  3.892e-19
     71.07  3.391e-19
     73.04  3.294e-19
     75.01  3.234e-19
     76.98  3.094e-19
     78.96  2.927e-19
     80.93  3.006e-19
      82.9  2.874e-19
     84.87  2.707e-19
     86.84  2.566e-19
     88.82  2.488e-19
     90.79  2.479e-19
     92.76   2.34e-19
     94.73   2.07e-19
      96.7    2.1e-19
     98.68  2.208e-19
     100.6  2.125e-19
     102.6  2.067e-19
     104.6   2.11e-19
     106.6  1.922e-19
     108.5  1.828e-19
     110.5  1.803e-19
     112.5   1.72e-19
     114.5  1.738e-19
     116.4  1.765e-19
     118.4  1.736e-19
     120.4  1.674e-19
     122.3  1.751e-19
     124.3  2.094e-19
     126.3  1.493e-19
     128.3  1.447e-19
     130.2  1.337e-19
     132.2  1.346e-19
     134.2  1.283e-19
     136.1  1.216e-19
     138.1  1.166e-19
     140.1   1.17e-19
     142.1  1.058e-19
       144  1.017e-19
       146  9.849e-20
       148  9.836e-20
       150  9.406e-20
     151.9    8.5e-20
     153.9  8.381e-20
     155.9  8.671e-20
     157.8  8.533e-20
     159.8  8.684e-20
     161.8  7.967e-20
     163.8  7.723e-20
     165.7  7.454e-20
     167.7  6.775e-20
     169.7  6.893e-20
     171.6  7.069e-20
     173.6  7.646e-20
     175.6  7.247e-20
     177.6  6.573e-20
     179.5   6.42e-20
     181.5  6.261e-20
     183.5  6.358e-20
     185.5  5.993e-20
     187.4  5.805e-20
     189.4  5.694e-20
     191.4  5.723e-20
     193.3  5.269e-20
     195.3  5.214e-20
     197.3  5.435e-20
     199.3    4.7e-20
     201.2  5.017e-20
     203.2  5.187e-20
     205.2  4.943e-20
     207.1  5.069e-20
     209.1  5.222e-20
     211.1  6.023e-20
     213.1  7.308e-20
       215  5.958e-20
       217  4.222e-20
       219  4.126e-20
     220.9  4.242e-20
     222.9  4.184e-20
     224.9  3.757e-20
     226.9  3.625e-20
     228.8  3.771e-20
     230.8   3.36e-20
     232.8  3.098e-20
     234.8  3.078e-20
     236.7  3.038e-20
     238.7  3.143e-20
     240.7   3.06e-20
     242.6  2.944e-20
     244.6  2.985e-20
     246.6  2.712e-20
     248.6  2.696e-20
     250.5  2.946e-20
     252.5  2.989e-20
     254.5  3.111e-20
     256.4  2.993e-20
     258.4  3.025e-20
     260.4  3.092e-20
     262.4  3.187e-20
     264.3  3.248e-20
     266.3  2.634e-20
     268.3  2.373e-20
     270.3  2.373e-20
     272.2  2.214e-20
     274.2  2.493e-20
     276.2   2.51e-20
     278.1   2.63e-20
     280.1  2.291e-20
     282.1  2.215e-20
     284.1   1.98e-20
       286  1.955e-20
       288  1.812e-20
       290  1.808e-20
     291.9  2.167e-20
     293.9  1.921e-20
     295.9  1.833e-20
     297.9  1.671e-20
     299.8  1.553e-20
     301.8  1.841e-20
     303.8   2.22e-20
     305.8  1.693e-20
     307.7  1.659e-20
     309.7   1.55e-20
     311.7  1.258e-20
     313.6  1.773e-20
     315.6   1.51e-20
     317.6  1.216e-20
     319.6  1.501e-20
     321.5  1.282e-20
     323.5  8.966e-21
     325.5  1.282e-20
     327.4  1.471e-20
     329.4  1.892e-20
     331.4  1.399e-20
     333.4  8.568e-21
     335.3  8.747e-21
     337.3  1.219e-20
     339.3  1.224e-20
     341.3  1.755e-20
     343.2  1.827e-20
     345.2  1.998e-20
     347.2   9.62e-21
     349.1  1.244e-20
     351.1  5.318e-21
