     5.986      20.89
     7.958      21.11
      9.93      21.26
      11.9      21.41
     13.87      21.56
     15.85      21.68
     17.82      21.75
     19.79      21.91
     21.76      22.02
     23.74      22.23
     25.71      22.31
     27.68      22.31
     29.65      22.41
     31.62       22.5
      33.6      22.51
     35.57      22.47
     37.54      22.77
     39.51      22.75
     41.48      22.92
     43.46      23.05
     45.43      23.21
      47.4      23.31
     49.37      23.29
     51.35      23.35
     53.32      23.37
     55.29      23.55
     57.26      23.67
     59.23      23.74
     61.21      23.84
     63.18      23.83
     65.15       23.6
     67.12      23.81
     69.09      24.04
     71.07      24.19
     73.04      24.22
     75.01      24.24
     76.98      24.29
     78.96      24.35
     80.93      24.32
      82.9      24.37
     84.87      24.43
     86.84      24.49
     88.82      24.53
     90.79      24.53
     92.76      24.59
     94.73      24.73
      96.7      24.71
     98.68      24.66
     100.6       24.7
     102.6      24.73
     104.6      24.71
     106.6      24.81
     108.5      24.86
     110.5      24.88
     112.5      24.93
     114.5      24.92
     116.4       24.9
     118.4      24.92
     120.4      24.96
     122.3      24.91
     124.3      24.71
     126.3      25.08
     128.3      25.12
     130.2       25.2
     132.2      25.19
     134.2      25.25
     136.1       25.3
     138.1      25.35
     140.1      25.35
     142.1      25.46
       144       25.5
       146      25.53
       148      25.53
       150      25.58
     151.9      25.69
     153.9      25.71
     155.9      25.67
     157.8      25.69
     159.8      25.67
     161.8      25.76
     163.8       25.8
     165.7      25.84
     167.7      25.94
     169.7      25.92
     171.6      25.89
     173.6      25.81
     175.6      25.87
     177.6      25.97
     179.5         26
     181.5      26.02
     183.5      26.01
     185.5      26.07
     187.4      26.11
     189.4      26.13
     191.4      26.12
     193.3      26.21
     195.3      26.22
     197.3      26.18
     199.3      26.34
     201.2      26.27
     203.2      26.23
     205.2      26.28
     207.1      26.25
     209.1      26.22
     211.1      26.07
     213.1      25.86
       215      26.08
       217      26.45
       219      26.48
     220.9      26.45
     222.9      26.46
     224.9      26.58
     226.9      26.62
     228.8      26.58
     230.8       26.7
     232.8      26.79
     234.8       26.8
     236.7      26.81
     238.7      26.77
     240.7       26.8
     242.6      26.84
     244.6      26.83
     246.6      26.93
     248.6      26.94
     250.5      26.84
     252.5      26.83
     254.5      26.78
     256.4      26.83
     258.4      26.81
     260.4      26.79
     262.4      26.76
     264.3      26.74
     266.3      26.96
     268.3      27.08
     270.3      27.08
     272.2      27.15
     274.2      27.02
     276.2      27.02
     278.1      26.97
     280.1      27.12
     282.1      27.15
     284.1      27.27
       286      27.29
       288      27.37
       290      27.37
     291.9      27.18
     293.9      27.31
     295.9      27.36
     297.9      27.46
     299.8      27.54
     301.8      27.35
     303.8      27.15
     305.8      27.44
     307.7      27.47
     309.7      27.54
     311.7      27.77
     313.6      27.39
     315.6      27.57
     317.6       27.8
     319.6      27.58
     321.5      27.75
     323.5      28.13
     325.5      27.75
     327.4       27.6
     329.4      27.32
     331.4      27.65
     333.4      28.18
     335.3      28.16
     337.3       27.8
     339.3       27.8
     341.3      27.41
     343.2      27.36
     345.2      27.26
     347.2      28.06
     349.1      27.78
     351.1       28.7
