     3.014  1.192e+09
     5.023  2.105e+08
     7.032  7.251e+07
     9.041  2.731e+07
     11.05  1.536e+07
     13.06  1.352e+07
     15.07  6.576e+06
     17.08  4.565e+06
     19.09  4.709e+06
      21.1  3.176e+06
      23.1  3.692e+06
     25.11  1.633e+06
     27.12  2.428e+06
     29.13  2.318e+06
     31.14  2.193e+06
     33.15  1.751e+06
     35.16    2.2e+06
     37.17  7.072e+06
     39.18   2.79e+06
     41.19  2.054e+06
      43.2  1.536e+06
      45.2  1.281e+06
     47.21   1.81e+06
     49.22  1.041e+06
     51.23  4.649e+05
     53.24  1.262e+05
     55.25  1.593e+05
     57.26  1.669e+05
     59.27  2.076e+05
     61.28  3.983e+05
     63.29  1.471e+05
      65.3  9.625e+04
      67.3  2.351e+05
     69.31  9.958e+04
     71.32  4.434e+04
     73.33          0
     75.34   4.54e+04
     77.35  1.183e+05
     79.36  2.648e+05
     81.37  1.169e+05
     83.38  1.113e+05
     85.39  2.635e+05
      87.4  1.902e+05
      89.4  2.407e+05
     91.41  1.044e+05
     93.42   9.87e+04
     95.43  6.516e+04
     97.44  6.276e+04
     99.45   9.34e+04
     101.5  1.573e+05
     103.5  3.578e+05
     105.5  1.068e+06
     107.5  8.314e+04
     109.5  8.448e+04
     111.5  2.635e+04
     113.5          0
     115.5  5.619e+04
     117.5  2.615e+04
     119.5          0
     121.5          0
     123.6          0
     125.6          0
     127.6  4.979e+04
     129.6          0
     131.6          0
     133.6  2.449e+04
     135.6          0
     137.6          0
     139.6          0
     141.6          0
     143.6          0
     145.7          0
     147.7          0
     149.7          0
     151.7          0
     153.7          0
     155.7          0
     157.7          0
     159.7          0
     161.7          0
     163.7  1.893e+04
     165.7          0
     167.8          0
     169.8          0
     171.8          0
     173.8          0
     175.8          0
     177.8          0
     179.8          0
     181.8  1.721e+04
     183.8          0
     185.8          0
     187.8          0
     189.9          0
     191.9          0
     193.9          0
     195.9          0
     197.9          0
     199.9          0
     201.9          0
     203.9          0
     205.9          0
     207.9          0
     209.9          0
       212          0
       214          0
       216          0
       218          0
       220          0
       222          0
       224          0
       226          0
       228          0
       230          0
       232          0
     234.1          0
     236.1          0
     238.1          0
     240.1          0
     242.1          0
     244.1          0
     246.1          0
     248.1          0
     250.1          0
     252.1          0
     254.1          0
     256.2          0
     258.2          0
     260.2          0
     262.2          0
     264.2          0
     266.2          0
     268.2          0
     270.2          0
     272.2          0
     274.2          0
     276.2          0
     278.3          0
     280.3          0
     282.3          0
     284.3          0
     286.3          0
     288.3          0
     290.3          0
     292.3          0
     294.3          0
     296.3          0
     298.3          0
     300.4          0
     302.4          0
     304.4          0
     306.4          0
     308.4          0
     310.4          0
     312.4          0
