     1.005  3.596e-16
     3.014  4.835e-17
     5.023  1.327e-17
     7.032  4.697e-18
     9.041  1.984e-18
     11.05  1.427e-18
     13.06  1.052e-18
     15.07  5.391e-19
     17.08  4.422e-19
     19.09  4.281e-19
      21.1  4.389e-19
      23.1  2.453e-19
     25.11  2.514e-19
     27.12  3.034e-19
     29.13  2.968e-19
     31.14  1.782e-19
     33.15  1.835e-19
     35.16  2.951e-19
     37.17  5.745e-19
     39.18  3.066e-19
     41.19  2.336e-19
      43.2  1.745e-19
      45.2  1.691e-19
     47.21  1.944e-19
     49.22  1.639e-19
     51.23  9.742e-20
     53.24   4.18e-20
     55.25  2.806e-20
     57.26   2.45e-20
     59.27  4.232e-20
     61.28  3.072e-20
     63.29  1.877e-20
      65.3  2.865e-20
      67.3  3.357e-20
     69.31  6.584e-21
     71.32  6.677e-21
     73.33  4.043e-21
     75.34  1.925e-20
     77.35   1.89e-20
     79.36  2.134e-20
     81.37  1.725e-20
     83.38  2.714e-20
     85.39  4.032e-20
      87.4  3.151e-20
      89.4  2.366e-20
     91.41   1.86e-20
     93.42  8.355e-21
     95.43  8.763e-21
     97.44  1.283e-20
     99.45  1.699e-20
     101.5  2.361e-20
     103.5  1.013e-19
     105.5  4.023e-20
     107.5  1.142e-20
     109.5  4.958e-21
     111.5  9.688e-22
     113.5  7.182e-21
     115.5  6.474e-21
     117.5   2.64e-21
     119.5   9.53e-23
     121.5      1e-23
     123.6  3.121e-23
     125.6  3.225e-21
     127.6  5.037e-21
     129.6  1.437e-21
     131.6  4.275e-21
     133.6  5.929e-22
     135.6  1.255e-23
     137.6      1e-23
     139.6      1e-23
     141.6      1e-23
     143.6      1e-23
     145.7      1e-23
     147.7      1e-23
     149.7      1e-23
     151.7      1e-23
     153.7      1e-23
     155.7      1e-23
     157.7      1e-23
     159.7  1.436e-23
     161.7  8.504e-22
     163.7  1.854e-21
     165.7  1.499e-22
     167.8      1e-23
     169.8      1e-23
     171.8      1e-23
     173.8      1e-23
     175.8      1e-23
     177.8  1.662e-23
     179.8  9.072e-22
     181.8   1.64e-21
     183.8  8.538e-23
     185.8      1e-23
     187.8      1e-23
     189.9      1e-23
     191.9      1e-23
     193.9      1e-23
     195.9      1e-23
     197.9      1e-23
     199.9      1e-23
     201.9      1e-23
     203.9      1e-23
     205.9      1e-23
     207.9      1e-23
     209.9      1e-23
       212      1e-23
       214      1e-23
       216      1e-23
       218      1e-23
       220      1e-23
       222      1e-23
       224      1e-23
       226      1e-23
       228      1e-23
       230      1e-23
       232      1e-23
     234.1      1e-23
     236.1      1e-23
     238.1      1e-23
     240.1      1e-23
     242.1      1e-23
     244.1      1e-23
     246.1      1e-23
     248.1      1e-23
     250.1      1e-23
     252.1      1e-23
     254.1      1e-23
     256.2      1e-23
     258.2      1e-23
     260.2      1e-23
     262.2      1e-23
     264.2      1e-23
     266.2      1e-23
     268.2      1e-23
     270.2      1e-23
     272.2      1e-23
     274.2      1e-23
     276.2      1e-23
     278.3      1e-23
     280.3      1e-23
     282.3      1e-23
     284.3      1e-23
     286.3      1e-23
     288.3      1e-23
     290.3      1e-23
     292.3      1e-23
     294.3      1e-23
     296.3      1e-23
     298.3      1e-23
     300.4      1e-23
     302.4      1e-23
     304.4      1e-23
     306.4      1e-23
     308.4      1e-23
     310.4      1e-23
     312.4      1e-23
