     1.005  3.119e+10
     3.014  7.655e+10
     5.023   8.99e+10
     7.032  9.633e+10
     9.041  9.945e+10
     11.05  1.016e+11
     13.06  1.038e+11
     15.07  1.051e+11
     17.08  1.061e+11
     19.09  1.072e+11
      21.1   1.08e+11
      23.1  1.091e+11
     25.11  1.096e+11
     27.12  1.105e+11
     29.13  1.113e+11
     31.14  1.122e+11
     33.15  1.129e+11
     35.16  1.139e+11
     37.17  1.172e+11
     39.18  1.186e+11
     41.19  1.197e+11
      43.2  1.205e+11
      45.2  1.212e+11
     47.21  1.223e+11
     49.22  1.229e+11
     51.23  1.232e+11
     53.24  1.233e+11
     55.25  1.234e+11
     57.26  1.236e+11
     59.27  1.237e+11
     61.28   1.24e+11
     63.29  1.241e+11
      65.3  1.242e+11
      67.3  1.244e+11
     69.31  1.245e+11
     71.32  1.246e+11
     73.33  1.246e+11
     75.34  1.246e+11
     77.35  1.247e+11
     79.36   1.25e+11
     81.37  1.251e+11
     83.38  1.252e+11
     85.39  1.255e+11
      87.4  1.257e+11
      89.4   1.26e+11
     91.41  1.261e+11
     93.42  1.262e+11
     95.43  1.263e+11
     97.44  1.264e+11
     99.45  1.265e+11
     101.5  1.267e+11
     103.5  1.272e+11
     105.5  1.286e+11
     107.5  1.287e+11
     109.5  1.288e+11
     111.5  1.288e+11
     113.5  1.288e+11
     115.5  1.289e+11
     117.5   1.29e+11
     119.5   1.29e+11
     121.5   1.29e+11
     123.6   1.29e+11
     125.6   1.29e+11
     127.6   1.29e+11
     129.6   1.29e+11
     131.6   1.29e+11
     133.6  1.291e+11
     135.6  1.291e+11
     137.6  1.291e+11
     139.6  1.291e+11
     141.6  1.291e+11
     143.6  1.291e+11
     145.7  1.291e+11
     147.7  1.291e+11
     149.7  1.291e+11
     151.7  1.291e+11
     153.7  1.291e+11
     155.7  1.291e+11
     157.7  1.291e+11
     159.7  1.291e+11
     161.7  1.291e+11
     163.7  1.291e+11
     165.7  1.291e+11
     167.8  1.291e+11
     169.8  1.291e+11
     171.8  1.291e+11
     173.8  1.291e+11
     175.8  1.291e+11
     177.8  1.291e+11
     179.8  1.291e+11
     181.8  1.292e+11
     183.8  1.292e+11
     185.8  1.292e+11
     187.8  1.292e+11
     189.9  1.292e+11
     191.9  1.292e+11
     193.9  1.292e+11
     195.9  1.292e+11
     197.9  1.292e+11
     199.9  1.292e+11
     201.9  1.292e+11
     203.9  1.292e+11
     205.9  1.292e+11
     207.9  1.292e+11
     209.9  1.292e+11
       212  1.292e+11
       214  1.292e+11
       216  1.292e+11
       218  1.292e+11
       220  1.292e+11
       222  1.292e+11
       224  1.292e+11
       226  1.292e+11
       228  1.292e+11
       230  1.292e+11
       232  1.292e+11
     234.1  1.292e+11
     236.1  1.292e+11
     238.1  1.292e+11
     240.1  1.292e+11
     242.1  1.292e+11
     244.1  1.292e+11
     246.1  1.292e+11
     248.1  1.292e+11
     250.1  1.292e+11
     252.1  1.292e+11
     254.1  1.292e+11
     256.2  1.292e+11
     258.2  1.292e+11
     260.2  1.292e+11
     262.2  1.292e+11
     264.2  1.292e+11
     266.2  1.292e+11
     268.2  1.292e+11
     270.2  1.292e+11
     272.2  1.292e+11
     274.2  1.292e+11
     276.2  1.292e+11
     278.3  1.292e+11
     280.3  1.292e+11
     282.3  1.292e+11
     284.3  1.292e+11
     286.3  1.292e+11
     288.3  1.292e+11
     290.3  1.292e+11
     292.3  1.292e+11
     294.3  1.292e+11
     296.3  1.292e+11
     298.3  1.292e+11
     300.4  1.292e+11
     302.4  1.292e+11
     304.4  1.292e+11
     306.4  1.292e+11
     308.4  1.292e+11
     310.4  1.292e+11
     312.4  1.292e+11
