     1.005      16.63
     3.014      18.81
     5.023      20.21
     7.032      21.34
     9.041      22.27
     11.05      22.63
     13.06      22.96
     15.07      23.69
     17.08       23.9
     19.09      23.94
      21.1      23.91
      23.1      24.54
     25.11      24.52
     27.12      24.31
     29.13      24.33
     31.14      24.89
     33.15      24.86
     35.16      24.34
     37.17      23.62
     39.18       24.3
     41.19      24.59
      43.2      24.91
      45.2      24.95
     47.21      24.79
     49.22      24.98
     51.23      25.54
     53.24      26.46
     55.25       26.9
     57.26      27.04
     59.27      26.45
     61.28       26.8
     63.29      27.33
      65.3      26.87
      67.3       26.7
     69.31      28.47
     71.32      28.45
     73.33         29
     75.34       27.3
     77.35      27.32
     79.36      27.19
     81.37      27.42
     83.38      26.93
     85.39       26.5
      87.4      26.77
      89.4      27.08
     91.41      27.34
     93.42      28.21
     95.43      28.16
     97.44      27.75
     99.45      27.44
     101.5      27.08
     103.5       25.5
     105.5       26.5
     107.5      27.87
     109.5      28.78
     111.5      30.55
     113.5      28.38
     115.5      28.49
     117.5      29.46
     119.5      33.07
     121.5      35.52
     123.6      34.28
     125.6      29.24
     127.6      28.76
     129.6      30.12
     131.6      28.94
     133.6      31.08
     135.6      35.27
     137.6      35.52
     139.6      35.52
     141.6      35.52
     143.6      35.52
     145.7      35.52
     147.7      35.52
     149.7      35.52
     151.7      35.52
     153.7      35.52
     155.7      35.52
     157.7      35.52
     159.7      35.12
     161.7      30.69
     163.7      29.85
     165.7      32.58
     167.8      35.52
     169.8      35.52
     171.8      35.52
     173.8      35.52
     175.8      35.52
     177.8      34.96
     179.8      30.62
     181.8      29.98
     183.8      33.19
     185.8      35.52
     187.8      35.52
     189.9      35.52
     191.9      35.52
     193.9      35.52
     195.9      35.52
     197.9      35.52
     199.9      35.52
     201.9      35.52
     203.9      35.52
     205.9      35.52
     207.9      35.52
     209.9      35.52
       212      35.52
       214      35.52
       216      35.52
       218      35.52
       220      35.52
       222      35.52
       224      35.52
       226      35.52
       228      35.52
       230      35.52
       232      35.52
     234.1      35.52
     236.1      35.52
     238.1      35.52
     240.1      35.52
     242.1      35.52
     244.1      35.52
     246.1      35.52
     248.1      35.52
     250.1      35.52
     252.1      35.52
     254.1      35.52
     256.2      35.52
     258.2      35.52
     260.2      35.52
     262.2      35.52
     264.2      35.52
     266.2      35.52
     268.2      35.52
     270.2      35.52
     272.2      35.52
     274.2      35.52
     276.2      35.52
     278.3      35.52
     280.3      35.52
     282.3      35.52
     284.3      35.52
     286.3      35.52
     288.3      35.52
     290.3      35.52
     292.3      35.52
     294.3      35.52
     296.3      35.52
     298.3      35.52
     300.4      35.52
     302.4      35.52
     304.4      35.52
     306.4      35.52
     308.4      35.52
     310.4      35.52
     312.4      35.52
