     9.106  3.707e+08
     15.18  2.434e+08
     21.25  1.804e+08
     27.32  1.295e+08
     33.39  9.831e+07
     39.46   7.63e+07
     45.53  6.028e+07
      51.6  4.968e+07
     57.67  4.248e+07
     63.74   3.34e+07
     69.81  2.968e+07
     75.88  2.403e+07
     81.95   1.97e+07
     88.02  1.827e+07
     94.09  1.488e+07
     100.2  1.345e+07
     106.2  1.283e+07
     112.3  1.219e+07
     118.4  1.158e+07
     124.4  1.031e+07
     130.5  8.275e+06
     136.6  7.678e+06
     142.7  6.845e+06
     148.7  5.698e+06
     154.8  4.879e+06
     160.9  4.958e+06
     166.9  4.255e+06
       173  4.144e+06
     179.1  3.653e+06
     185.2   3.56e+06
     191.2  2.906e+06
     197.3   3.07e+06
     203.4  2.841e+06
     209.4  3.139e+06
     215.5  2.854e+06
     221.6   2.32e+06
     227.6   1.97e+06
     233.7  2.011e+06
     239.8  1.559e+06
     245.9  1.603e+06
     251.9  1.769e+06
       258    1.2e+06
     264.1  8.462e+05
     270.1  9.221e+05
     276.2  7.425e+05
     282.3  5.293e+05
     288.4  4.152e+05
     294.4   3.45e+05
     300.5  2.543e+05
     306.6  2.429e+05
     312.6  2.576e+05
     318.7  1.503e+05
     324.8  1.276e+05
     330.8  8.441e+04
     336.9  3.916e+04
       343  3.045e+04
     349.1  2.029e+04
