     3.035  2.632e-17
     9.106  5.262e-18
     15.18  4.836e-18
     21.25  4.157e-18
     27.32  3.921e-18
     33.39  2.054e-18
     39.46  2.059e-18
     45.53  1.141e-18
      51.6  9.648e-19
     57.67  8.156e-19
     63.74  6.548e-19
     69.81  6.507e-19
     75.88  5.301e-19
     81.95   4.97e-19
     88.02  3.668e-19
     94.09   3.12e-19
     100.2  2.719e-19
     106.2  2.421e-19
     112.3  2.149e-19
     118.4  2.059e-19
     124.4  1.814e-19
     130.5  1.496e-19
     136.6   1.49e-19
     142.7  1.219e-19
     148.7  9.701e-20
     154.8   9.08e-20
     160.9  8.514e-20
     166.9  7.769e-20
       173   7.43e-20
     179.1  6.259e-20
     185.2  6.344e-20
     191.2  5.729e-20
     197.3  5.113e-20
     203.4  5.583e-20
     209.4  5.009e-20
     215.5  5.004e-20
     221.6  3.662e-20
     227.6  3.698e-20
     233.7  3.576e-20
     239.8  3.043e-20
     245.9  3.501e-20
     251.9  3.177e-20
       258  2.686e-20
     264.1  2.616e-20
     270.1  2.686e-20
     276.2  2.384e-20
     282.3  2.021e-20
     288.4  2.489e-20
     294.4  1.528e-20
     300.5  1.613e-20
     306.6  2.045e-20
     312.6   2.68e-20
     318.7  1.812e-20
     324.8  9.061e-21
     330.8  1.173e-20
     336.9  4.595e-21
       343  9.343e-21
     349.1  2.292e-20
