     3.035  4.405e+10
     9.106  1.728e+11
     15.18  3.137e+11
     21.25  4.599e+11
     27.32  5.949e+11
     33.39  7.201e+11
     39.46  8.349e+11
     45.53  9.396e+11
      51.6  1.037e+12
     57.67  1.131e+12
     63.74  1.212e+12
     69.81  1.291e+12
     75.88  1.361e+12
     81.95  1.422e+12
     88.02  1.484e+12
     94.09  1.537e+12
     100.2  1.588e+12
     106.2   1.64e+12
     112.3  1.693e+12
     118.4  1.745e+12
     124.4  1.794e+12
     130.5  1.835e+12
     136.6  1.875e+12
     142.7  1.912e+12
     148.7  1.945e+12
     154.8  1.973e+12
     160.9  2.004e+12
     166.9  2.031e+12
       173  2.058e+12
     179.1  2.083e+12
     185.2  2.108e+12
     191.2   2.13e+12
     197.3  2.153e+12
     203.4  2.175e+12
     209.4    2.2e+12
     215.5  2.223e+12
     221.6  2.243e+12
     227.6   2.26e+12
     233.7  2.278e+12
     239.8  2.292e+12
     245.9  2.307e+12
     251.9  2.324e+12
       258  2.336e+12
     264.1  2.344e+12
     270.1  2.354e+12
     276.2  2.362e+12
     282.3  2.367e+12
     288.4  2.372e+12
     294.4  2.376e+12
     300.5  2.379e+12
     306.6  2.382e+12
     312.6  2.385e+12
     318.7  2.387e+12
     324.8  2.388e+12
     330.8  2.389e+12
     336.9   2.39e+12
       343   2.39e+12
     349.1   2.39e+12
