     3.035      19.47
     9.106      21.21
     15.18       21.3
     21.25      21.47
     27.32      21.53
     33.39      22.23
     39.46      22.23
     45.53      22.87
      51.6      23.05
     57.67      23.24
     63.74      23.48
     69.81      23.48
     75.88      23.71
     81.95      23.78
     88.02       24.1
     94.09      24.28
     100.2      24.43
     106.2      24.56
     112.3      24.69
     118.4      24.73
     124.4      24.87
     130.5      25.08
     136.6      25.08
     142.7       25.3
     148.7      25.55
     154.8      25.62
     160.9      25.69
     166.9      25.79
       173      25.84
     179.1      26.02
     185.2      26.01
     191.2      26.12
     197.3      26.24
     203.4      26.15
     209.4      26.27
     215.5      26.27
     221.6      26.61
     227.6       26.6
     233.7      26.63
     239.8      26.81
     245.9      26.66
     251.9      26.76
       258      26.94
     264.1      26.97
     270.1      26.94
     276.2      27.07
     282.3      27.25
     288.4      27.03
     294.4      27.56
     300.5       27.5
     306.6      27.24
     312.6      26.95
     318.7      27.37
     324.8      28.12
     330.8      27.84
     336.9      28.86
       343      28.09
     349.1      27.12
