     2.001  1.557e+10
     6.002   6.75e+10
        10   1.34e+11
        14  1.976e+11
        18  2.577e+11
     22.01  3.158e+11
     26.01  3.724e+11
     30.01  4.257e+11
     34.01  4.778e+11
     38.01  5.281e+11
     42.01  5.769e+11
     46.01  6.235e+11
     50.01  6.682e+11
     54.01  7.119e+11
     58.02  7.541e+11
     62.02   7.94e+11
     66.02  8.351e+11
     70.02  8.729e+11
     74.02  9.095e+11
     78.02  9.455e+11
     82.02  9.807e+11
     86.02  1.015e+12
     90.02  1.048e+12
     94.03  1.079e+12
     98.03  1.109e+12
       102  1.138e+12
       106  1.166e+12
       110  1.194e+12
       114  1.222e+12
       118  1.249e+12
       122  1.275e+12
       126  1.301e+12
       130  1.326e+12
       134  1.353e+12
       138  1.379e+12
       142  1.405e+12
       146   1.43e+12
       150  1.455e+12
       154  1.478e+12
       158  1.502e+12
       162  1.525e+12
       166  1.548e+12
       170  1.571e+12
       174  1.594e+12
       178  1.616e+12
     182.1  1.638e+12
     186.1  1.658e+12
     190.1  1.678e+12
     194.1  1.698e+12
     198.1  1.718e+12
     202.1  1.737e+12
     206.1  1.757e+12
     210.1  1.777e+12
     214.1  1.797e+12
     218.1  1.816e+12
     222.1  1.836e+12
     226.1  1.857e+12
     230.1  1.879e+12
     234.1  1.899e+12
     238.1  1.917e+12
     242.1  1.936e+12
     246.1  1.953e+12
     250.1  1.971e+12
     254.1  1.985e+12
     258.1  1.999e+12
     262.1   2.01e+12
     266.1   2.02e+12
     270.1  2.028e+12
     274.1  2.035e+12
     278.1  2.042e+12
     282.1  2.048e+12
     286.1  2.054e+12
     290.1  2.058e+12
     294.1  2.063e+12
     298.1  2.067e+12
     302.1   2.07e+12
     306.1  2.073e+12
     310.1  2.075e+12
     314.1  2.078e+12
     318.1   2.08e+12
     322.1  2.082e+12
     326.1  2.083e+12
     330.1  2.084e+12
     334.1  2.085e+12
     338.1  2.086e+12
     342.1  2.087e+12
     346.1  2.087e+12
     350.1  2.087e+12
