     7.992  6.003e-18
     13.98  4.486e-18
     19.96  4.694e-18
     25.95  4.163e-18
     31.93  2.363e-18
     37.91   2.05e-18
      43.9  1.353e-18
     49.88   9.91e-19
     55.87  8.724e-19
     61.85  6.828e-19
     67.84  6.615e-19
     73.82  5.428e-19
     79.81  5.412e-19
     85.79  4.022e-19
     91.77  3.345e-19
     97.76  2.821e-19
     103.7   2.61e-19
     109.7  2.315e-19
     115.7  2.046e-19
     121.7  2.009e-19
     127.7  1.571e-19
     133.7  1.482e-19
     139.6  1.395e-19
     145.6  1.034e-19
     151.6  9.266e-20
     157.6  8.928e-20
     163.6  8.326e-20
     169.6  7.314e-20
     175.6  6.869e-20
     181.5  6.656e-20
     187.5  6.111e-20
     193.5  5.485e-20
     199.5  5.162e-20
     205.5  5.275e-20
     211.5  5.146e-20
     217.4  4.657e-20
     223.4  3.464e-20
     229.4   3.86e-20
     235.4  3.304e-20
     241.4  3.171e-20
     247.4  3.529e-20
     253.4  2.989e-20
     259.3  2.545e-20
     265.3  2.776e-20
     271.3  2.643e-20
     277.3  2.348e-20
     283.3  2.081e-20
     289.3  2.351e-20
     295.2  1.461e-20
     301.2  1.734e-20
     307.2  2.166e-20
     313.2  2.531e-20
     319.2  1.839e-20
     325.2  8.979e-21
     331.2  1.156e-20
     337.1  4.331e-21
     343.1  9.343e-21
     349.1  2.292e-20
