     7.992      21.07
     13.98      21.39
     19.96      21.34
     25.95      21.47
     31.93      22.08
     37.91      22.24
      43.9      22.69
     49.88      23.03
     55.87      23.16
     61.85      23.43
     67.84      23.46
     73.82      23.68
     79.81      23.68
     85.79      24.01
     91.77      24.21
     97.76      24.39
     103.7      24.47
     109.7       24.6
     115.7      24.74
     121.7      24.76
     127.7      25.03
     133.7      25.09
     139.6      25.15
     145.6      25.48
     151.6       25.6
     157.6      25.64
     163.6      25.72
     169.6      25.86
     175.6      25.92
     181.5      25.96
     187.5      26.05
     193.5      26.17
     199.5      26.23
     205.5      26.21
     211.5      26.24
     217.4      26.35
     223.4      26.67
     229.4      26.55
     235.4      26.72
     241.4      26.76
     247.4      26.65
     253.4      26.83
     259.3         27
     265.3      26.91
     271.3      26.96
     277.3      27.09
     283.3      27.22
     289.3      27.09
     295.2       27.6
     301.2      27.42
     307.2      27.18
     313.2      27.01
     319.2      27.35
     325.2      28.13
     331.2      27.86
     337.1      28.92
     343.1      28.09
     349.1      27.12
