     3.001  1.125e+09
     5.002  3.624e+08
     7.003  1.981e+08
     9.004  1.201e+08
        11  7.782e+07
     13.01  7.615e+07
     15.01  6.731e+07
     17.01  4.793e+07
     19.01  4.565e+07
     21.01  2.889e+07
     23.01  2.595e+07
     25.01  2.042e+07
     27.01  2.032e+07
     29.01  1.414e+07
     31.01  1.031e+07
     33.01  1.064e+07
     35.02  7.134e+06
     37.02  5.143e+06
     39.02  6.871e+06
     41.02  4.698e+06
     43.02  3.389e+06
     45.02  4.378e+06
     47.02  3.873e+06
     49.02  3.307e+06
     51.02  2.105e+06
     53.02  1.638e+06
     55.02  2.167e+06
     57.02  1.859e+06
     59.03  1.338e+06
     61.03  1.699e+06
     63.03  1.544e+06
     65.03  1.565e+06
     67.03  1.135e+06
     69.03  1.218e+06
     71.03  1.145e+06
     73.03  1.145e+06
     75.03  1.248e+06
     77.03  1.039e+06
     79.03  8.398e+05
     81.04  1.004e+06
     83.04   5.22e+05
     85.04   6.42e+05
     87.04  8.052e+05
     89.04  3.584e+05
     91.04  2.504e+05
     93.04  4.996e+05
     95.04  4.644e+05
     97.04  3.985e+05
     99.04  4.801e+05
       101  5.069e+05
       103  3.114e+05
       105  6.697e+05
       107  3.218e+05
       109  2.795e+05
       111  2.219e+05
       113  4.533e+05
     115.1  3.343e+05
     117.1  2.294e+05
     119.1  1.347e+05
     121.1  2.447e+05
     123.1  1.815e+05
     125.1  1.003e+05
     127.1  1.007e+05
     129.1  2.416e+04
     131.1  1.437e+05
     133.1  1.168e+05
     135.1  2.695e+05
     137.1  1.644e+05
     139.1   1.38e+05
     141.1   8.66e+04
     143.1  9.179e+04
     145.1  1.502e+05
     147.1  2.343e+05
     149.1   1.12e+05
     151.1   1.25e+05
     153.1  1.684e+05
     155.1  1.418e+05
     157.1  1.395e+05
     159.1  3.999e+04
     161.1  1.567e+05
     163.1   1.14e+05
     165.1  9.393e+04
     167.1  3.672e+04
     169.1  5.311e+04
     171.1  1.855e+04
     173.1  1.885e+04
     175.1          0
     177.1          0
     179.1  1.671e+04
     181.1  3.816e+04
     183.1  1.972e+04
     185.1  3.826e+04
     187.1  7.613e+04
     189.1  1.976e+04
     191.1  1.669e+04
     193.1          0
     195.1          0
     197.1          0
     199.1   5.07e+04
     201.1          0
     203.1          0
     205.1          0
     207.1          0
     209.1          0
     211.1          0
     213.1  1.592e+04
     215.1          0
     217.1          0
     219.1          0
     221.1          0
     223.1          0
     225.1          0
     227.1  1.403e+04
     229.1   1.39e+04
     231.1          0
     233.1  4.178e+04
     235.1  2.705e+04
     237.1          0
     239.1  1.421e+04
     241.1  2.555e+04
     243.1  1.345e+04
     245.1          0
     247.1  1.225e+04
     249.1  3.023e+04
     251.1  1.754e+04
     253.1          0
     255.1          0
     257.1          0
     259.1          0
     261.1  1.137e+04
     263.1          0
     265.1          0
     267.1  2.243e+04
     269.1          0
     271.1          0
     273.1          0
     275.1          0
     277.1          0
     279.1          0
     281.1          0
     283.1          0
     285.1          0
     287.1          0
     289.1          0
     291.1          0
     293.1          0
     295.1          0
     297.1          0
     299.1          0
     301.1          0
     303.1          0
     305.1          0
     307.1          0
     309.1          0
     311.1          0
     313.1          0
     315.1          0
     317.1          0
     319.1          0
     321.1          0
     323.1          0
     325.1          0
     327.1          0
     329.1          0
     331.1          0
     333.1          0
     335.1          0
     337.1          0
     339.1          0
     341.1          0
     343.1          0
     345.2          0
     347.2          0
     349.2          0
     351.2          0
