         1  3.639e-16
     3.001  6.943e-17
     5.002   2.89e-17
     7.003  1.776e-17
     9.004  1.151e-17
        11  9.012e-18
     13.01  7.788e-18
     15.01  6.888e-18
     17.01   6.25e-18
     19.01  4.517e-18
     21.01  3.631e-18
     23.01    3.5e-18
     25.01    2.9e-18
     27.01  2.311e-18
     29.01   1.73e-18
     31.01  1.403e-18
     33.01  1.081e-18
     35.02  9.355e-19
     37.02  1.109e-18
     39.02   9.18e-19
     41.02  7.497e-19
     43.02  7.098e-19
     45.02  7.843e-19
     47.02  7.068e-19
     49.02  5.562e-19
     51.02  3.475e-19
     53.02  2.844e-19
     55.02  3.585e-19
     57.02  2.962e-19
     59.03   3.03e-19
     61.03  2.937e-19
     63.03  2.658e-19
     65.03  2.387e-19
     67.03  2.409e-19
     69.03  2.753e-19
     71.03  2.151e-19
     73.03  2.327e-19
     75.03  2.137e-19
     77.03  2.028e-19
     79.03  1.595e-19
     81.04  1.476e-19
     83.04  9.438e-20
     85.04   1.24e-19
     87.04  1.145e-19
     89.04   7.32e-20
     91.04  8.179e-20
     93.04  8.411e-20
     95.04  7.016e-20
     97.04  8.092e-20
     99.04  8.463e-20
       101  7.907e-20
       103  8.745e-20
       105  9.162e-20
       107  5.331e-20
       109  4.031e-20
       111  6.113e-20
       113  9.151e-20
     115.1  6.036e-20
     117.1  2.915e-20
     119.1  4.272e-20
     121.1  5.036e-20
     123.1  3.255e-20
     125.1  1.655e-20
     127.1   1.21e-20
     129.1  1.452e-20
     131.1  2.064e-20
     133.1  3.199e-20
     135.1  3.452e-20
     137.1  3.041e-20
     139.1  2.143e-20
     141.1  1.264e-20
     143.1  2.336e-20
     145.1  2.735e-20
     147.1  3.094e-20
     149.1  2.398e-20
     151.1  2.327e-20
     153.1  3.432e-20
     155.1  2.288e-20
     157.1  2.036e-20
     159.1  2.029e-20
     161.1  2.396e-20
     163.1  1.285e-20
     165.1  1.329e-20
     167.1  7.535e-21
     169.1  4.974e-21
     171.1  2.628e-21
     173.1  2.685e-21
     175.1  7.734e-22
     177.1  1.663e-21
     179.1  6.239e-21
     181.1  9.305e-21
     183.1  1.625e-20
     185.1  1.705e-20
     187.1  2.144e-20
     189.1  7.061e-21
     191.1  3.109e-21
     193.1  1.977e-22
     195.1  1.913e-21
     197.1  6.251e-21
     199.1  9.381e-21
     201.1  1.657e-21
     203.1      1e-23
     205.1      1e-23
     207.1      1e-23
     209.1   1.95e-21
     211.1  3.097e-21
     213.1   1.32e-21
     215.1  1.546e-23
     217.1      1e-23
     219.1      1e-23
     221.1      1e-23
     223.1  1.931e-22
     225.1  1.126e-21
     227.1  3.501e-21
     229.1  8.838e-22
     231.1  3.796e-21
     233.1  5.788e-21
     235.1  2.371e-21
     237.1  3.635e-21
     239.1  2.268e-21
     241.1  4.172e-21
     243.1  1.276e-21
     245.1  6.067e-22
     247.1  8.301e-21
     249.1  5.011e-21
     251.1  1.219e-21
     253.1  9.968e-24
     255.1      1e-23
     257.1  1.599e-23
     259.1  2.613e-22
     261.1  1.748e-21
     263.1  3.236e-22
     265.1  3.799e-21
     267.1  1.117e-21
     269.1  9.256e-23
     271.1      1e-23
     273.1      1e-23
     275.1      1e-23
     277.1      1e-23
     279.1      1e-23
     281.1      1e-23
     283.1      1e-23
     285.1      1e-23
     287.1      1e-23
     289.1      1e-23
     291.1      1e-23
     293.1      1e-23
     295.1      1e-23
     297.1      1e-23
     299.1      1e-23
     301.1      1e-23
     303.1      1e-23
     305.1      1e-23
     307.1      1e-23
     309.1      1e-23
     311.1      1e-23
     313.1      1e-23
     315.1      1e-23
     317.1      1e-23
     319.1      1e-23
     321.1      1e-23
     323.1      1e-23
     325.1      1e-23
     327.1      1e-23
     329.1      1e-23
     331.1      1e-23
     333.1      1e-23
     335.1      1e-23
     337.1      1e-23
     339.1      1e-23
     341.1      1e-23
     343.1      1e-23
     345.2      1e-23
     347.2      1e-23
     349.2      1e-23
     351.2      1e-23
