         1  2.789e+10
     3.001  7.032e+10
     5.002  9.311e+10
     7.003  1.106e+11
     9.004  1.242e+11
        11  1.349e+11
     13.01  1.474e+11
     15.01  1.601e+11
     17.01  1.703e+11
     19.01  1.812e+11
     21.01  1.889e+11
     23.01  1.964e+11
     25.01  2.028e+11
     27.01  2.097e+11
     29.01  2.148e+11
     31.01  2.189e+11
     33.01  2.233e+11
     35.02  2.264e+11
     37.02  2.288e+11
     39.02  2.322e+11
     41.02  2.346e+11
     43.02  2.364e+11
     45.02  2.389e+11
     47.02  2.412e+11
     49.02  2.432e+11
     51.02  2.446e+11
     53.02  2.457e+11
     55.02  2.472e+11
     57.02  2.485e+11
     59.03  2.495e+11
     61.03  2.508e+11
     63.03   2.52e+11
     65.03  2.533e+11
     67.03  2.543e+11
     69.03  2.553e+11
     71.03  2.564e+11
     73.03  2.574e+11
     75.03  2.586e+11
     77.03  2.596e+11
     79.03  2.604e+11
     81.04  2.614e+11
     83.04   2.62e+11
     85.04  2.627e+11
     87.04  2.636e+11
     89.04   2.64e+11
     91.04  2.642e+11
     93.04  2.648e+11
     95.04  2.654e+11
     97.04  2.659e+11
     99.04  2.665e+11
       101  2.671e+11
       103  2.675e+11
       105  2.684e+11
       107  2.688e+11
       109  2.692e+11
       111  2.695e+11
       113  2.702e+11
     115.1  2.707e+11
     117.1   2.71e+11
     119.1  2.712e+11
     121.1  2.716e+11
     123.1  2.718e+11
     125.1   2.72e+11
     127.1  2.722e+11
     129.1  2.722e+11
     131.1  2.724e+11
     133.1  2.726e+11
     135.1  2.731e+11
     137.1  2.734e+11
     139.1  2.736e+11
     141.1  2.738e+11
     143.1  2.739e+11
     145.1  2.742e+11
     147.1  2.746e+11
     149.1  2.749e+11
     151.1  2.751e+11
     153.1  2.754e+11
     155.1  2.757e+11
     157.1   2.76e+11
     159.1   2.76e+11
     161.1  2.764e+11
     163.1  2.766e+11
     165.1  2.768e+11
     167.1  2.769e+11
     169.1   2.77e+11
     171.1   2.77e+11
     173.1  2.771e+11
     175.1  2.771e+11
     177.1  2.771e+11
     179.1  2.771e+11
     181.1  2.772e+11
     183.1  2.772e+11
     185.1  2.773e+11
     187.1  2.775e+11
     189.1  2.775e+11
     191.1  2.776e+11
     193.1  2.776e+11
     195.1  2.776e+11
     197.1  2.776e+11
     199.1  2.777e+11
     201.1  2.777e+11
     203.1  2.777e+11
     205.1  2.777e+11
     207.1  2.777e+11
     209.1  2.777e+11
     211.1  2.777e+11
     213.1  2.778e+11
     215.1  2.778e+11
     217.1  2.778e+11
     219.1  2.778e+11
     221.1  2.778e+11
     223.1  2.778e+11
     225.1  2.778e+11
     227.1  2.778e+11
     229.1  2.778e+11
     231.1  2.778e+11
     233.1   2.78e+11
     235.1   2.78e+11
     237.1   2.78e+11
     239.1  2.781e+11
     241.1  2.782e+11
     243.1  2.782e+11
     245.1  2.782e+11
     247.1  2.782e+11
     249.1  2.783e+11
     251.1  2.784e+11
     253.1  2.784e+11
     255.1  2.784e+11
     257.1  2.784e+11
     259.1  2.784e+11
     261.1  2.784e+11
     263.1  2.784e+11
     265.1  2.784e+11
     267.1  2.785e+11
     269.1  2.785e+11
     271.1  2.785e+11
     273.1  2.785e+11
     275.1  2.785e+11
     277.1  2.785e+11
     279.1  2.785e+11
     281.1  2.785e+11
     283.1  2.785e+11
     285.1  2.785e+11
     287.1  2.785e+11
     289.1  2.785e+11
     291.1  2.785e+11
     293.1  2.785e+11
     295.1  2.785e+11
     297.1  2.785e+11
     299.1  2.785e+11
     301.1  2.785e+11
     303.1  2.785e+11
     305.1  2.785e+11
     307.1  2.785e+11
     309.1  2.785e+11
     311.1  2.785e+11
     313.1  2.785e+11
     315.1  2.785e+11
     317.1  2.785e+11
     319.1  2.785e+11
     321.1  2.785e+11
     323.1  2.785e+11
     325.1  2.785e+11
     327.1  2.785e+11
     329.1  2.785e+11
     331.1  2.785e+11
     333.1  2.785e+11
     335.1  2.785e+11
     337.1  2.785e+11
     339.1  2.785e+11
     341.1  2.785e+11
     343.1  2.785e+11
     345.2  2.785e+11
     347.2  2.785e+11
     349.2  2.785e+11
     351.2  2.785e+11
