         1      16.61
     3.001      18.41
     5.002      19.36
     7.003      19.89
     9.004      20.36
        11      20.63
     13.01      20.79
     15.01      20.92
     17.01      21.03
     19.01      21.38
     21.01      21.62
     23.01      21.66
     25.01      21.86
     27.01      22.11
     29.01      22.42
     31.01      22.65
     33.01      22.93
     35.02      23.09
     37.02       22.9
     39.02      23.11
     41.02      23.33
     43.02      23.39
     45.02      23.28
     47.02      23.39
     49.02      23.65
     51.02      24.16
     53.02      24.38
     55.02      24.13
     57.02      24.34
     59.03      24.31
     61.03      24.35
     63.03      24.45
     65.03      24.57
     67.03      24.56
     69.03      24.42
     71.03      24.68
     73.03       24.6
     75.03      24.69
     77.03      24.75
     79.03      25.01
     81.04      25.09
     83.04      25.58
     85.04      25.28
     87.04      25.37
     89.04      25.85
     91.04      25.73
     93.04       25.7
     95.04       25.9
     97.04      25.75
     99.04       25.7
       101      25.77
       103      25.66
       105      25.61
       107       26.2
       109       26.5
       111      26.05
       113      25.61
     115.1      26.06
     117.1      26.85
     119.1      26.44
     121.1      26.26
     123.1      26.73
     125.1      27.47
     127.1      27.81
     129.1      27.61
     131.1      27.23
     133.1      26.75
     135.1      26.67
     137.1      26.81
     139.1      27.19
     141.1      27.76
     143.1       27.1
     145.1      26.92
     147.1      26.79
     149.1      27.07
     151.1       27.1
     153.1      26.68
     155.1      27.12
     157.1      27.24
     159.1      27.25
     161.1      27.07
     163.1      27.74
     165.1      27.71
     167.1      28.32
     169.1      28.77
     171.1      29.47
     173.1      29.44
     175.1       30.8
     177.1      29.96
     179.1      28.53
     181.1      28.09
     183.1      27.49
     185.1      27.44
     187.1      27.19
     189.1      28.39
     191.1      29.28
     193.1      32.28
     195.1      29.81
     197.1      28.53
     199.1      28.09
     201.1      29.97
     203.1      35.52
     205.1      35.52
     207.1      35.52
     209.1      29.79
     211.1      29.29
     213.1      30.22
     215.1      35.04
     217.1      35.52
     219.1      35.52
     221.1      35.52
     223.1       32.3
     225.1      30.39
     227.1      29.16
     229.1      30.65
     231.1      29.07
     233.1      28.61
     235.1      29.58
     237.1      29.11
     239.1      29.63
     241.1      28.97
     243.1      30.25
     245.1      31.06
     247.1      28.22
     249.1      28.77
     251.1       30.3
     253.1      35.52
     255.1      35.52
     257.1      35.01
     259.1      31.97
     261.1      29.91
     263.1      31.74
     265.1      29.07
     267.1       30.4
     269.1       33.1
     271.1      35.52
     273.1      35.52
     275.1      35.52
     277.1      35.52
     279.1      35.52
     281.1      35.52
     283.1      35.52
     285.1      35.52
     287.1      35.52
     289.1      35.52
     291.1      35.52
     293.1      35.52
     295.1      35.52
     297.1      35.52
     299.1      35.52
     301.1      35.52
     303.1      35.52
     305.1      35.52
     307.1      35.52
     309.1      35.52
     311.1      35.52
     313.1      35.52
     315.1      35.52
     317.1      35.52
     319.1      35.52
     321.1      35.52
     323.1      35.52
     325.1      35.52
     327.1      35.52
     329.1      35.52
     331.1      35.52
     333.1      35.52
     335.1      35.52
     337.1      35.52
     339.1      35.52
     341.1      35.52
     343.1      35.52
     345.2      35.52
     347.2      35.52
     349.2      35.52
     351.2      35.52
