 (1): Wavelength (A) 
 (2): Intrinsic SED (1e30 erg/s/A)
 (3 - 9): SED at angles [   0.0000000      0.26183301      0.52366602      0.78549999       1.0473300       1.3091700       1.5710000     ] (1e30 erg/s/A)
 (10): Angle averaged SED (1e30 erg/s/A)
 (11): Molecular cloud emission (1e30 erg/s/A)
 (12): Cirrus emission (1e30 erg/s/A)
  
            1            2            3            4            5            6            7            8            9           10           11           12
   9.5000E+01   1.2716E+11   1.2315E+11   1.2315E+11   1.2315E+11   1.2163E+11   1.2315E+11   1.2315E+11   1.2315E+11   1.2290E+11   2.1477E+03   0.0000E+00
   1.0186E+02   1.4035E+11   1.2612E+11   1.2612E+11   1.2612E+11   1.2456E+11   1.2612E+11   1.2612E+11   1.2612E+11   1.2586E+11   1.6923E+03   0.0000E+00
   1.0921E+02   1.4125E+11   1.2625E+11   1.2625E+11   1.2625E+11   1.2468E+11   1.2625E+11   1.2625E+11   1.2625E+11   1.2599E+11   1.3537E+03   0.0000E+00
   1.1709E+02   1.4211E+11   1.2639E+11   1.2639E+11   1.2639E+11   1.2482E+11   1.2639E+11   1.2639E+11   1.2639E+11   1.2613E+11   1.0774E+03   0.0000E+00
   1.2554E+02   1.4886E+11   1.3029E+11   1.3029E+11   1.3029E+11   1.2866E+11   1.3029E+11   1.3029E+11   1.3028E+11   1.3001E+11   8.5504E+02   0.0000E+00
   1.3460E+02   1.4946E+11   1.3074E+11   1.3074E+11   1.3074E+11   1.2910E+11   1.3073E+11   1.3073E+11   1.3073E+11   1.3046E+11   6.9819E+02   0.0000E+00
   1.4431E+02   1.5763E+11   1.3363E+11   1.3362E+11   1.3362E+11   1.3197E+11   1.3361E+11   1.3361E+11   1.3360E+11   1.3334E+11   6.0763E+02   0.0000E+00
   1.5473E+02   1.6510E+11   1.3849E+11   1.3849E+11   1.3848E+11   1.3679E+11   1.3847E+11   1.3847E+11   1.3846E+11   1.3819E+11   6.2309E+02   0.0000E+00
   1.6589E+02   1.6802E+11   1.4095E+11   1.4095E+11   1.4094E+11   1.3922E+11   1.4093E+11   1.4093E+11   1.4091E+11   1.4064E+11   8.6212E+02   0.0000E+00
   1.7786E+02   1.6938E+11   1.4215E+11   1.4214E+11   1.4213E+11   1.4039E+11   1.4212E+11   1.4212E+11   1.4210E+11   1.4183E+11   1.6288E+03   0.0000E+00
   1.9070E+02   1.7074E+11   1.4342E+11   1.4341E+11   1.4340E+11   1.4165E+11   1.4339E+11   1.4338E+11   1.4337E+11   1.4310E+11   3.7188E+03   0.0000E+00
   2.0446E+02   1.7437E+11   1.4691E+11   1.4690E+11   1.4689E+11   1.4511E+11   1.4688E+11   1.4687E+11   1.4685E+11   1.4658E+11   9.2140E+03   0.0000E+00
   2.1922E+02   1.7688E+11   1.4938E+11   1.4937E+11   1.4935E+11   1.4754E+11   1.4934E+11   1.4933E+11   1.4931E+11   1.4904E+11   2.3205E+04   0.0000E+00
   2.3504E+02   2.3753E+11   1.7895E+11   1.7891E+11   1.7887E+11   1.7703E+11   1.7883E+11   1.7882E+11   1.7877E+11   1.7854E+11   5.8989E+04   0.0000E+00
   2.5200E+02   2.8102E+11   1.8731E+11   1.8727E+11   1.8721E+11   1.8533E+11   1.8717E+11   1.8716E+11   1.8710E+11   1.8687E+11   1.4956E+05   0.0000E+00
   2.7019E+02   3.0221E+11   1.8847E+11   1.8842E+11   1.8837E+11   1.8644E+11   1.8832E+11   1.8831E+11   1.8825E+11   1.8802E+11   3.7879E+05   0.0000E+00
   2.8969E+02   2.9291E+11   1.8355E+11   1.8351E+11   1.8346E+11   1.8153E+11   1.8342E+11   1.8341E+11   1.8335E+11   1.8311E+11   9.5751E+05   0.0000E+00
   3.1059E+02   2.7270E+11   1.8019E+11   1.8015E+11   1.8010E+11   1.7817E+11   1.8006E+11   1.8005E+11   1.8000E+11   1.7976E+11   1.5152E+06   0.0000E+00
   3.3301E+02   2.8866E+11   1.8108E+11   1.8104E+11   1.8099E+11   1.7900E+11   1.8095E+11   1.8094E+11   1.8089E+11   1.8063E+11   1.3028E+06   0.0000E+00
   3.5704E+02   2.8960E+11   1.7755E+11   1.7751E+11   1.7747E+11   1.7547E+11   1.7743E+11   1.7743E+11   1.7738E+11   1.7711E+11   1.1218E+06   0.0000E+00
   3.8280E+02   2.9071E+11   1.7378E+11   1.7375E+11   1.7371E+11   1.7173E+11   1.7368E+11   1.7367E+11   1.7363E+11   1.7336E+11   1.0041E+06   0.0000E+00
   4.1043E+02   3.2329E+11   1.7481E+11   1.7478E+11   1.7474E+11   1.7272E+11   1.7471E+11   1.7471E+11   1.7466E+11   1.7438E+11   8.8652E+05   0.0000E+00
   4.4005E+02   3.1227E+11   1.7195E+11   1.7192E+11   1.7189E+11   1.6985E+11   1.7186E+11   1.7185E+11   1.7181E+11   1.7153E+11   7.6200E+05   0.0000E+00
   4.7181E+02   2.9964E+11   1.7128E+11   1.7125E+11   1.7123E+11   1.6913E+11   1.7120E+11   1.7119E+11   1.7116E+11   1.7086E+11   6.4849E+05   0.0000E+00
   5.0586E+02   2.9279E+11   1.6896E+11   1.6893E+11   1.6891E+11   1.6679E+11   1.6888E+11   1.6888E+11   1.6884E+11   1.6853E+11   2.2667E+05   0.0000E+00
   5.4236E+02   3.0433E+11   1.6673E+11   1.6671E+11   1.6668E+11   1.6455E+11   1.6666E+11   1.6665E+11   1.6662E+11   1.6631E+11   6.9546E+04   0.0000E+00
   5.8151E+02   3.2965E+11   1.6550E+11   1.6548E+11   1.6546E+11   1.6328E+11   1.6544E+11   1.6543E+11   1.6540E+11   1.6508E+11   2.0403E+04   0.0000E+00
   6.2347E+02   3.1994E+11   1.6042E+11   1.6041E+11   1.6038E+11   1.5815E+11   1.6036E+11   1.6035E+11   1.6032E+11   1.5999E+11   5.1788E+03   0.0000E+00
   6.6847E+02   3.1384E+11   1.5831E+11   1.5830E+11   1.5827E+11   1.5596E+11   1.5826E+11   1.5825E+11   1.5821E+11   1.5787E+11   1.3927E+03   0.0000E+00
   7.1671E+02   3.0589E+11   1.5380E+11   1.5380E+11   1.5377E+11   1.5144E+11   1.5376E+11   1.5375E+11   1.5370E+11   1.5336E+11   2.2224E+03   0.0000E+00
   7.6843E+02   2.7980E+11   1.5007E+11   1.5008E+11   1.5004E+11   1.4779E+11   1.5004E+11   1.5003E+11   1.4999E+11   1.4965E+11   5.4407E+03   0.0000E+00
   8.2389E+02   2.8145E+11   1.5073E+11   1.5075E+11   1.5072E+11   1.4852E+11   1.5072E+11   1.5070E+11   1.5067E+11   1.5034E+11   1.3716E+04   0.0000E+00
   8.8334E+02   2.7264E+11   1.5147E+11   1.5149E+11   1.5145E+11   1.4930E+11   1.5146E+11   1.5145E+11   1.5141E+11   1.5109E+11   3.2742E+04   0.0000E+00
   9.4709E+02   7.2539E+11   2.4384E+11   2.4478E+11   2.4347E+11   2.4186E+11   2.4443E+11   2.4375E+11   2.4295E+11   2.4354E+11   7.5318E+04   0.0000E+00
   1.0154E+03   8.0742E+11   3.1539E+11   3.1615E+11   3.1424E+11   3.1216E+11   3.1541E+11   3.1456E+11   3.1304E+11   3.1426E+11   3.7620E+05   0.0000E+00
   1.0887E+03   7.8608E+11   3.4247E+11   3.4296E+11   3.4118E+11   3.3879E+11   3.4222E+11   3.4130E+11   3.3983E+11   3.4104E+11   1.9392E+06   0.0000E+00
   1.1673E+03   7.1425E+11   3.5076E+11   3.5084E+11   3.4931E+11   3.4665E+11   3.5014E+11   3.4929E+11   3.4782E+11   3.4901E+11   9.9590E+06   0.0000E+00
   1.2515E+03   6.9247E+11   3.5437E+11   3.5427E+11   3.5277E+11   3.5011E+11   3.5364E+11   3.5283E+11   3.5107E+11   3.5247E+11   1.7689E+07   0.0000E+00
   1.3419E+03   6.4821E+11   3.4401E+11   3.4383E+11   3.4259E+11   3.4001E+11   3.4334E+11   3.4255E+11   3.4092E+11   3.4224E+11   1.8547E+07   0.0000E+00
   1.4387E+03   5.5786E+11   3.1314E+11   3.1289E+11   3.1195E+11   3.0954E+11   3.1252E+11   3.1183E+11   3.1055E+11   3.1157E+11   1.9241E+07   0.0000E+00
   1.5425E+03   4.1633E+11   2.5936E+11   2.5912E+11   2.5861E+11   2.5646E+11   2.5893E+11   2.5841E+11   2.5764E+11   2.5821E+11   1.9943E+07   0.0000E+00
   1.6538E+03   4.0498E+11   2.4168E+11   2.4144E+11   2.4093E+11   2.3907E+11   2.4136E+11   2.4086E+11   2.3997E+11   2.4064E+11   2.0571E+07   0.0000E+00
   1.7732E+03   3.6207E+11   2.2424E+11   2.2400E+11   2.2358E+11   2.2188E+11   2.2393E+11   2.2350E+11   2.2270E+11   2.2330E+11   2.0916E+07   0.0000E+00
   1.9012E+03   3.1290E+11   2.0037E+11   2.0015E+11   1.9978E+11   1.9821E+11   2.0003E+11   1.9970E+11   1.9901E+11   1.9950E+11   1.9299E+07   0.0000E+00
   2.0384E+03   2.8303E+11   1.8515E+11   1.8495E+11   1.8452E+11   1.8307E+11   1.8473E+11   1.8445E+11   1.8377E+11   1.8426E+11   5.7615E+06   0.0000E+00
   2.1855E+03   2.5573E+11   1.7157E+11   1.7139E+11   1.7096E+11   1.6961E+11   1.7111E+11   1.7087E+11   1.7025E+11   1.7070E+11   2.1920E+06   0.0000E+00
   2.3432E+03   2.1093E+11   1.4357E+11   1.4343E+11   1.4316E+11   1.4203E+11   1.4332E+11   1.4311E+11   1.4263E+11   1.4296E+11   5.6628E+06   0.0000E+00
   2.5123E+03   1.8807E+11   1.3572E+11   1.3557E+11   1.3543E+11   1.3442E+11   1.3557E+11   1.3539E+11   1.3500E+11   1.3525E+11   1.4804E+07   0.0000E+00
   2.6936E+03   1.9856E+11   1.5418E+11   1.5402E+11   1.5393E+11   1.5298E+11   1.5403E+11   1.5386E+11   1.5349E+11   1.5375E+11   3.4205E+07   0.0000E+00
   2.8880E+03   1.9520E+11   1.5894E+11   1.5878E+11   1.5870E+11   1.5783E+11   1.5878E+11   1.5863E+11   1.5829E+11   1.5853E+11   3.7611E+07   0.0000E+00
   3.0964E+03   2.0751E+11   1.7815E+11   1.7799E+11   1.7791E+11   1.7711E+11   1.7794E+11   1.7781E+11   1.7749E+11   1.7774E+11   4.1280E+07   0.0000E+00
   3.3199E+03   2.1607E+11   1.9144E+11   1.9128E+11   1.9120E+11   1.9048E+11   1.9120E+11   1.9108E+11   1.9078E+11   1.9103E+11   4.5311E+07   0.0000E+00
   3.5595E+03   2.2372E+11   2.0326E+11   2.0310E+11   2.0302E+11   2.0238E+11   2.0300E+11   2.0290E+11   2.0261E+11   2.0287E+11   4.9693E+07   0.0000E+00
   3.8163E+03   2.3560E+11   2.1644E+11   2.1626E+11   2.1618E+11   2.1555E+11   2.1612E+11   2.1600E+11   2.1571E+11   2.1600E+11   5.4383E+07   0.0000E+00
   4.0918E+03   3.3528E+11   3.1880E+11   3.1856E+11   3.1843E+11   3.1778E+11   3.1830E+11   3.1816E+11   3.1782E+11   3.1821E+11   5.9499E+07   0.0000E+00
   4.3870E+03   3.3507E+11   3.2217E+11   3.2195E+11   3.2181E+11   3.2123E+11   3.2168E+11   3.2156E+11   3.2124E+11   3.2162E+11   6.5211E+07   0.0000E+00
   4.7036E+03   3.7374E+11   3.6267E+11   3.6244E+11   3.6229E+11   3.6173E+11   3.6213E+11   3.6202E+11   3.6169E+11   3.6210E+11   6.4389E+07   0.0000E+00
   5.0431E+03   3.6096E+11   3.5200E+11   3.5179E+11   3.5165E+11   3.5116E+11   3.5151E+11   3.5140E+11   3.5111E+11   3.5148E+11   6.1944E+07   0.0000E+00
   5.4070E+03   3.6181E+11   3.5441E+11   3.5422E+11   3.5409E+11   3.5364E+11   3.5395E+11   3.5385E+11   3.5358E+11   3.5394E+11   5.9718E+07   0.0000E+00
   5.7973E+03   4.0281E+11   3.9635E+11   3.9616E+11   3.9601E+11   3.9558E+11   3.9586E+11   3.9576E+11   3.9548E+11   3.9586E+11   5.7539E+07   0.0000E+00
   6.2156E+03   3.6261E+11   3.5733E+11   3.5717E+11   3.5705E+11   3.5669E+11   3.5692E+11   3.5683E+11   3.5660E+11   3.5693E+11   5.5411E+07   0.0000E+00
   6.6642E+03   3.6037E+11   3.5583E+11   3.5569E+11   3.5557E+11   3.5524E+11   3.5545E+11   3.5536E+11   3.5515E+11   3.5546E+11   5.2328E+07   0.0000E+00
   7.1451E+03   3.3686E+11   3.3303E+11   3.3290E+11   3.3280E+11   3.3251E+11   3.3269E+11   3.3262E+11   3.3243E+11   3.3271E+11   4.8828E+07   0.0000E+00
   7.6608E+03   3.3643E+11   3.3310E+11   3.3299E+11   3.3289E+11   3.3263E+11   3.3279E+11   3.3272E+11   3.3254E+11   3.3281E+11   4.5772E+07   0.0000E+00
   8.2136E+03   3.3321E+11   3.3032E+11   3.3022E+11   3.3013E+11   3.2989E+11   3.3004E+11   3.2997E+11   3.2980E+11   3.3006E+11   4.3183E+07   0.0000E+00
   8.8064E+03   2.7603E+11   2.7368E+11   2.7360E+11   2.7353E+11   2.7334E+11   2.7346E+11   2.7341E+11   2.7327E+11   2.7348E+11   4.1213E+07   0.0000E+00
   9.4420E+03   2.9404E+11   2.9191E+11   2.9183E+11   2.9177E+11   2.9159E+11   2.9170E+11   2.9164E+11   2.9151E+11   2.9172E+11   3.7898E+07   1.4935E+07
   1.0123E+04   2.7644E+11   2.7460E+11   2.7453E+11   2.7447E+11   2.7431E+11   2.7441E+11   2.7436E+11   2.7424E+11   2.7443E+11   3.4978E+07   1.6791E+07
   1.0854E+04   2.4498E+11   2.4346E+11   2.4340E+11   2.4335E+11   2.4322E+11   2.4330E+11   2.4327E+11   2.4317E+11   2.4333E+11   3.2609E+07   1.8704E+07
   1.1637E+04   2.1727E+11   2.1601E+11   2.1597E+11   2.1593E+11   2.1582E+11   2.1589E+11   2.1586E+11   2.1577E+11   2.1591E+11   3.0854E+07   2.0577E+07
   1.2477E+04   1.9371E+11   1.9265E+11   1.9261E+11   1.9258E+11   1.9249E+11   1.9254E+11   1.9252E+11   1.9245E+11   1.9256E+11   2.8738E+07   2.2362E+07
   1.3377E+04   1.7244E+11   1.7155E+11   1.7152E+11   1.7149E+11   1.7142E+11   1.7146E+11   1.7144E+11   1.7138E+11   1.7148E+11   2.6351E+07   2.3852E+07
   1.4343E+04   1.5292E+11   1.5219E+11   1.5216E+11   1.5214E+11   1.5208E+11   1.5212E+11   1.5210E+11   1.5205E+11   1.5214E+11   2.4556E+07   2.4997E+07
   1.5378E+04   1.4774E+11   1.4709E+11   1.4707E+11   1.4705E+11   1.4699E+11   1.4703E+11   1.4701E+11   1.4697E+11   1.4705E+11   2.3491E+07   2.5849E+07
   1.6488E+04   1.3621E+11   1.3567E+11   1.3565E+11   1.3563E+11   1.3558E+11   1.3561E+11   1.3560E+11   1.3556E+11   1.3563E+11   2.2357E+07   2.6365E+07
   1.7678E+04   1.1506E+11   1.1461E+11   1.1460E+11   1.1458E+11   1.1454E+11   1.1457E+11   1.1456E+11   1.1453E+11   1.1459E+11   2.0618E+07   2.6422E+07
   1.8953E+04   9.0001E+10   8.9658E+10   8.9648E+10   8.9640E+10   8.9609E+10   8.9631E+10   8.9623E+10   8.9603E+10   8.9642E+10   1.9542E+07   2.6133E+07
   2.0321E+04   7.4276E+10   7.4017E+10   7.4009E+10   7.4003E+10   7.3978E+10   7.3997E+10   7.3990E+10   7.3975E+10   7.4006E+10   1.9203E+07   2.5566E+07
   2.1788E+04   6.2713E+10   6.2518E+10   6.2512E+10   6.2508E+10   6.2487E+10   6.2503E+10   6.2498E+10   6.2486E+10   6.2511E+10   1.9775E+07   2.4756E+07
   2.3360E+04   4.6436E+10   4.6313E+10   4.6309E+10   4.6306E+10   4.6290E+10   4.6303E+10   4.6299E+10   4.6292E+10   4.6308E+10   2.2653E+07   2.3759E+07
   2.5046E+04   3.0314E+10   3.0249E+10   3.0247E+10   3.0246E+10   3.0234E+10   3.0244E+10   3.0242E+10   3.0238E+10   3.0247E+10   2.7260E+07   2.2712E+07
   2.6854E+04   2.7487E+10   2.7441E+10   2.7440E+10   2.7439E+10   2.7428E+10   2.7437E+10   2.7436E+10   2.7432E+10   2.7441E+10   3.4326E+07   2.1715E+07
   2.8792E+04   2.3139E+10   2.3125E+10   2.3123E+10   2.3123E+10   2.3114E+10   2.3122E+10   2.3121E+10   2.3118E+10   2.3125E+10   4.5410E+07   2.1042E+07
   3.0869E+04   1.8905E+10   1.8928E+10   1.8927E+10   1.8926E+10   1.8920E+10   1.8926E+10   1.8925E+10   1.8923E+10   1.8928E+10   6.3266E+07   2.2837E+07
   3.3097E+04   1.6040E+10   1.6423E+10   1.6423E+10   1.6424E+10   1.6420E+10   1.6426E+10   1.6424E+10   1.6423E+10   1.6427E+10   9.2852E+07   3.5258E+08
   3.5486E+04   1.3474E+10   1.3596E+10   1.3596E+10   1.3596E+10   1.3591E+10   1.3595E+10   1.3595E+10   1.3594E+10   1.3597E+10   1.3956E+08   2.0527E+07
   3.8047E+04   1.0809E+10   1.0988E+10   1.0988E+10   1.0988E+10   1.0985E+10   1.0988E+10   1.0988E+10   1.0987E+10   1.0989E+10   1.9051E+08   1.7891E+07
   4.0792E+04   8.8689E+09   9.1240E+09   9.1239E+09   9.1245E+09   9.1216E+09   9.1245E+09   9.1241E+09   9.1239E+09   9.1256E+09   2.6058E+08   1.7511E+07
   4.3736E+04   6.9635E+09   7.3216E+09   7.3217E+09   7.3226E+09   7.3203E+09   7.3227E+09   7.3224E+09   7.3224E+09   7.3235E+09   3.5715E+08   1.8381E+07
   4.6893E+04   5.6527E+09   6.1500E+09   6.1502E+09   6.1514E+09   6.1497E+09   6.1517E+09   6.1514E+09   6.1516E+09   6.1523E+09   4.9055E+08   2.0604E+07
   5.0277E+04   4.7662E+09   5.4513E+09   5.4517E+09   5.4532E+09   5.4520E+09   5.4537E+09   5.4534E+09   5.4538E+09   5.4542E+09   6.7158E+08   2.5470E+07
   5.3905E+04   4.0589E+09   4.8896E+09   4.8901E+09   4.8919E+09   4.8910E+09   4.8924E+09   4.8921E+09   4.8926E+09   4.8928E+09   8.0359E+08   3.7644E+07
   5.7795E+04   3.4688E+09   4.4727E+09   4.4733E+09   4.4754E+09   4.4748E+09   4.4761E+09   4.4757E+09   4.4763E+09   4.4764E+09   9.2692E+08   8.6943E+07
   6.1966E+04   2.9691E+09   4.5314E+09   4.5323E+09   4.5358E+09   4.5362E+09   4.5378E+09   4.5368E+09   4.5373E+09   4.5374E+09   1.0273E+09   5.5231E+08
   6.6438E+04   2.5483E+09   3.7945E+09   3.7952E+09   3.7975E+09   3.7973E+09   3.7984E+09   3.7980E+09   3.7986E+09   3.7985E+09   1.1225E+09   1.3242E+08
   7.1233E+04   2.2056E+09   3.5965E+09   3.5972E+09   3.5997E+09   3.5998E+09   3.6009E+09   3.6004E+09   3.6009E+09   3.6008E+09   1.1854E+09   2.1444E+08
   7.6374E+04   1.9163E+09   3.7862E+09   3.7873E+09   3.7920E+09   3.7930E+09   3.7945E+09   3.7933E+09   3.7940E+09   3.7937E+09   1.1836E+09   7.0589E+08
   8.1885E+04   1.6656E+09   3.0116E+09   3.0126E+09   3.0175E+09   3.0177E+09   3.0194E+09   3.0182E+09   3.0195E+09   3.0186E+09   1.0705E+09   2.9116E+08
   8.7795E+04   1.4755E+09   2.5672E+09   2.5680E+09   2.5736E+09   2.5729E+09   2.5747E+09   2.5733E+09   2.5754E+09   2.5739E+09   9.2058E+08   1.8710E+08
   9.4131E+04   1.2962E+09   2.1470E+09   2.1472E+09   2.1517E+09   2.1495E+09   2.1509E+09   2.1498E+09   2.1525E+09   2.1508E+09   8.0444E+08   5.4842E+07
   1.0092E+05   1.1514E+09   2.0591E+09   2.0595E+09   2.0640E+09   2.0623E+09   2.0634E+09   2.0624E+09   2.0650E+09   2.0633E+09   8.7967E+08   3.5037E+07
   1.0821E+05   1.0219E+09   2.0412E+09   2.0419E+09   2.0464E+09   2.0457E+09   2.0467E+09   2.0457E+09   2.0480E+09   2.0464E+09   9.7811E+08   4.9067E+07
   1.1602E+05   9.0540E+08   2.0236E+09   2.0245E+09   2.0288E+09   2.0287E+09   2.0297E+09   2.0288E+09   2.0305E+09   2.0293E+09   1.0442E+09   8.2556E+07
   1.2439E+05   8.0740E+08   1.9061E+09   1.9069E+09   1.9102E+09   1.9103E+09   1.9111E+09   1.9105E+09   1.9117E+09   1.9108E+09   1.0574E+09   4.7395E+07
   1.3337E+05   7.2824E+08   1.7754E+09   1.7762E+09   1.7786E+09   1.7787E+09   1.7793E+09   1.7790E+09   1.7798E+09   1.7792E+09   1.0295E+09   2.1957E+07
   1.4299E+05   6.5791E+08   1.6520E+09   1.6526E+09   1.6546E+09   1.6547E+09   1.6553E+09   1.6550E+09   1.6556E+09   1.6552E+09   9.8668E+08   1.0844E+07
   1.5331E+05   5.8587E+08   1.5561E+09   1.5567E+09   1.5589E+09   1.5589E+09   1.5595E+09   1.5592E+09   1.5599E+09   1.5594E+09   9.6415E+08   9.5814E+06
   1.6437E+05   5.3277E+08   1.5678E+09   1.5685E+09   1.5712E+09   1.5714E+09   1.5720E+09   1.5715E+09   1.5724E+09   1.5717E+09   9.4804E+08   9.2804E+07
   1.7624E+05   4.7596E+08   1.4180E+09   1.4186E+09   1.4211E+09   1.4211E+09   1.4216E+09   1.4212E+09   1.4222E+09   1.4215E+09   9.3090E+08   1.4996E+07
   1.8895E+05   4.2526E+08   1.3440E+09   1.3446E+09   1.3470E+09   1.3470E+09   1.3475E+09   1.3471E+09   1.3480E+09   1.3473E+09   9.0590E+08   1.6593E+07
   2.0259E+05   3.8450E+08   1.2713E+09   1.2719E+09   1.2739E+09   1.2740E+09   1.2745E+09   1.2741E+09   1.2748E+09   1.2743E+09   8.6824E+08   2.2021E+07
   2.1721E+05   3.4844E+08   1.2119E+09   1.2123E+09   1.2142E+09   1.2143E+09   1.2147E+09   1.2144E+09   1.2150E+09   1.2146E+09   8.2553E+08   4.1289E+07
   2.3289E+05   3.1239E+08   1.1223E+09   1.1227E+09   1.1242E+09   1.1243E+09   1.1247E+09   1.1244E+09   1.1249E+09   1.1246E+09   7.8272E+08   2.9927E+07
   2.4969E+05   2.7409E+08   1.0266E+09   1.0270E+09   1.0282E+09   1.0283E+09   1.0286E+09   1.0284E+09   1.0288E+09   1.0285E+09   7.3881E+08   1.5820E+07
   2.6771E+05   2.4606E+08   9.4383E+08   9.4411E+08   9.4513E+08   9.4523E+08   9.4549E+08   9.4532E+08   9.4561E+08   9.4544E+08   6.8455E+08   1.4989E+07
   2.8703E+05   2.2079E+08   8.6759E+08   8.6784E+08   8.6870E+08   8.6879E+08   8.6902E+08   8.6887E+08   8.6912E+08   8.6899E+08   6.3352E+08   1.4817E+07
   3.0775E+05   1.9412E+08   7.9401E+08   7.9423E+08   7.9495E+08   7.9504E+08   7.9524E+08   7.9512E+08   7.9531E+08   7.9522E+08   5.8667E+08   1.4550E+07
   3.2996E+05   1.7029E+08   7.2707E+08   7.2725E+08   7.2787E+08   7.2795E+08   7.2812E+08   7.2802E+08   7.2818E+08   7.2811E+08   5.4367E+08   1.4252E+07
   3.5377E+05   1.4792E+08   6.6523E+08   6.6539E+08   6.6591E+08   6.6599E+08   6.6614E+08   6.6605E+08   6.6618E+08   6.6614E+08   5.0419E+08   1.4118E+07
   3.7930E+05   1.3150E+08   6.1244E+08   6.1258E+08   6.1302E+08   6.1309E+08   6.1322E+08   6.1314E+08   6.1325E+08   6.1322E+08   4.6752E+08   1.4295E+07
   4.0667E+05   1.1427E+08   5.5672E+08   5.5685E+08   5.5722E+08   5.5729E+08   5.5741E+08   5.5734E+08   5.5743E+08   5.5741E+08   4.2833E+08   1.4892E+07
   4.3602E+05   9.9033E+07   5.0800E+08   5.0811E+08   5.0843E+08   5.0850E+08   5.0859E+08   5.0854E+08   5.0861E+08   5.0860E+08   3.9362E+08   1.6032E+07
   4.6749E+05   8.4362E+07   4.6436E+08   4.6446E+08   4.6473E+08   4.6480E+08   4.6488E+08   4.6483E+08   4.6489E+08   4.6489E+08   3.6279E+08   1.7818E+07
   5.0123E+05   7.3088E+07   4.2820E+08   4.2829E+08   4.2852E+08   4.2858E+08   4.2865E+08   4.2861E+08   4.2866E+08   4.2867E+08   3.3536E+08   2.0299E+07
   5.3740E+05   6.1375E+07   3.9523E+08   3.9531E+08   3.9551E+08   3.9556E+08   3.9562E+08   3.9559E+08   3.9563E+08   3.9564E+08   3.1091E+08   2.3444E+07
   5.7618E+05   5.1539E+07   3.6730E+08   3.6736E+08   3.6753E+08   3.6758E+08   3.6763E+08   3.6760E+08   3.6763E+08   3.6765E+08   2.8906E+08   2.7141E+07
   6.1776E+05   4.3282E+07   3.4310E+08   3.4316E+08   3.4331E+08   3.4335E+08   3.4339E+08   3.4336E+08   3.4339E+08   3.4341E+08   2.6905E+08   3.1180E+07
   6.6235E+05   3.5363E+07   3.2056E+08   3.2061E+08   3.2073E+08   3.2076E+08   3.2080E+08   3.2078E+08   3.2080E+08   3.2083E+08   2.5029E+08   3.5259E+07
   7.1015E+05   2.8220E+07   3.0017E+08   3.0021E+08   3.0031E+08   3.0035E+08   3.0038E+08   3.0036E+08   3.0037E+08   3.0040E+08   2.3319E+08   3.9082E+07
   7.6140E+05   2.2624E+07   2.8220E+08   2.8223E+08   2.8231E+08   2.8234E+08   2.8237E+08   2.8235E+08   2.8236E+08   2.8240E+08   2.1754E+08   4.2305E+07
   8.1635E+05   1.7427E+07   2.6505E+08   2.6508E+08   2.6515E+08   2.6517E+08   2.6519E+08   2.6518E+08   2.6519E+08   2.6522E+08   2.0321E+08   4.4656E+07
   8.7526E+05   1.3573E+07   2.4327E+08   2.4329E+08   2.4335E+08   2.4337E+08   2.4338E+08   2.4337E+08   2.4338E+08   2.4341E+08   1.8392E+08   4.5978E+07
   9.3842E+05   1.0449E+07   2.1762E+08   2.1764E+08   2.1768E+08   2.1770E+08   2.1771E+08   2.1770E+08   2.1771E+08   2.1774E+08   1.6117E+08   4.6168E+07
   1.0061E+06   7.4566E+06   1.9392E+08   1.9393E+08   1.9396E+08   1.9397E+08   1.9398E+08   1.9398E+08   1.9398E+08   1.9401E+08   1.4137E+08   4.5229E+07
   1.0788E+06   5.2640E+06   1.7257E+08   1.7258E+08   1.7260E+08   1.7261E+08   1.7262E+08   1.7262E+08   1.7262E+08   1.7265E+08   1.2411E+08   4.3302E+07
   1.1566E+06   3.7163E+06   1.5338E+08   1.5339E+08   1.5341E+08   1.5342E+08   1.5342E+08   1.5342E+08   1.5342E+08   1.5345E+08   1.0907E+08   4.0686E+07
   1.2401E+06   2.6236E+06   1.3157E+08   1.3158E+08   1.3159E+08   1.3160E+08   1.3160E+08   1.3160E+08   1.3160E+08   1.3162E+08   9.1461E+07   3.7558E+07
   1.3296E+06   1.8523E+06   1.0976E+08   1.0977E+08   1.0978E+08   1.0978E+08   1.0979E+08   1.0978E+08   1.0978E+08   1.0980E+08   7.3690E+07   3.4277E+07
   1.4255E+06   1.3077E+06   9.1151E+07   9.1155E+07   9.1163E+07   9.1166E+07   9.1168E+07   9.1167E+07   9.1167E+07   9.1184E+07   5.9417E+07   3.0470E+07
   1.5284E+06   9.2329E+05   7.4895E+07   7.4897E+07   7.4903E+07   7.4905E+07   7.4906E+07   7.4905E+07   7.4906E+07   7.4920E+07   4.7947E+07   2.6057E+07
   1.6387E+06   6.5186E+05   6.1328E+07   6.1329E+07   6.1333E+07   6.1335E+07   6.1336E+07   6.1335E+07   6.1336E+07   6.1347E+07   3.8723E+07   2.1977E+07
   1.7570E+06   4.6026E+05   5.0058E+07   5.0059E+07   5.0062E+07   5.0063E+07   5.0064E+07   5.0063E+07   5.0063E+07   5.0073E+07   3.1300E+07   1.8316E+07
   1.8838E+06   3.2497E+05   4.0730E+07   4.0731E+07   4.0733E+07   4.0733E+07   4.0734E+07   4.0734E+07   4.0734E+07   4.0742E+07   2.5322E+07   1.5097E+07
   2.0197E+06   2.2947E+05   3.1520E+07   3.1521E+07   3.1522E+07   3.1523E+07   3.1523E+07   3.1523E+07   3.1523E+07   3.1529E+07   1.9019E+07   1.2281E+07
   2.1655E+06   1.6202E+05   2.4250E+07   2.4250E+07   2.4251E+07   2.4252E+07   2.4252E+07   2.4252E+07   2.4252E+07   2.4256E+07   1.4213E+07   9.8825E+06
   2.3217E+06   1.1442E+05   1.8597E+07   1.8597E+07   1.8597E+07   1.8598E+07   1.8598E+07   1.8598E+07   1.8598E+07   1.8601E+07   1.0626E+07   7.8619E+06
   2.4893E+06   8.0793E+04   1.4213E+07   1.4213E+07   1.4214E+07   1.4214E+07   1.4214E+07   1.4214E+07   1.4214E+07   1.4217E+07   7.9476E+06   6.1884E+06
   2.6689E+06   5.7058E+04   1.0823E+07   1.0823E+07   1.0823E+07   1.0824E+07   1.0824E+07   1.0824E+07   1.0824E+07   1.0826E+07   5.9474E+06   4.8214E+06
   2.8616E+06   4.0293E+04   8.2094E+06   8.2094E+06   8.2096E+06   8.2097E+06   8.2097E+06   8.2097E+06   8.2097E+06   8.2113E+06   4.4527E+06   3.7183E+06
   3.0681E+06   2.8458E+04   6.1493E+06   6.1494E+06   6.1495E+06   6.1495E+06   6.1495E+06   6.1495E+06   6.1495E+06   6.1507E+06   3.2792E+06   2.8430E+06
   3.2895E+06   2.0098E+04   4.5059E+06   4.5059E+06   4.5060E+06   4.5060E+06   4.5060E+06   4.5060E+06   4.5060E+06   4.5069E+06   2.3307E+06   2.1560E+06
   3.5269E+06   1.4196E+04   3.2915E+06   3.2915E+06   3.2916E+06   3.2916E+06   3.2916E+06   3.2916E+06   3.2916E+06   3.2922E+06   1.6569E+06   1.6211E+06
   3.7814E+06   1.0027E+04   2.3969E+06   2.3969E+06   2.3969E+06   2.3970E+06   2.3970E+06   2.3970E+06   2.3970E+06   2.3974E+06   1.1781E+06   1.2092E+06
   4.0543E+06   7.0835E+03   1.7402E+06   1.7402E+06   1.7403E+06   1.7403E+06   1.7403E+06   1.7403E+06   1.7403E+06   1.7406E+06   8.3787E+05   8.9561E+05
   4.3469E+06   5.0035E+03   1.2594E+06   1.2594E+06   1.2594E+06   1.2594E+06   1.2594E+06   1.2594E+06   1.2594E+06   1.2596E+06   5.9599E+05   6.5860E+05
   4.6606E+06   3.5352E+03   9.0850E+05   9.0850E+05   9.0851E+05   9.0851E+05   9.0851E+05   9.0851E+05   9.0851E+05   9.0870E+05   4.2404E+05   4.8109E+05
   4.9969E+06   2.4975E+03   6.4318E+05   6.4318E+05   6.4318E+05   6.4319E+05   6.4319E+05   6.4319E+05   6.4319E+05   6.4332E+05   2.9165E+05   3.4914E+05
   5.3576E+06   1.7648E+03   4.5145E+05   4.5145E+05   4.5145E+05   4.5145E+05   4.5146E+05   4.5145E+05   4.5145E+05   4.5155E+05   1.9788E+05   2.5188E+05
   5.7442E+06   1.2469E+03   3.1617E+05   3.1617E+05   3.1617E+05   3.1617E+05   3.1617E+05   3.1617E+05   3.1617E+05   3.1623E+05   1.3426E+05   1.8071E+05
   6.1587E+06   8.8132E+02   2.2093E+05   2.2093E+05   2.2093E+05   2.2093E+05   2.2093E+05   2.2093E+05   2.2093E+05   2.2098E+05   9.1099E+04   1.2899E+05
   6.6032E+06   6.2279E+02   1.5399E+05   1.5399E+05   1.5399E+05   1.5399E+05   1.5399E+05   1.5399E+05   1.5399E+05   1.5402E+05   6.1814E+04   9.1573E+04
   7.0797E+06   4.4027E+02   1.0708E+05   1.0708E+05   1.0708E+05   1.0708E+05   1.0708E+05   1.0708E+05   1.0708E+05   1.0710E+05   4.1944E+04   6.4714E+04
   7.5907E+06   3.1117E+02   7.4304E+04   7.4304E+04   7.4304E+04   7.4304E+04   7.4304E+04   7.4304E+04   7.4304E+04   7.4320E+04   2.8463E+04   4.5542E+04
   8.1385E+06   2.2003E+02   5.1438E+04   5.1439E+04   5.1439E+04   5.1439E+04   5.1439E+04   5.1439E+04   5.1439E+04   5.1449E+04   1.9315E+04   3.1912E+04
   8.7258E+06   1.5554E+02   3.5535E+04   3.5535E+04   3.5535E+04   3.5535E+04   3.5535E+04   3.5535E+04   3.5535E+04   3.5542E+04   1.3107E+04   2.2277E+04
   9.3555E+06   1.1001E+02   2.4495E+04   2.4495E+04   2.4495E+04   2.4495E+04   2.4495E+04   2.4495E+04   2.4495E+04   2.4500E+04   8.8953E+03   1.5494E+04
   1.0031E+07   7.7789E+01   1.6851E+04   1.6851E+04   1.6851E+04   1.6851E+04   1.6851E+04   1.6851E+04   1.6851E+04   1.6854E+04   6.0370E+03   1.0739E+04
   1.0755E+07   5.5039E+01   1.1570E+04   1.1570E+04   1.1570E+04   1.1570E+04   1.1570E+04   1.1570E+04   1.1570E+04   1.1572E+04   4.0972E+03   7.4195E+03
   1.1531E+07   3.8927E+01   7.9291E+03   7.9291E+03   7.9292E+03   7.9292E+03   7.9292E+03   7.9292E+03   7.9292E+03   7.9308E+03   2.7808E+03   5.1109E+03
   1.2363E+07   2.7551E+01   5.4248E+03   5.4248E+03   5.4248E+03   5.4248E+03   5.4248E+03   5.4248E+03   5.4248E+03   5.4259E+03   1.8874E+03   3.5109E+03
   1.3255E+07   1.9492E+01   3.7055E+03   3.7055E+03   3.7055E+03   3.7055E+03   3.7055E+03   3.7055E+03   3.7055E+03   3.7063E+03   1.2811E+03   2.4057E+03
   1.4212E+07   1.3801E+01   2.5273E+03   2.5273E+03   2.5273E+03   2.5273E+03   2.5273E+03   2.5273E+03   2.5273E+03   2.5278E+03   8.6955E+02   1.6445E+03
   1.5237E+07   9.7678E+00   1.7214E+03   1.7214E+03   1.7214E+03   1.7214E+03   1.7214E+03   1.7214E+03   1.7214E+03   1.7217E+03   5.9025E+02   1.1217E+03
   1.6337E+07   6.9193E+00   1.1709E+03   1.1709E+03   1.1709E+03   1.1709E+03   1.1709E+03   1.1709E+03   1.1709E+03   1.1711E+03   4.0067E+02   7.6359E+02
   1.7516E+07   4.8989E+00   7.9554E+02   7.9554E+02   7.9554E+02   7.9554E+02   7.9554E+02   7.9554E+02   7.9554E+02   7.9571E+02   2.7199E+02   5.1884E+02
   1.8780E+07   3.4721E+00   5.3992E+02   5.3992E+02   5.3992E+02   5.3992E+02   5.3992E+02   5.3992E+02   5.3992E+02   5.4003E+02   1.8465E+02   3.5194E+02
   2.0135E+07   2.4594E+00   3.6336E+02   3.6336E+02   3.6336E+02   3.6336E+02   3.6336E+02   3.6336E+02   3.6336E+02   3.6343E+02   1.2265E+02   2.3835E+02
   2.1588E+07   1.7441E+00   2.4411E+02   2.4411E+02   2.4411E+02   2.4411E+02   2.4411E+02   2.4411E+02   2.4411E+02   2.4416E+02   8.1239E+01   1.6119E+02
   2.3146E+07   1.2361E+00   1.6387E+02   1.6387E+02   1.6387E+02   1.6387E+02   1.6387E+02   1.6387E+02   1.6387E+02   1.6390E+02   5.3812E+01   1.0887E+02
   2.4817E+07   8.7712E-01   1.0993E+02   1.0993E+02   1.0993E+02   1.0993E+02   1.0993E+02   1.0993E+02   1.0993E+02   1.0995E+02   3.5644E+01   7.3441E+01
   2.6608E+07   6.2200E-01   7.3693E+01   7.3693E+01   7.3693E+01   7.3693E+01   7.3693E+01   7.3693E+01   7.3693E+01   7.3708E+01   2.3610E+01   4.9486E+01
   2.8528E+07   4.4169E-01   4.9373E+01   4.9373E+01   4.9373E+01   4.9373E+01   4.9373E+01   4.9373E+01   4.9373E+01   4.9383E+01   1.5639E+01   3.3312E+01
   3.0587E+07   3.1343E-01   3.3062E+01   3.3062E+01   3.3062E+01   3.3062E+01   3.3062E+01   3.3062E+01   3.3062E+01   3.3069E+01   1.0359E+01   2.2403E+01
   3.2794E+07   2.2274E-01   2.2128E+01   2.2128E+01   2.2128E+01   2.2128E+01   2.2128E+01   2.2128E+01   2.2128E+01   2.2133E+01   6.8617E+00   1.5054E+01
   3.5161E+07   1.5819E-01   1.4804E+01   1.4804E+01   1.4804E+01   1.4804E+01   1.4804E+01   1.4804E+01   1.4804E+01   1.4807E+01   4.5451E+00   1.0108E+01
   3.7698E+07   1.1252E-01   9.9004E+00   9.9004E+00   9.9004E+00   9.9004E+00   9.9004E+00   9.9004E+00   9.9004E+00   9.9024E+00   3.0106E+00   6.7823E+00
   4.0419E+07   7.9978E-02   6.6188E+00   6.6188E+00   6.6188E+00   6.6188E+00   6.6188E+00   6.6188E+00   6.6188E+00   6.6201E+00   1.9942E+00   4.5480E+00
   4.3336E+07   5.6939E-02   4.4235E+00   4.4235E+00   4.4235E+00   4.4235E+00   4.4235E+00   4.4235E+00   4.4235E+00   4.4244E+00   1.3210E+00   3.0481E+00
   4.6463E+07   4.0513E-02   2.9555E+00   2.9555E+00   2.9555E+00   2.9555E+00   2.9555E+00   2.9555E+00   2.9555E+00   2.9561E+00   8.7499E-01   2.0418E+00
   4.9817E+07   2.8873E-02   1.9743E+00   1.9743E+00   1.9743E+00   1.9743E+00   1.9743E+00   1.9743E+00   1.9743E+00   1.9747E+00   5.7958E-01   1.3671E+00
   5.3412E+07   2.0567E-02   1.3186E+00   1.3186E+00   1.3186E+00   1.3186E+00   1.3186E+00   1.3186E+00   1.3186E+00   1.3189E+00   3.8392E-01   9.1505E-01
   5.7266E+07   1.4674E-02   8.8056E-01   8.8056E-01   8.8056E-01   8.8056E-01   8.8056E-01   8.8056E-01   8.8056E-01   8.8074E-01   2.5430E-01   6.1224E-01
   6.1399E+07   1.0466E-02   5.8797E-01   5.8797E-01   5.8797E-01   5.8797E-01   5.8797E-01   5.8797E-01   5.8797E-01   5.8809E-01   1.6845E-01   4.0952E-01
   6.5830E+07   7.4764E-03   3.9260E-01   3.9260E-01   3.9260E-01   3.9260E-01   3.9260E-01   3.9260E-01   3.9260E-01   3.9268E-01   1.1158E-01   2.7385E-01
   7.0581E+07   5.3396E-03   2.6212E-01   2.6212E-01   2.6212E-01   2.6212E-01   2.6212E-01   2.6212E-01   2.6212E-01   2.6217E-01   7.3910E-02   1.8309E-01
   7.5675E+07   3.8197E-03   1.7501E-01   1.7501E-01   1.7501E-01   1.7501E-01   1.7501E-01   1.7501E-01   1.7501E-01   1.7505E-01   4.8958E-02   1.2239E-01
   8.1136E+07   2.7319E-03   1.1686E-01   1.1686E-01   1.1686E-01   1.1686E-01   1.1686E-01   1.1686E-01   1.1686E-01   1.1688E-01   3.2430E-02   8.1803E-02
   8.6991E+07   1.9573E-03   7.8035E-02   7.8035E-02   7.8035E-02   7.8035E-02   7.8035E-02   7.8035E-02   7.8035E-02   7.8051E-02   2.1481E-02   5.4670E-02
   9.3269E+07   1.4022E-03   5.2114E-02   5.2114E-02   5.2114E-02   5.2114E-02   5.2114E-02   5.2114E-02   5.2114E-02   5.2125E-02   1.4229E-02   3.6533E-02
   1.0000E+08   1.0062E-03   3.4810E-02   3.4810E-02   3.4810E-02   3.4810E-02   3.4810E-02   3.4810E-02   3.4810E-02   3.4818E-02   9.4255E-03   2.4413E-02
