  4.45770593E-23
  7.98522369E-23
  7.54011429E-23
  7.12041189E-23
  6.72482275E-23
  6.35213457E-23
  6.00125050E-23
  5.67118037E-23
  5.36103813E-23
  5.07005763E-23
  4.79759486E-23
  4.54316229E-23
  4.30641787E-23
  4.08719248E-23
  3.88556121E-23
  3.70180016E-23
  3.53651897E-23
  3.39065796E-23
  3.26559290E-23
  3.16321359E-23
  3.08604469E-23
  3.03740447E-23
  3.02151902E-23
  2.89864478E-23
  1.44638389E-23
  7.45263718E-25
  5.14974468E-29
   0.0000000    
   0.0000000    
   0.0000000    
  7.87360328E-22
  1.75377921E-21
  1.49270134E-21
  8.09341804E-22
  2.81045140E-22
  6.61514584E-23
  2.08766517E-23
  3.06418220E-23
  5.43146889E-23
  6.65657682E-23
  5.43892079E-23
  3.13118110E-23
  1.57716188E-23
  1.04403926E-23
  9.80493994E-24
  1.02586848E-23
  1.07704733E-23
  1.11437213E-23
  1.13278935E-23
  1.12963320E-23
  1.10337202E-23
  1.05296168E-23
  9.76171194E-24
  8.66908594E-24
  7.13001516E-24
  5.02193546E-24
  2.54606040E-24
  6.49035556E-25
  4.21550474E-26
  1.74758979E-28
