     3.008   1.36e+09
     5.013   3.57e+08
     7.019  2.363e+08
     9.024   1.57e+08
     11.03  8.866e+07
     13.03  6.335e+07
     15.04  4.338e+07
     17.05   3.84e+07
     19.05   2.75e+07
     21.06   2.87e+07
     23.06    2.1e+07
     25.07  2.166e+07
     27.07  1.932e+07
     29.08  1.627e+07
     31.08  1.593e+07
     33.09  1.396e+07
     35.09   1.34e+07
      37.1  1.166e+07
      39.1  6.469e+06
     41.11  6.169e+06
     43.12  4.942e+06
     45.12  3.658e+06
     47.13  3.672e+06
     49.13  3.942e+06
     51.14  2.337e+06
     53.14  2.319e+06
     55.15  1.711e+06
     57.15   1.86e+06
     59.16  1.527e+06
     61.16  1.734e+06
     63.17  1.566e+06
     65.17  1.175e+06
     67.18  1.283e+06
     69.19  1.031e+06
     71.19  1.026e+06
      73.2  1.155e+06
      75.2      8e+05
     77.21  9.447e+05
     79.21  1.251e+06
     81.22   7.33e+05
     83.22   6.81e+05
     85.23  2.941e+05
     87.23  3.915e+05
     89.24  4.725e+05
     91.24  4.351e+05
     93.25  3.083e+05
     95.26  4.999e+05
     97.26  3.259e+05
     99.27  4.231e+05
     101.3  1.215e+05
     103.3  3.065e+05
     105.3  2.719e+05
     107.3  2.084e+05
     109.3  2.829e+05
     111.3  2.057e+05
     113.3  1.373e+05
     115.3  1.624e+05
     117.3  3.698e+05
     119.3  5.963e+05
     121.3  7.374e+05
     123.3  5.843e+05
     125.3   4.22e+05
     127.3   3.29e+05
     129.3  2.896e+05
     131.4  3.628e+05
     133.4  2.122e+05
     135.4  2.331e+05
     137.4  2.362e+05
     139.4  3.865e+05
     141.4  3.331e+05
     143.4  4.141e+05
     145.4  3.719e+05
     147.4  3.837e+05
     149.4  3.366e+05
     151.4  1.847e+05
     153.4  1.233e+05
     155.4  1.973e+05
     157.4  1.216e+05
     159.4  5.905e+04
     161.4          0
     163.4  1.831e+04
     165.4  1.106e+05
     167.4  1.816e+04
     169.5          0
     171.5  3.507e+04
     173.5   3.66e+04
     175.5  5.598e+04
     177.5  3.943e+04
     179.5  7.953e+04
     181.5          0
     183.5  3.949e+04
     185.5  5.147e+04
     187.5  7.361e+04
     189.5  3.012e+04
     191.5   4.03e+04
     193.5   3.07e+04
     195.5  2.247e+04
     197.5  1.206e+05
     199.5  1.273e+05
     201.5  6.557e+04
     203.5  2.146e+05
     205.6   1.34e+05
     207.6  1.269e+05
     209.6  4.629e+04
     211.6   8.14e+04
     213.6  1.619e+05
     215.6  9.976e+04
     217.6  4.692e+04
     219.6  1.245e+05
     221.6  5.628e+04
     223.6  4.665e+04
     225.6   7.41e+04
     227.6  9.803e+04
     229.6  1.397e+04
     231.6  6.155e+04
     233.6   3.98e+04
     235.6   1.26e+04
     237.6  2.929e+04
     239.6          0
     241.6  1.261e+04
     243.7   2.55e+04
     245.7  1.218e+04
     247.7  2.657e+04
     249.7  2.695e+04
     251.7   1.41e+04
     253.7  5.762e+04
     255.7          0
     257.7  1.451e+04
     259.7  1.321e+04
     261.7          0
     263.7          0
     265.7  1.567e+04
     267.7          0
     269.7          0
     271.7   1.11e+04
     273.7          0
     275.7          0
     277.7          0
     279.8          0
     281.8  1.149e+04
     283.8  1.127e+04
     285.8          0
     287.8          0
     289.8          0
     291.8          0
     293.8          0
     295.8          0
     297.8          0
     299.8          0
     301.8          0
     303.8          0
     305.8          0
     307.8          0
     309.8          0
     311.8          0
     313.8          0
     315.8          0
     317.9          0
     319.9          0
     321.9          0
     323.9          0
     325.9          0
     327.9          0
     329.9          0
     331.9          0
     333.9          0
     335.9          0
     337.9          0
     339.9          0
     341.9          0
     343.9          0
     345.9          0
     347.9          0
     349.9          0
