     1.003  4.182e-16
     3.008  7.169e-17
     5.013  3.788e-17
     7.019   2.51e-17
     9.024   1.81e-17
     11.03  1.062e-17
     13.03  7.348e-18
     15.04  5.852e-18
     17.05  4.658e-18
     19.05  4.006e-18
     21.06  3.489e-18
     23.06  4.076e-18
     25.07  4.941e-18
     27.07   4.08e-18
     29.08  4.568e-18
     31.08  4.401e-18
     33.09  2.851e-18
     35.09   2.26e-18
      37.1   1.64e-18
      39.1  1.086e-18
     41.11  9.754e-19
     43.12   8.98e-19
     45.12  6.458e-19
     47.13  7.866e-19
     49.13  6.497e-19
     51.14  4.965e-19
     53.14  4.911e-19
     55.15  3.681e-19
     57.15   3.08e-19
     59.16  2.988e-19
     61.16   2.86e-19
     63.17  2.909e-19
     65.17   2.15e-19
     67.18  1.709e-19
     69.19  1.747e-19
     71.19  1.875e-19
      73.2  1.664e-19
      75.2  1.587e-19
     77.21  1.638e-19
     79.21  1.667e-19
     81.22  1.166e-19
     83.22  7.836e-20
     85.23  6.449e-20
     87.23  6.954e-20
     89.24  7.456e-20
     91.24  8.305e-20
     93.25  6.716e-20
     95.26  8.435e-20
     97.26  5.748e-20
     99.27  5.091e-20
     101.3  3.984e-20
     103.3  5.906e-20
     105.3  1.006e-19
     107.3  4.121e-20
     109.3   4.53e-20
     111.3  3.207e-20
     113.3  2.531e-20
     115.3  3.726e-20
     117.3  6.573e-20
     119.3  1.026e-19
     121.3  1.014e-19
     123.3  5.589e-20
     125.3  5.153e-20
     127.3  5.334e-20
     129.3  4.967e-20
     131.4  4.861e-20
     133.4  3.687e-20
     135.4  3.742e-20
     137.4  3.993e-20
     139.4  5.213e-20
     141.4  6.522e-20
     143.4  5.629e-20
     145.4  5.826e-20
     147.4  5.137e-20
     149.4  3.735e-20
     151.4  2.584e-20
     153.4  2.616e-20
     155.4  2.362e-20
     157.4  1.716e-20
     159.4  5.144e-21
     161.4  1.739e-21
     163.4  5.409e-21
     165.4   9.52e-21
     167.4  2.689e-21
     169.5  1.294e-21
     171.5   8.75e-21
     173.5    1.7e-20
     175.5  2.466e-20
     177.5  2.403e-20
     179.5  1.587e-20
     181.5  1.309e-20
     183.5  1.261e-20
     185.5  2.234e-20
     187.5  1.781e-20
     189.5  2.073e-20
     191.5  1.119e-20
     193.5  4.837e-21
     195.5  2.571e-20
     197.5  3.043e-20
     199.5  3.603e-20
     201.5  2.184e-20
     203.5   4.74e-20
     205.6   2.98e-20
     207.6  1.803e-20
     209.6  1.409e-20
     211.6  2.563e-20
     213.6  3.241e-20
     215.6  1.264e-20
     217.6  1.792e-20
     219.6  2.142e-20
     221.6  1.153e-20
     223.6  1.085e-20
     225.6  1.564e-20
     227.6  1.179e-20
     229.6  9.834e-21
     231.6  7.393e-21
     233.6  3.218e-21
     235.6  3.522e-21
     237.6  2.839e-21
     239.6  6.241e-22
     241.6  4.454e-21
     243.7  2.809e-21
     245.7  6.178e-21
     247.7   7.89e-21
     249.7  7.453e-21
     251.7  2.138e-20
     253.7  1.977e-20
     255.7  8.125e-21
     257.7  7.686e-21
     259.7  3.948e-21
     261.7  5.781e-22
     263.7  7.683e-22
     265.7  7.195e-21
     267.7  1.012e-21
     269.7  2.608e-21
     271.7   3.55e-22
     273.7  1.015e-23
     275.7      1e-23
     277.7   1.55e-23
     279.8  3.741e-21
     281.8   6.83e-21
     283.8  4.034e-21
     285.8  1.147e-21
     287.8  1.211e-23
     289.8      1e-23
     291.8      1e-23
     293.8      1e-23
     295.8      1e-23
     297.8      1e-23
     299.8      1e-23
     301.8      1e-23
     303.8      1e-23
     305.8      1e-23
     307.8      1e-23
     309.8      1e-23
     311.8      1e-23
     313.8      1e-23
     315.8      1e-23
     317.9      1e-23
     319.9      1e-23
     321.9      1e-23
     323.9      1e-23
     325.9      1e-23
     327.9      1e-23
     329.9      1e-23
     331.9      1e-23
     333.9      1e-23
     335.9      1e-23
     337.9      1e-23
     339.9      1e-23
     341.9      1e-23
     343.9      1e-23
     345.9      1e-23
     347.9      1e-23
     349.9      1e-23
