     1.003  2.712e+10
     3.008  7.865e+10
     5.013  1.012e+11
     7.019  1.221e+11
     9.024    1.4e+11
     11.03  1.523e+11
     13.03  1.627e+11
     15.04  1.709e+11
     17.05  1.792e+11
     19.05  1.858e+11
     21.06  1.934e+11
     23.06  1.995e+11
     25.07  2.063e+11
     27.07  2.129e+11
     29.08  2.189e+11
     31.08  2.251e+11
     33.09  2.309e+11
     35.09  2.368e+11
      37.1  2.423e+11
      39.1  2.455e+11
     41.11  2.487e+11
     43.12  2.514e+11
     45.12  2.534e+11
     47.13  2.556e+11
     49.13  2.581e+11
     51.14  2.596e+11
     53.14  2.611e+11
     55.15  2.623e+11
     57.15  2.637e+11
     59.16  2.648e+11
     61.16  2.661e+11
     63.17  2.674e+11
     65.17  2.683e+11
     67.18  2.694e+11
     69.19  2.703e+11
     71.19  2.712e+11
      73.2  2.723e+11
      75.2  2.731e+11
     77.21   2.74e+11
     79.21  2.752e+11
     81.22   2.76e+11
     83.22  2.767e+11
     85.23   2.77e+11
     87.23  2.774e+11
     89.24   2.78e+11
     91.24  2.785e+11
     93.25  2.788e+11
     95.26  2.794e+11
     97.26  2.798e+11
     99.27  2.804e+11
     101.3  2.805e+11
     103.3  2.809e+11
     105.3  2.813e+11
     107.3  2.816e+11
     109.3   2.82e+11
     111.3  2.822e+11
     113.3  2.824e+11
     115.3  2.827e+11
     117.3  2.832e+11
     119.3  2.841e+11
     121.3  2.852e+11
     123.3  2.862e+11
     125.3  2.868e+11
     127.3  2.873e+11
     129.3  2.878e+11
     131.4  2.884e+11
     133.4  2.888e+11
     135.4  2.892e+11
     137.4  2.896e+11
     139.4  2.903e+11
     141.4  2.909e+11
     143.4  2.916e+11
     145.4  2.923e+11
     147.4   2.93e+11
     149.4  2.936e+11
     151.4   2.94e+11
     153.4  2.942e+11
     155.4  2.946e+11
     157.4  2.948e+11
     159.4   2.95e+11
     161.4   2.95e+11
     163.4   2.95e+11
     165.4  2.952e+11
     167.4  2.953e+11
     169.5  2.953e+11
     171.5  2.953e+11
     173.5  2.954e+11
     175.5  2.956e+11
     177.5  2.956e+11
     179.5  2.958e+11
     181.5  2.958e+11
     183.5  2.959e+11
     185.5   2.96e+11
     187.5  2.962e+11
     189.5  2.963e+11
     191.5  2.964e+11
     193.5  2.964e+11
     195.5  2.965e+11
     197.5  2.968e+11
     199.5  2.971e+11
     201.5  2.973e+11
     203.5  2.978e+11
     205.6  2.982e+11
     207.6  2.985e+11
     209.6  2.986e+11
     211.6  2.989e+11
     213.6  2.993e+11
     215.6  2.996e+11
     217.6  2.997e+11
     219.6      3e+11
     221.6  3.002e+11
     223.6  3.003e+11
     225.6  3.005e+11
     227.6  3.008e+11
     229.6  3.009e+11
     231.6   3.01e+11
     233.6  3.012e+11
     235.6  3.012e+11
     237.6  3.013e+11
     239.6  3.013e+11
     241.6  3.013e+11
     243.7  3.014e+11
     245.7  3.014e+11
     247.7  3.015e+11
     249.7  3.016e+11
     251.7  3.016e+11
     253.7  3.018e+11
     255.7  3.018e+11
     257.7  3.019e+11
     259.7  3.019e+11
     261.7  3.019e+11
     263.7  3.019e+11
     265.7   3.02e+11
     267.7   3.02e+11
     269.7   3.02e+11
     271.7   3.02e+11
     273.7   3.02e+11
     275.7   3.02e+11
     277.7   3.02e+11
     279.8   3.02e+11
     281.8  3.021e+11
     283.8  3.021e+11
     285.8  3.021e+11
     287.8  3.021e+11
     289.8  3.021e+11
     291.8  3.021e+11
     293.8  3.021e+11
     295.8  3.021e+11
     297.8  3.021e+11
     299.8  3.021e+11
     301.8  3.021e+11
     303.8  3.021e+11
     305.8  3.021e+11
     307.8  3.021e+11
     309.8  3.021e+11
     311.8  3.021e+11
     313.8  3.021e+11
     315.8  3.021e+11
     317.9  3.021e+11
     319.9  3.021e+11
     321.9  3.021e+11
     323.9  3.021e+11
     325.9  3.021e+11
     327.9  3.021e+11
     329.9  3.021e+11
     331.9  3.021e+11
     333.9  3.021e+11
     335.9  3.021e+11
     337.9  3.021e+11
     339.9  3.021e+11
     341.9  3.021e+11
     343.9  3.021e+11
     345.9  3.021e+11
     347.9  3.021e+11
     349.9  3.021e+11
