     1.003      16.46
     3.008      18.38
     5.013      19.07
     7.019      19.52
     9.024      19.87
     11.03      20.45
     13.03      20.85
     15.04       21.1
     17.05      21.35
     19.05      21.51
     21.06      21.66
     23.06      21.49
     25.07      21.28
     27.07      21.49
     29.08      21.37
     31.08      21.41
     33.09      21.88
     35.09      22.13
      37.1      22.48
      39.1      22.93
     41.11      23.04
     43.12      23.13
     45.12      23.49
     47.13      23.28
     49.13      23.48
     51.14      23.78
     53.14      23.79
     55.15       24.1
     57.15      24.29
     59.16      24.33
     61.16      24.38
     63.17      24.36
     65.17      24.69
     67.18      24.93
     69.19      24.91
     71.19      24.83
      73.2      24.96
      75.2      25.01
     77.21      24.98
     79.21      24.96
     81.22      25.35
     83.22      25.78
     85.23      25.99
     87.23      25.91
     89.24      25.83
     91.24      25.72
     93.25      25.95
     95.26       25.7
     97.26      26.12
     99.27      26.25
     101.3      26.52
     103.3      26.09
     105.3      25.51
     107.3      26.48
     109.3      26.38
     111.3      26.75
     113.3      27.01
     115.3      26.59
     117.3      25.97
     119.3      25.49
     121.3       25.5
     123.3      26.15
     125.3      26.24
     127.3       26.2
     129.3      26.28
     131.4       26.3
     133.4       26.6
     135.4      26.58
     137.4      26.51
     139.4      26.22
     141.4      25.98
     143.4      26.14
     145.4       26.1
     147.4      26.24
     149.4      26.59
     151.4      26.99
     153.4      26.97
     155.4      27.08
     157.4      27.43
     159.4      28.74
     161.4      29.92
     163.4      28.68
     165.4      28.07
     167.4      29.44
     169.5      30.24
     171.5      28.16
     173.5      27.44
     175.5      27.04
     177.5      27.06
     179.5      27.51
     181.5      27.72
     183.5      27.76
     185.5      27.14
     187.5      27.39
     189.5      27.22
     191.5      27.89
     193.5       28.8
     195.5      26.99
     197.5      26.81
     199.5      26.62
     201.5      27.17
     203.5      26.33
     205.6      26.83
     207.6      27.38
     209.6      27.64
     211.6      26.99
     213.6      26.74
     215.6      27.76
     217.6      27.38
     219.6      27.19
     221.6      27.86
     223.6      27.93
     225.6      27.53
     227.6      27.84
     229.6      28.03
     231.6      28.34
     233.6      29.25
     235.6      29.15
     237.6      29.38
     239.6      31.03
     241.6      28.89
     243.7      29.39
     245.7      28.54
     247.7      28.27
     249.7      28.34
     251.7      27.19
     253.7      27.28
     255.7      28.24
     257.7       28.3
     259.7      29.03
     261.7      31.11
     263.7       30.8
     265.7      28.37
     267.7       30.5
     269.7      29.48
     271.7      31.64
     273.7       35.5
     275.7      35.52
     277.7      35.04
     279.8      29.08
     281.8      28.43
     283.8         29
     285.8      30.37
     287.8      35.31
     289.8      35.52
     291.8      35.52
     293.8      35.52
     295.8      35.52
     297.8      35.52
     299.8      35.52
     301.8      35.52
     303.8      35.52
     305.8      35.52
     307.8      35.52
     309.8      35.52
     311.8      35.52
     313.8      35.52
     315.8      35.52
     317.9      35.52
     319.9      35.52
     321.9      35.52
     323.9      35.52
     325.9      35.52
     327.9      35.52
     329.9      35.52
     331.9      35.52
     333.9      35.52
     335.9      35.52
     337.9      35.52
     339.9      35.52
     341.9      35.52
     343.9      35.52
     345.9      35.52
     347.9      35.52
     349.9      35.52
