     1.005       16.9
     3.015      19.21
     5.025      21.13
     7.035      22.14
     9.045      23.05
     11.05       23.3
     13.06      23.61
     15.07      24.35
     17.08       24.6
     19.09      24.62
      21.1      24.51
     23.11      25.18
     25.12      25.29
     27.13      24.88
     29.14      24.97
     31.15      25.46
     33.16      25.63
     35.17      24.47
     37.18      24.41
     39.19      25.03
      41.2      25.22
     43.21      25.67
     45.22      24.42
     47.23      25.35
     49.24      25.56
     51.25      26.07
     53.26      27.41
     55.27       27.8
     57.28      27.63
     59.29      27.08
      61.3      27.38
     63.31      27.93
     65.32      27.45
     67.33      27.58
     69.34      28.67
     71.35      29.37
     73.36      29.48
     75.37         28
     77.38      27.71
     79.39      28.05
      81.4      28.06
     83.41      27.55
     85.42      27.11
     87.43      27.64
     89.44      27.55
     91.45      28.15
     93.46      28.73
     95.47      28.81
     97.48      28.41
     99.49      28.18
     101.5      27.76
     103.5      26.23
     105.5      27.01
     107.5      28.61
     109.5      29.53
     111.6      31.85
     113.6      29.75
     115.6      28.71
     117.6      30.06
     119.6      35.44
     121.6      35.52
     123.6      35.49
     125.6      29.85
     127.6      29.25
     129.6      32.54
     131.7      29.64
     133.7       31.2
     135.7      35.52
     137.7      35.52
     139.7      35.52
     141.7      35.52
     143.7      35.52
     145.7      35.52
     147.7      35.52
     149.7      35.52
     151.8      35.52
     153.8      35.52
     155.8      35.52
     157.8      35.52
     159.8      35.52
     161.8      31.59
     163.8       30.3
     165.8      33.82
     167.8      35.52
     169.8      35.52
     171.9      35.52
     173.9      35.52
     175.9      35.52
     177.9      35.45
     179.9      29.51
     181.9      30.91
     183.9      35.52
     185.9      35.52
     187.9      35.52
     189.9      35.52
       192      35.52
       194      35.52
       196      35.52
       198      35.52
       200      35.52
       202      35.52
       204      35.52
       206      35.52
       208      35.52
       210      35.52
       212      35.52
     214.1      35.52
     216.1      35.52
     218.1      35.52
     220.1      35.52
     222.1      35.52
     224.1      35.52
     226.1      35.52
     228.1      35.52
     230.1      35.52
