     3.015  1.189e+09
     5.025  2.104e+08
     7.035  7.245e+07
     9.045  2.729e+07
     11.05  1.535e+07
     13.06  1.351e+07
     15.07   6.57e+06
     17.08  4.735e+06
     19.09  4.549e+06
      21.1  3.351e+06
     23.11  3.527e+06
     25.12  1.632e+06
     27.13  2.426e+06
     29.14  2.415e+06
     31.15  2.099e+06
     33.16  1.749e+06
     35.17  2.198e+06
     37.18  7.158e+06
     39.19  2.701e+06
      41.2  2.052e+06
     43.21  1.535e+06
     45.22  1.279e+06
     47.23   1.87e+06
     49.24  9.806e+05
     51.25  4.645e+05
     53.26  1.261e+05
     55.27  1.592e+05
     57.28  1.667e+05
     59.29  2.074e+05
      61.3  3.979e+05
     63.31   1.47e+05
     65.32  9.617e+04
     67.33  2.349e+05
     69.34   9.95e+04
     71.35   4.43e+04
     73.36          0
     75.37  4.537e+04
     77.38  1.182e+05
     79.39  2.645e+05
      81.4  1.168e+05
     83.41  1.112e+05
     85.42  2.633e+05
     87.43    1.9e+05
     89.44  2.405e+05
     91.45  1.043e+05
     93.46  9.862e+04
     95.47  6.511e+04
     97.48   6.27e+04
     99.49  9.332e+04
     101.5  1.571e+05
     103.5  3.575e+05
     105.5  1.067e+06
     107.5  8.307e+04
     109.5   8.44e+04
     111.6  2.633e+04
     113.6          0
     115.6  5.614e+04
     117.6  2.613e+04
     119.6          0
     121.6          0
     123.6          0
     125.6          0
     127.6  4.974e+04
     129.6          0
     131.7          0
     133.7  2.447e+04
     135.7          0
     137.7          0
     139.7          0
     141.7          0
     143.7          0
     145.7          0
     147.7          0
     149.7          0
     151.8          0
     153.8          0
     155.8          0
     157.8          0
     159.8          0
     161.8          0
     163.8  1.891e+04
     165.8          0
     167.8          0
     169.8          0
     171.9          0
     173.9          0
     175.9          0
     177.9          0
     179.9          0
     181.9   1.72e+04
     183.9          0
     185.9          0
     187.9          0
     189.9          0
       192          0
       194          0
       196          0
       198          0
       200          0
       202          0
       204          0
       206          0
       208          0
       210          0
       212          0
     214.1          0
     216.1          0
     218.1          0
     220.1          0
     222.1          0
     224.1          0
     226.1          0
     228.1          0
     230.1          0
