     1.005  2.804e-16
     3.015  3.339e-17
     5.025  5.682e-18
     7.035  2.242e-18
     9.045  9.657e-19
     11.05  7.697e-19
     13.06  5.803e-19
     15.07   2.92e-19
     17.08  2.331e-19
     19.09  2.282e-19
      21.1  2.525e-19
     23.11  1.359e-19
     25.12  1.236e-19
     27.13  1.803e-19
     29.14  1.654e-19
     31.15  1.052e-19
     33.16  9.016e-20
     35.17  2.613e-19
     37.18  2.757e-19
     39.19  1.566e-19
      41.2  1.319e-19
     43.21  8.643e-20
     45.22  2.749e-19
     47.23   1.17e-19
     49.24  9.635e-20
     51.25  5.978e-20
     53.26   1.75e-20
     55.27  1.219e-20
     57.28  1.428e-20
     59.29  2.373e-20
      61.3  1.796e-20
     63.31  1.084e-20
     65.32  1.684e-20
     67.33  1.498e-20
     69.34  5.499e-21
     71.35  2.875e-21
     73.36  2.589e-21
     75.37  1.013e-20
     77.38   1.32e-20
     79.39  9.673e-21
      81.4  9.568e-21
     83.41  1.534e-20
     85.42  2.302e-20
     87.43  1.408e-20
     89.44  1.541e-20
     91.45  8.833e-21
     93.46  5.167e-21
     95.47   4.83e-21
     97.48  6.954e-21
     99.49  8.625e-21
     101.5  1.262e-20
     103.5  5.185e-20
     105.5  2.535e-20
     107.5  5.794e-21
     109.5  2.484e-21
     111.6   2.92e-22
     113.6  2.025e-21
     115.6  5.254e-21
     117.6  1.526e-21
     119.6  1.072e-23
     121.6      1e-23
     123.6  1.022e-23
     125.6  1.853e-21
     127.6  3.198e-21
     129.6  1.557e-22
     131.7  2.238e-21
     133.7  5.308e-22
     135.7      1e-23
     137.7      1e-23
     139.7      1e-23
     141.7      1e-23
     143.7      1e-23
     145.7      1e-23
     147.7      1e-23
     149.7      1e-23
     151.8      1e-23
     153.8      1e-23
     155.8      1e-23
     157.8      1e-23
     159.8      1e-23
     161.8  3.713e-22
     163.8  1.217e-21
     165.8  4.776e-23
     167.8      1e-23
     169.8      1e-23
     171.9      1e-23
     173.9      1e-23
     175.9      1e-23
     177.9   1.06e-23
     179.9  2.532e-21
     181.9  6.976e-22
     183.9      1e-23
     185.9      1e-23
     187.9      1e-23
     189.9      1e-23
       192      1e-23
       194      1e-23
       196      1e-23
       198      1e-23
       200      1e-23
       202      1e-23
       204      1e-23
       206      1e-23
       208      1e-23
       210      1e-23
       212      1e-23
     214.1      1e-23
     216.1      1e-23
     218.1      1e-23
     220.1      1e-23
     222.1      1e-23
     224.1      1e-23
     226.1      1e-23
     228.1      1e-23
     230.1      1e-23
