     1.005  3.127e+10
     3.015  7.655e+10
     5.025   8.99e+10
     7.035  9.633e+10
     9.045  9.945e+10
     11.05  1.016e+11
     13.06  1.038e+11
     15.07  1.051e+11
     17.08  1.061e+11
     19.09  1.072e+11
      21.1  1.081e+11
     23.11  1.091e+11
     25.12  1.096e+11
     27.13  1.105e+11
     29.14  1.114e+11
     31.15  1.122e+11
     33.16  1.129e+11
     35.17  1.139e+11
     37.18  1.172e+11
     39.19  1.186e+11
      41.2  1.197e+11
     43.21  1.205e+11
     45.22  1.212e+11
     47.23  1.223e+11
     49.24  1.229e+11
     51.25  1.232e+11
     53.26  1.233e+11
     55.27  1.234e+11
     57.28  1.236e+11
     59.29  1.237e+11
      61.3   1.24e+11
     63.31  1.241e+11
     65.32  1.242e+11
     67.33  1.244e+11
     69.34  1.245e+11
     71.35  1.246e+11
     73.36  1.246e+11
     75.37  1.246e+11
     77.38  1.247e+11
     79.39   1.25e+11
      81.4  1.251e+11
     83.41  1.252e+11
     85.42  1.255e+11
     87.43  1.257e+11
     89.44   1.26e+11
     91.45  1.261e+11
     93.46  1.262e+11
     95.47  1.263e+11
     97.48  1.264e+11
     99.49  1.265e+11
     101.5  1.267e+11
     103.5  1.272e+11
     105.5  1.286e+11
     107.5  1.287e+11
     109.5  1.288e+11
     111.6  1.288e+11
     113.6  1.288e+11
     115.6  1.289e+11
     117.6   1.29e+11
     119.6   1.29e+11
     121.6   1.29e+11
     123.6   1.29e+11
     125.6   1.29e+11
     127.6   1.29e+11
     129.6   1.29e+11
     131.7   1.29e+11
     133.7  1.291e+11
     135.7  1.291e+11
     137.7  1.291e+11
     139.7  1.291e+11
     141.7  1.291e+11
     143.7  1.291e+11
     145.7  1.291e+11
     147.7  1.291e+11
     149.7  1.291e+11
     151.8  1.291e+11
     153.8  1.291e+11
     155.8  1.291e+11
     157.8  1.291e+11
     159.8  1.291e+11
     161.8  1.291e+11
     163.8  1.291e+11
     165.8  1.291e+11
     167.8  1.291e+11
     169.8  1.291e+11
     171.9  1.291e+11
     173.9  1.291e+11
     175.9  1.291e+11
     177.9  1.291e+11
     179.9  1.291e+11
     181.9  1.292e+11
     183.9  1.292e+11
     185.9  1.292e+11
     187.9  1.292e+11
     189.9  1.292e+11
       192  1.292e+11
       194  1.292e+11
       196  1.292e+11
       198  1.292e+11
       200  1.292e+11
       202  1.292e+11
       204  1.292e+11
       206  1.292e+11
       208  1.292e+11
       210  1.292e+11
       212  1.292e+11
     214.1  1.292e+11
     216.1  1.292e+11
     218.1  1.292e+11
     220.1  1.292e+11
     222.1  1.292e+11
     224.1  1.292e+11
     226.1  1.292e+11
     228.1  1.292e+11
     230.1  1.292e+11
