     1.001      15.87
     3.003      17.07
     5.006      18.14
     7.008      18.96
      9.01      19.98
     11.01      20.74
     13.01      21.19
     15.02       21.7
     17.02      21.91
     19.02      22.07
     21.02      22.04
     23.03      22.41
     25.03      21.95
     27.03      22.36
     29.03      23.09
     31.03      23.18
     33.04      23.33
     35.04      23.39
     37.04       23.8
     39.04      23.67
     41.05      24.02
     43.05      24.51
     45.05      23.99
     47.05      23.62
     49.06      23.83
     51.06      24.15
     53.06      25.08
     55.06      25.08
     57.06      25.03
     59.07      25.12
     61.07      25.07
     63.07      25.43
     65.07      25.56
     67.08      25.43
     69.08      25.73
     71.08       25.9
     73.08      25.94
     75.08      25.73
     77.09      25.92
     79.09      26.76
     81.09      27.11
     83.09      27.09
      85.1      28.23
      87.1      27.63
      89.1      27.39
      91.1      27.67
      93.1      27.49
     95.11      27.67
     97.11      27.73
     99.11       27.4
     101.1         27
     103.1      27.95
     105.1      27.84
     107.1      28.62
     109.1      28.35
     111.1      27.73
     113.1      27.58
     115.1      27.15
     117.1      26.69
     119.1       26.9
     121.1      27.17
     123.1      26.93
     125.1      27.22
     127.1      27.71
     129.1      27.48
     131.1      27.57
     133.1      27.19
     135.2      27.65
     137.2      27.63
     139.2      28.77
     141.2      30.03
     143.2      32.42
     145.2       32.4
     147.2      28.61
     149.2      28.14
     151.2      29.28
     153.2      28.01
     155.2      27.84
     157.2      28.23
     159.2      28.34
     161.2      27.78
     163.2      29.25
     165.2      30.43
     167.2      30.18
     169.2       29.5
     171.2      31.06
     173.2      29.26
     175.2      28.98
     177.2      29.07
     179.2       28.9
     181.2      28.72
     183.2      29.51
     185.2      32.01
     187.2      35.45
     189.2       29.7
     191.2      32.09
     193.2      35.52
     195.2      35.52
     197.2      35.52
     199.2      35.52
     201.2      35.52
     203.2      35.52
     205.2      35.52
     207.2      35.52
     209.2      35.52
     211.2      35.52
     213.2      35.52
     215.2      35.52
     217.2      34.14
     219.2      30.38
     221.2      35.52
     223.3      35.52
     225.3      35.52
     227.3      35.52
     229.3      35.52
     231.3      35.52
     233.3      35.52
     235.3      35.52
     237.3      35.52
     239.3      35.52
     241.3      35.52
     243.3      35.52
     245.3      35.52
     247.3      35.52
     249.3      35.52
     251.3      35.52
     253.3      35.52
     255.3      35.52
     257.3      35.52
     259.3      35.52
     261.3      35.52
     263.3      35.52
     265.3      35.52
     267.3      35.52
     269.3      35.52
     271.3      35.52
     273.3      35.52
     275.3      35.52
     277.3      35.52
     279.3      35.52
     281.3      35.52
     283.3      35.52
     285.3      35.52
     287.3      35.52
     289.3      35.52
     291.3      35.52
     293.3      35.52
     295.3      35.52
     297.3      35.52
     299.3      35.52
     301.3      35.52
     303.3      35.52
     305.3      35.52
     307.3      35.52
