     9.069  1.702e+08
     15.12  2.745e+07
     21.16  1.183e+07
     27.21   7.14e+06
     33.25  4.844e+06
      39.3  3.772e+06
     45.35  2.785e+06
     51.39  3.341e+06
     57.44   9.72e+05
     63.48  8.917e+05
     69.53  7.065e+05
     75.58  4.094e+05
     81.62  2.744e+05
     87.67  1.521e+05
     93.71  1.291e+05
     99.76  1.043e+05
     105.8  1.234e+05
     111.9  5.329e+04
     117.9  1.447e+05
     123.9  1.939e+05
       130  1.106e+05
       136  8.178e+04
     142.1  3.696e+04
     148.1       6713
     154.2   4.23e+04
     160.2  6.365e+04
     166.3  2.647e+04
     172.3       6271
     178.4  2.427e+04
     184.4  1.758e+04
     190.4       5469
     196.5          0
     202.5          0
     208.6          0
     214.6          0
     220.7       4354
     226.7          0
     232.8          0
     238.8          0
     244.9          0
     250.9          0
       257          0
       263          0
       269          0
     275.1          0
     281.1          0
     287.2          0
     293.2          0
     299.3          0
     305.3          0
