     1.001  7.188e-16
     3.003  2.389e-16
     5.006  8.939e-17
     7.008  4.192e-17
      9.01  1.644e-17
     11.01  8.125e-18
     13.01  5.383e-18
     15.02  3.353e-18
     17.02   2.76e-18
     19.02  2.397e-18
     21.02  2.449e-18
     23.03  1.749e-18
     25.03   2.67e-18
     27.03  1.828e-18
     29.03  9.314e-19
     31.03  8.573e-19
     33.04  7.474e-19
     35.04  7.056e-19
     37.04  4.874e-19
     39.04  5.496e-19
     41.05  3.975e-19
     43.05  2.531e-19
     45.05  4.062e-19
     47.05  5.743e-19
     49.06  4.708e-19
     51.06  3.517e-19
     53.06   1.49e-19
     55.06    1.5e-19
     57.06  1.565e-19
     59.07  1.439e-19
     61.07  1.502e-19
     63.07  1.082e-19
     65.07  9.594e-20
     67.08  1.082e-19
     69.08   8.23e-20
     71.08  6.991e-20
     73.08   6.79e-20
     75.08  8.177e-20
     77.09  6.895e-20
     79.09  3.166e-20
     81.09  2.298e-20
     83.09  2.338e-20
      85.1  8.203e-21
      87.1  1.426e-20
      89.1  1.773e-20
      91.1   1.37e-20
      93.1  1.619e-20
     95.11  1.372e-20
     97.11  1.303e-20
     99.11  1.765e-20
     101.1   2.56e-20
     103.1  1.066e-20
     105.1  1.175e-20
     107.1   5.76e-21
     109.1  7.339e-21
     111.1  1.301e-20
     113.1  1.493e-20
     115.1  2.224e-20
     117.1  3.405e-20
     119.1  2.802e-20
     121.1  2.178e-20
     123.1  2.727e-20
     125.1  2.088e-20
     127.1  1.329e-20
     129.1  1.645e-20
     131.1  1.507e-20
     133.1  2.136e-20
     135.2  1.407e-20
     137.2  1.432e-20
     139.2  4.976e-21
     141.2  1.571e-21
     143.2  1.739e-22
     145.2  1.761e-22
     147.2  5.775e-21
     149.2  8.928e-21
     151.2  3.136e-21
     153.2  1.005e-20
     155.2  1.178e-20
     157.2  8.175e-21
     159.2  7.387e-21
     161.2   1.24e-20
     163.2  3.207e-21
     165.2  1.086e-21
     167.2  1.358e-21
     169.2  2.551e-21
     171.2  6.071e-22
     173.2  3.177e-21
     175.2  4.125e-21
     177.2   3.78e-21
     179.2  4.411e-21
     181.2  5.244e-21
     183.2  2.526e-21
     185.2  2.536e-22
     187.2  1.058e-23
     189.2   2.13e-21
     191.2  2.349e-22
     193.2      1e-23
     195.2      1e-23
     197.2      1e-23
     199.2      1e-23
     201.2      1e-23
     203.2      1e-23
     205.2      1e-23
     207.2      1e-23
     209.2      1e-23
     211.2      1e-23
     213.2      1e-23
     215.2      1e-23
     217.2  3.551e-23
     219.2  1.135e-21
     221.2      1e-23
     223.3      1e-23
     225.3      1e-23
     227.3      1e-23
     229.3      1e-23
     231.3      1e-23
     233.3      1e-23
     235.3      1e-23
     237.3      1e-23
     239.3      1e-23
     241.3      1e-23
     243.3      1e-23
     245.3      1e-23
     247.3      1e-23
     249.3      1e-23
     251.3      1e-23
     253.3      1e-23
     255.3      1e-23
     257.3      1e-23
     259.3      1e-23
     261.3      1e-23
     263.3      1e-23
     265.3      1e-23
     267.3      1e-23
     269.3      1e-23
     271.3      1e-23
     273.3      1e-23
     275.3      1e-23
     277.3      1e-23
     279.3      1e-23
     281.3      1e-23
     283.3      1e-23
     285.3      1e-23
     287.3      1e-23
     289.3      1e-23
     291.3      1e-23
     293.3      1e-23
     295.3      1e-23
     297.3      1e-23
     299.3      1e-23
     301.3      1e-23
     303.3      1e-23
     305.3      1e-23
     307.3      1e-23
