     3.023  2.241e-16
     9.069  2.177e-17
     15.12   3.77e-18
     21.16  2.184e-18
     27.21  1.701e-18
     33.25  7.532e-19
      39.3  4.532e-19
     45.35  4.496e-19
     51.39  2.862e-19
     57.44  1.545e-19
     63.48  1.111e-19
     69.53  8.855e-20
     75.58   6.27e-20
     81.62   2.61e-20
     87.67  1.331e-20
     93.71  1.435e-20
     99.76  1.797e-20
     105.8  8.884e-21
     111.9  1.385e-20
     117.9  2.772e-20
     123.9  2.211e-20
       130  1.724e-20
       136  1.439e-20
     142.1  9.446e-22
     148.1  5.517e-21
     154.2  9.546e-21
     160.2  7.993e-21
     166.3  2.413e-21
     172.3   1.74e-21
     178.4  4.865e-21
     184.4  1.462e-21
     190.4  8.758e-22
     196.5      1e-23
     202.5      1e-23
     208.6      1e-23
     214.6  1.902e-23
     220.7  3.907e-22
     226.7      1e-23
     232.8      1e-23
     238.8      1e-23
     244.9      1e-23
     250.9      1e-23
       257      1e-23
       263      1e-23
       269      1e-23
     275.1      1e-23
     281.1      1e-23
     287.2      1e-23
     293.2      1e-23
     299.3      1e-23
     305.3      1e-23
