     3.023  3.975e+10
     9.069   9.84e+10
     15.12  1.142e+11
     21.16  1.237e+11
     27.21  1.311e+11
     33.25  1.372e+11
      39.3  1.428e+11
     45.35  1.476e+11
     51.39  1.541e+11
     57.44  1.562e+11
     63.48  1.584e+11
     69.53  1.603e+11
     75.58  1.614e+11
     81.62  1.623e+11
     87.67  1.628e+11
     93.71  1.633e+11
     99.76  1.636e+11
     105.8  1.641e+11
     111.9  1.644e+11
     117.9   1.65e+11
     123.9  1.659e+11
       130  1.665e+11
       136  1.669e+11
     142.1  1.671e+11
     148.1  1.671e+11
     154.2  1.674e+11
     160.2  1.678e+11
     166.3  1.679e+11
     172.3   1.68e+11
     178.4  1.681e+11
     184.4  1.683e+11
     190.4  1.683e+11
     196.5  1.683e+11
     202.5  1.683e+11
     208.6  1.683e+11
     214.6  1.683e+11
     220.7  1.683e+11
     226.7  1.683e+11
     232.8  1.683e+11
     238.8  1.683e+11
     244.9  1.683e+11
     250.9  1.683e+11
       257  1.683e+11
       263  1.683e+11
       269  1.683e+11
     275.1  1.683e+11
     281.1  1.683e+11
     287.2  1.683e+11
     293.2  1.683e+11
     299.3  1.683e+11
     305.3  1.683e+11
