     3.023      17.14
     9.069      19.67
     15.12      21.58
     21.16      22.17
     27.21      22.44
     33.25      23.32
      39.3      23.88
     45.35      23.88
     51.39      24.37
     57.44      25.04
     63.48       25.4
     69.53      25.65
     75.58      26.02
     81.62      26.97
     87.67      27.71
     93.71      27.62
     99.76      27.38
     105.8      28.14
     111.9      27.66
     117.9      26.91
     123.9      27.15
       130      27.42
       136      27.62
     142.1      30.58
     148.1      28.66
     154.2      28.07
     160.2      28.26
     166.3      29.56
     172.3      29.91
     178.4       28.8
     184.4       30.1
     190.4      30.66
     196.5      35.52
     202.5      35.52
     208.6      35.52
     214.6      34.82
     220.7      31.54
     226.7      35.52
     232.8      35.52
     238.8      35.52
     244.9      35.52
     250.9      35.52
       257      35.52
       263      35.52
       269      35.52
     275.1      35.52
     281.1      35.52
     287.2      35.52
     293.2      35.52
     299.3      35.52
     305.3      35.52
