         3  2.117e+09
         5  8.113e+08
     7.001  4.488e+08
     9.001  3.123e+08
        11  2.452e+08
        13  1.941e+08
        15  1.899e+08
        17  1.488e+08
        19  1.245e+08
        21   9.73e+07
        23    7.7e+07
        25  5.957e+07
        27  5.554e+07
        29  5.117e+07
        31  4.577e+07
        33  4.156e+07
        35  4.296e+07
        37  4.828e+07
        39  4.246e+07
        41  3.536e+07
        43   2.57e+07
        45  2.433e+07
        47  2.448e+07
        49  2.209e+07
        51  2.249e+07
        53  1.784e+07
        55  1.975e+07
        57  1.582e+07
        59  1.341e+07
        61  1.196e+07
        63  9.417e+06
        65  9.227e+06
     67.01  7.678e+06
     69.01  4.925e+06
     71.01  7.228e+06
     73.01    5.7e+06
     75.01  5.194e+06
     77.01   5.55e+06
     79.01  4.438e+06
     81.01  3.909e+06
     83.01  4.705e+06
     85.01   3.75e+06
     87.01  2.955e+06
     89.01   3.17e+06
     91.01  3.125e+06
     93.01  2.739e+06
     95.01  2.096e+06
     97.01    2.8e+06
     99.01  2.514e+06
       101  2.287e+06
       103  2.081e+06
       105  2.702e+06
       107  1.972e+06
       109  2.288e+06
       111  1.892e+06
       113  1.392e+06
       115  1.313e+06
       117  1.488e+06
       119  2.069e+06
       121  1.437e+06
       123  9.784e+05
       125  8.365e+05
       127  9.956e+05
       129  9.879e+05
       131  8.495e+05
       133  1.065e+06
       135  9.498e+05
       137  6.607e+05
       139  5.232e+05
       141  4.364e+05
       143  7.076e+05
       145  5.975e+05
       147  1.104e+06
       149  1.367e+06
       151  8.516e+05
       153  6.866e+05
       155  6.439e+05
       157  6.897e+05
       159   6.95e+05
       161  9.012e+05
       163  2.168e+06
       165  1.016e+06
       167  4.438e+05
       169  5.257e+05
       171  6.587e+05
       173  7.364e+05
       175  4.347e+05
       177  5.169e+05
       179  4.888e+05
       181  5.477e+05
       183  5.499e+05
       185  4.365e+05
       187   2.39e+05
       189  3.144e+05
       191  2.661e+05
       193  3.617e+05
       195  1.771e+05
       197  2.049e+05
       199  3.218e+05
       201  2.036e+05
       203  2.606e+05
       205  1.985e+05
       207  1.249e+05
       209  2.633e+05
       211  1.501e+05
       213  1.756e+05
       215  2.212e+05
       217  1.566e+05
       219  2.292e+05
       221  9.924e+04
       223   1.43e+05
       225  8.525e+04
       227  2.059e+05
       229  1.517e+05
       231  1.008e+05
       233  1.016e+05
       235  1.817e+05
       237  1.119e+05
       239  1.207e+05
       241  9.612e+04
       243  1.434e+05
       245  1.988e+05
       247  1.305e+05
       249  1.796e+05
       251  1.384e+05
       253  1.369e+05
       255  1.973e+05
       257  1.931e+05
       259  2.437e+05
       261   1.23e+05
       263  1.683e+05
       265  1.182e+05
       267   1.06e+05
       269   5.89e+04
       271  1.141e+05
       273  6.911e+04
       275  7.958e+04
       277  5.682e+04
       279  2.245e+04
       281  1.226e+05
       283  5.709e+04
       285  6.659e+04
       287  6.454e+04
       289  2.254e+04
       291  1.124e+04
       293  2.197e+04
       295  1.124e+04
       297  4.292e+04
       299   2.13e+04
       301   1.01e+04
       303          0
       305  2.113e+04
       307          0
       309   2.91e+04
       311  2.081e+04
       313          0
       315       9460
       317  1.957e+04
       319          0
       321       9259
       323  3.806e+04
       325          0
       327          0
       329          0
       331          0
       333       9295
       335          0
       337          0
       339          0
       341          0
       343          0
       345          0
       347          0
       349          0
       351          0
