         1  2.688e-13
         3  1.604e-16
         5  9.477e-17
     7.001  6.307e-17
     9.001  4.322e-17
        11  3.571e-17
        13  3.045e-17
        15  2.514e-17
        17  2.282e-17
        19  2.035e-17
        21  1.481e-17
        23  1.236e-17
        25  1.091e-17
        27  1.099e-17
        29  9.908e-18
        31  8.433e-18
        33  7.511e-18
        35  7.727e-18
        37  8.235e-18
        39  6.899e-18
        41  4.682e-18
        43  4.565e-18
        45  4.814e-18
        47  4.686e-18
        49  4.126e-18
        51  3.861e-18
        53  3.839e-18
        55  3.768e-18
        57  3.175e-18
        59  2.504e-18
        61  1.989e-18
        63  1.644e-18
        65  1.428e-18
     67.01  1.193e-18
     69.01  1.443e-18
     71.01  1.366e-18
     73.01  1.225e-18
     75.01  1.311e-18
     77.01  1.161e-18
     79.01  1.274e-18
     81.01  1.134e-18
     83.01   9.73e-19
     85.01   6.49e-19
     87.01  5.314e-19
     89.01  5.408e-19
     91.01  4.803e-19
     93.01  4.124e-19
     95.01  5.363e-19
     97.01  6.116e-19
     99.01  5.202e-19
       101  7.208e-19
       103   6.87e-19
       105   5.33e-19
       107  5.304e-19
       109  4.361e-19
       111  2.772e-19
       113  2.785e-19
       115  2.789e-19
       117  3.523e-19
       119  3.271e-19
       121  2.325e-19
       123  2.006e-19
       125  2.605e-19
       127  3.321e-19
       129   2.36e-19
       131  2.382e-19
       133  2.633e-19
       135  2.164e-19
       137  1.364e-19
       139  8.925e-20
       141  1.028e-19
       143  1.069e-19
       145  1.338e-19
       147  1.852e-19
       149  1.677e-19
       151  1.074e-19
       153  1.096e-19
       155  9.109e-20
       157   1.09e-19
       159  1.129e-19
       161  2.295e-19
       163  1.827e-19
       165  1.106e-19
       167  6.857e-20
       169  9.999e-20
       171  1.188e-19
       173   9.17e-20
       175  7.666e-20
       177   7.42e-20
       179  7.167e-20
       181  8.288e-20
       183  7.992e-20
       185   5.64e-20
       187  4.815e-20
       189  5.724e-20
       191  6.352e-20
       193  3.923e-20
       195  3.924e-20
       197  4.321e-20
       199  4.615e-20
       201  3.656e-20
       203   3.51e-20
       205  2.907e-20
       207  3.866e-20
       209  3.008e-20
       211  3.104e-20
       213  3.399e-20
       215  3.561e-20
       217  4.407e-20
       219   2.42e-20
       221  1.999e-20
       223  2.298e-20
       225  2.732e-20
       227  3.312e-20
       229  2.606e-20
       231  2.335e-20
       233   2.55e-20
       235  2.873e-20
       237  2.382e-20
       239  2.204e-20
       241  2.099e-20
       243  3.775e-20
       245  3.445e-20
       247   3.02e-20
       249  2.705e-20
       251  3.259e-20
       253  4.176e-20
       255  4.577e-20
       257   6.48e-20
       259   7.21e-20
       261   5.56e-20
       263  5.173e-20
       265   4.51e-20
       267  3.932e-20
       269  2.879e-20
       271  3.066e-20
       273  3.174e-20
       275  2.817e-20
       277  2.764e-20
       279  3.801e-20
       281    4.1e-20
       283  3.027e-20
       285  3.982e-20
       287  2.414e-20
       289  1.999e-20
       291  7.801e-21
       293  1.704e-20
       295   2.34e-20
       297  2.681e-20
       299  1.837e-20
       301  2.552e-21
       303  1.226e-20
       305   1.18e-20
       307  1.331e-20
       309  1.777e-20
       311   8.37e-21
       313  7.726e-21
       315  1.718e-20
       317  3.847e-21
       319  8.804e-21
       321  2.422e-20
       323  1.847e-20
       325  5.977e-22
       327      1e-23
       329  6.683e-22
       331  8.067e-21
       333  8.996e-21
       335  6.892e-23
       337      1e-23
       339      1e-23
       341      1e-23
       343      1e-23
       345      1e-23
       347      1e-23
       349      1e-23
       351      1e-23
