         1  4.787e+10
         3  1.277e+11
         5  1.787e+11
     7.001  2.182e+11
     9.001  2.535e+11
        11  2.874e+11
        13  3.191e+11
        15  3.549e+11
        17  3.867e+11
        19  4.164e+11
        21  4.421e+11
        23  4.644e+11
        25  4.831e+11
        27  5.019e+11
        29  5.206e+11
        31  5.384e+11
        33  5.557e+11
        35  5.746e+11
        37   5.97e+11
        39  6.178e+11
        41   6.36e+11
        43  6.499e+11
        45  6.637e+11
        47  6.781e+11
        49  6.918e+11
        51  7.062e+11
        53  7.181e+11
        55  7.317e+11
        57   7.43e+11
        59   7.53e+11
        61  7.621e+11
        63  7.696e+11
        65  7.771e+11
     67.01  7.836e+11
     69.01  7.879e+11
     71.01  7.943e+11
     73.01  7.996e+11
     75.01  8.045e+11
     77.01  8.098e+11
     79.01  8.142e+11
     81.01  8.182e+11
     83.01  8.231e+11
     85.01  8.271e+11
     87.01  8.304e+11
     89.01  8.339e+11
     91.01  8.375e+11
     93.01  8.407e+11
     95.01  8.432e+11
     97.01  8.466e+11
     99.01  8.497e+11
       101  8.526e+11
       103  8.553e+11
       105  8.589e+11
       107  8.615e+11
       109  8.647e+11
       111  8.673e+11
       113  8.693e+11
       115  8.712e+11
       117  8.734e+11
       119  8.765e+11
       121  8.787e+11
       123  8.802e+11
       125  8.815e+11
       127  8.831e+11
       129  8.847e+11
       131  8.861e+11
       133  8.878e+11
       135  8.895e+11
       137  8.906e+11
       139  8.915e+11
       141  8.923e+11
       143  8.936e+11
       145  8.946e+11
       147  8.967e+11
       149  8.992e+11
       151  9.009e+11
       153  9.022e+11
       155  9.034e+11
       157  9.048e+11
       159  9.062e+11
       161   9.08e+11
       163  9.125e+11
       165  9.146e+11
       167  9.155e+11
       169  9.166e+11
       171   9.18e+11
       173  9.196e+11
       175  9.206e+11
       177  9.217e+11
       179  9.228e+11
       181  9.241e+11
       183  9.253e+11
       185  9.264e+11
       187  9.269e+11
       189  9.277e+11
       191  9.283e+11
       193  9.292e+11
       195  9.296e+11
       197  9.301e+11
       199  9.309e+11
       201  9.314e+11
       203  9.321e+11
       205  9.326e+11
       207  9.329e+11
       209  9.336e+11
       211   9.34e+11
       213  9.345e+11
       215  9.351e+11
       217  9.355e+11
       219  9.362e+11
       221  9.364e+11
       223  9.368e+11
       225  9.371e+11
       227  9.377e+11
       229  9.381e+11
       231  9.384e+11
       233  9.387e+11
       235  9.392e+11
       237  9.396e+11
       239  9.399e+11
       241  9.402e+11
       243  9.406e+11
       245  9.413e+11
       247  9.417e+11
       249  9.422e+11
       251  9.427e+11
       253  9.431e+11
       255  9.437e+11
       257  9.444e+11
       259  9.451e+11
       261  9.456e+11
       263  9.461e+11
       265  9.465e+11
       267  9.469e+11
       269  9.471e+11
       271  9.474e+11
       273  9.477e+11
       275   9.48e+11
       277  9.482e+11
       279  9.482e+11
       281  9.487e+11
       283  9.489e+11
       285  9.491e+11
       287  9.493e+11
       289  9.494e+11
       291  9.495e+11
       293  9.495e+11
       295  9.496e+11
       297  9.497e+11
       299  9.498e+11
       301  9.499e+11
       303  9.499e+11
       305  9.499e+11
       307  9.499e+11
       309  9.501e+11
       311  9.501e+11
       313  9.501e+11
       315  9.502e+11
       317  9.503e+11
       319  9.503e+11
       321  9.503e+11
       323  9.504e+11
       325  9.504e+11
       327  9.504e+11
       329  9.504e+11
       331  9.504e+11
       333  9.505e+11
       335  9.505e+11
       337  9.505e+11
       339  9.505e+11
       341  9.505e+11
       343  9.505e+11
       345  9.505e+11
       347  9.505e+11
       349  9.505e+11
       351  9.505e+11
