         1      9.442
         3       17.5
         5      18.07
     7.001      18.52
     9.001      18.93
        11      19.13
        13      19.31
        15      19.52
        17      19.62
        19      19.74
        21      20.09
        23      20.29
        25      20.42
        27      20.41
        29      20.53
        31       20.7
        33      20.83
        35       20.8
        37      20.73
        39      20.92
        41      21.34
        43      21.37
        45      21.31
        47      21.34
        49      21.48
        51      21.55
        53      21.56
        55      21.58
        57      21.76
        59      22.02
        61      22.27
        63      22.48
        65      22.63
     67.01      22.82
     69.01      22.62
     71.01      22.68
     73.01       22.8
     75.01      22.72
     77.01      22.85
     79.01      22.75
     81.01      22.88
     83.01      23.05
     85.01      23.49
     87.01       23.7
     89.01      23.68
     91.01      23.81
     93.01      23.98
     95.01      23.69
     97.01      23.55
     99.01      23.73
       101      23.37
       103      23.42
       105       23.7
       107       23.7
       109      23.92
       111      24.41
       113       24.4
       115       24.4
       117      24.15
       119      24.23
       121       24.6
       123      24.76
       125      24.48
       127      24.21
       129      24.58
       131      24.57
       133      24.47
       135      24.68
       137      25.18
       139      25.64
       141      25.49
       143      25.44
       145       25.2
       147      24.85
       149      24.95
       151      25.44
       153      25.42
       155      25.62
       157      25.42
       159      25.38
       161      24.61
       163      24.86
       165      25.41
       167      25.93
       169      25.52
       171      25.33
       173      25.61
       175       25.8
       177      25.84
       179      25.88
       181      25.72
       183      25.76
       185      26.14
       187      26.31
       189      26.12
       191      26.01
       193      26.53
       195      26.53
       197      26.43
       199      26.36
       201      26.61
       203      26.65
       205      26.86
       207      26.55
       209      26.82
       211      26.79
       213      26.69
       215      26.64
       217      26.41
       219      27.06
       221      27.26
       223      27.11
       225      26.92
       227      26.72
       229      26.98
       231       27.1
       233         27
       235      26.87
       237      27.07
       239      27.16
       241      27.21
       243      26.57
       245      26.67
       247      26.82
       249      26.94
       251      26.73
       253      26.46
       255      26.36
       257      25.99
       259      25.87
       261      26.15
       263      26.23
       265      26.38
       267      26.53
       269      26.87
       271       26.8
       273      26.76
       275      26.89
       277      26.91
       279      26.57
       281      26.48
       283      26.81
       285      26.52
       287      27.06
       289      27.26
       291      28.29
       293      27.44
       295      27.09
       297      26.95
       299      27.36
       301       29.5
       303      27.79
       305      27.84
       307      27.71
       309      27.39
       311      28.21
       313       28.3
       315      27.43
       317      29.05
       319      28.15
       321      27.06
       323      27.35
       325      31.07
       327      35.52
       329      30.95
       331      28.25
       333      28.13
       335      33.42
       337      35.52
       339      35.52
       341      35.52
       343      35.52
       345      35.52
       347      35.52
       349      35.52
       351      35.52
