     3.011  1.063e+09
     5.018  2.852e+08
     7.025  1.607e+08
     9.033  1.412e+08
     11.04  1.396e+08
     13.05  1.258e+08
     15.05  1.195e+08
     17.06  9.966e+07
     19.07  7.858e+07
     21.08  7.522e+07
     23.08  5.155e+07
     25.09  4.044e+07
      27.1  2.567e+07
      29.1  2.391e+07
     31.11  2.041e+07
     33.12  1.758e+07
     35.13  1.575e+07
     37.13  1.728e+07
     39.14  1.589e+07
     41.15  1.484e+07
     43.16  1.571e+07
     45.16  9.742e+06
     47.17   1.08e+07
     49.18  7.382e+06
     51.18   6.93e+06
     53.19  7.029e+06
      55.2  6.963e+06
     57.21  6.245e+06
     59.21  6.587e+06
     61.22   5.14e+06
     63.23   4.82e+06
     65.24  5.655e+06
     67.24  5.092e+06
     69.25  3.881e+06
     71.26  4.656e+06
     73.26  4.053e+06
     75.27  3.953e+06
     77.28  3.304e+06
     79.29   3.85e+06
     81.29  3.266e+06
      83.3  2.673e+06
     85.31  2.923e+06
     87.31  2.808e+06
     89.32  2.329e+06
     91.33  1.403e+06
     93.34  1.635e+06
     95.34   1.79e+06
     97.35  1.427e+06
     99.36  1.147e+06
     101.4  9.697e+05
     103.4   1.12e+06
     105.4  9.821e+05
     107.4  1.241e+06
     109.4  1.017e+06
     111.4   1.16e+06
     113.4  9.592e+05
     115.4  8.505e+05
     117.4  8.581e+05
     119.4  6.256e+05
     121.4  1.014e+06
     123.4  5.335e+05
     125.5  5.506e+05
     127.5  6.026e+05
     129.5  6.757e+05
     131.5  4.717e+05
     133.5  5.846e+05
     135.5  6.353e+05
     137.5  4.991e+05
     139.5  6.974e+05
     141.5   7.09e+05
     143.5  4.334e+05
     145.5  5.412e+05
     147.5  5.091e+05
     149.5  6.123e+05
     151.5  3.896e+05
     153.6  5.016e+05
     155.6  3.988e+05
     157.6  4.382e+05
     159.6  2.399e+05
     161.6  2.836e+05
     163.6  3.296e+05
     165.6  2.672e+05
     167.6  2.037e+05
     169.6  1.644e+05
     171.6  3.239e+05
     173.6  3.201e+05
     175.6  4.156e+05
     177.6  2.046e+05
     179.6   1.58e+05
     181.7  2.172e+05
     183.7  1.537e+05
     185.7  8.492e+04
     187.7  1.131e+05
     189.7  1.604e+05
     191.7  9.632e+04
     193.7  8.304e+04
     195.7  4.612e+04
     197.7  7.769e+04
     199.7  6.076e+04
     201.7  1.992e+05
     203.7  7.458e+04
     205.7  1.079e+05
     207.7  1.322e+05
     209.8  7.875e+04
     211.8  4.364e+04
     213.8   7.72e+04
     215.8  6.075e+04
     217.8  1.432e+05
     219.8  6.881e+04
     221.8          0
     223.8   8.82e+04
     225.8  6.792e+04
     227.8  3.432e+04
     229.8  2.594e+04
     231.8  1.205e+05
     233.8  5.826e+04
     235.8  6.302e+04
     237.9  1.264e+04
     239.9  1.387e+04
     241.9  4.817e+04
     243.9  2.535e+04
     245.9  2.431e+04
     247.9  7.392e+04
     249.9  1.204e+04
     251.9  5.985e+04
     253.9  7.595e+04
     255.9  8.797e+04
     257.9  4.721e+04
     259.9  1.188e+04
     261.9  2.277e+04
       264  3.437e+04
       266  2.229e+04
       268  1.124e+04
       270          0
       272          0
       274  3.517e+04
       276  1.083e+04
       278  1.038e+04
       280          0
       282          0
       284          0
       286          0
       288          0
       290  1.026e+04
     292.1  2.033e+04
     294.1          0
     296.1          0
     298.1          0
     300.1          0
     302.1          0
     304.1          0
     306.1          0
     308.1          0
     310.1          0
     312.1          0
     314.1          0
     316.1          0
     318.1          0
     320.2          0
     322.2  1.083e+04
     324.2          0
     326.2          0
     328.2          0
     330.2          0
     332.2          0
     334.2          0
     336.2          0
     338.2          0
     340.2          0
     342.2          0
     344.2          0
     346.2          0
     348.3          0
     350.3          0
