     1.004  1.016e-14
     3.011  3.107e-17
     5.018  2.321e-17
     7.025  2.085e-17
     9.033  1.839e-17
     11.04  1.334e-17
     13.05  1.102e-17
     15.05  1.048e-17
     17.06  1.041e-17
     19.07  9.245e-18
     21.08  7.886e-18
     23.08  6.078e-18
     25.09  4.579e-18
      27.1  3.496e-18
      29.1  3.322e-18
     31.11  2.963e-18
     33.12  2.552e-18
     35.13  2.562e-18
     37.13  2.763e-18
     39.14  2.492e-18
     41.15   2.54e-18
     43.16  1.932e-18
     45.16  1.664e-18
     47.17  1.327e-18
     49.18  9.938e-19
     51.18  9.994e-19
     53.19  1.194e-18
      55.2  9.934e-19
     57.21  9.444e-19
     59.21  1.028e-18
     61.22  8.594e-19
     63.23  8.358e-19
     65.24  8.848e-19
     67.24   8.61e-19
     69.25  8.317e-19
     71.26  7.265e-19
     73.26   6.88e-19
     75.27  6.827e-19
     77.28  7.269e-19
     79.29  6.328e-19
     81.29  4.511e-19
      83.3  5.315e-19
     85.31  5.346e-19
     87.31  4.501e-19
     89.32  2.827e-19
     91.33  3.107e-19
     93.34  2.767e-19
     95.34  2.266e-19
     97.35  1.605e-19
     99.36  1.504e-19
     101.4  1.608e-19
     103.4    1.6e-19
     105.4  1.471e-19
     107.4  1.657e-19
     109.4  1.518e-19
     111.4  1.525e-19
     113.4  1.201e-19
     115.4  1.269e-19
     117.4  1.118e-19
     119.4  1.357e-19
     121.4  1.289e-19
     123.4  9.021e-20
     125.5  7.999e-20
     127.5  8.447e-20
     129.5   9.46e-20
     131.5  7.256e-20
     133.5  7.876e-20
     135.5  8.265e-20
     137.5  8.299e-20
     139.5  9.638e-20
     141.5  8.167e-20
     143.5  7.233e-20
     145.5  7.085e-20
     147.5  8.108e-20
     149.5  6.828e-20
     151.5  5.709e-20
     153.6  6.072e-20
     155.6  5.377e-20
     157.6    5.3e-20
     159.6  4.944e-20
     161.6  5.892e-20
     163.6  4.642e-20
     165.6  3.878e-20
     167.6  2.637e-20
     169.6  3.408e-20
     171.6  4.018e-20
     173.6  6.147e-20
     175.6  3.244e-20
     177.6  2.563e-20
     179.6  2.559e-20
     181.7  3.025e-20
     183.7  2.115e-20
     185.7  1.659e-20
     187.7  2.128e-20
     189.7  1.959e-20
     191.7  1.193e-20
     193.7  9.326e-21
     195.7  8.562e-21
     197.7   1.28e-20
     199.7  1.702e-20
     201.7  1.856e-20
     203.7  1.358e-20
     205.7  1.381e-20
     207.7  1.291e-20
     209.8  8.278e-21
     211.8  8.987e-21
     213.8  8.949e-21
     215.8  1.148e-20
     217.8  1.216e-20
     219.8  6.548e-21
     221.8  6.182e-21
     223.8  8.939e-21
     225.8  8.265e-21
     227.8  5.403e-21
     229.8  1.024e-20
     231.8  1.106e-20
     233.8  6.797e-21
     235.8    5.1e-21
     237.9  1.375e-21
     239.9    3.4e-21
     241.9  4.715e-21
     243.9  4.886e-21
     245.9  4.888e-21
     247.9  7.085e-21
     249.9  7.326e-21
     251.9  1.094e-20
     253.9  1.506e-20
     255.9   1.08e-20
     257.9  7.419e-21
     259.9  3.102e-21
     261.9  5.318e-21
       264  7.006e-21
       266  4.736e-21
       268  1.341e-21
       270  4.421e-22
       272  4.596e-21
       274   4.72e-21
       276  3.042e-21
       278  9.212e-22
       280  2.122e-22
       282      1e-23
       284      1e-23
       286  9.933e-23
       288  1.238e-21
       290  6.058e-21
     292.1  3.185e-21
     294.1  2.383e-22
     296.1      1e-23
     298.1      1e-23
     300.1      1e-23
     302.1      1e-23
     304.1      1e-23
     306.1      1e-23
     308.1      1e-23
     310.1      1e-23
     312.1      1e-23
     314.1      1e-23
     316.1      1e-23
     318.1  8.942e-22
     320.2  1.178e-20
     322.2  2.485e-20
     324.2   2.97e-22
     326.2      1e-23
     328.2      1e-23
     330.2      1e-23
     332.2      1e-23
     334.2      1e-23
     336.2      1e-23
     338.2      1e-23
     340.2      1e-23
     342.2      1e-23
     344.2      1e-23
     346.2      1e-23
     348.3      1e-23
     350.3      1e-23
