     1.004         13
     3.011      19.29
     5.018       19.6
     7.025      19.72
     9.033      19.85
     11.04       20.2
     13.05      20.41
     15.05      20.47
     17.06      20.47
     19.07       20.6
     21.08      20.77
     23.08      21.06
     25.09      21.36
      27.1      21.66
      29.1      21.71
     31.11      21.84
     33.12         22
     35.13      21.99
     37.13      21.91
     39.14      22.02
     41.15         22
     43.16       22.3
     45.16      22.46
     47.17      22.71
     49.18      23.02
     51.18      23.02
     53.19      22.82
      55.2      23.02
     57.21      23.08
     59.21      22.99
     61.22      23.18
     63.23      23.21
     65.24      23.15
     67.24      23.18
     69.25      23.22
     71.26      23.36
     73.26      23.42
     75.27      23.43
     77.28      23.36
     79.29      23.51
     81.29      23.88
      83.3       23.7
     85.31       23.7
     87.31      23.88
     89.32      24.39
     91.33      24.29
     93.34      24.41
     95.34      24.63
     97.35         25
     99.36      25.07
     101.4         25
     103.4      25.01
     105.4       25.1
     107.4      24.97
     109.4      25.06
     111.4      25.06
     113.4      25.32
     115.4      25.26
     117.4       25.4
     119.4      25.18
     121.4      25.24
     123.4      25.63
     125.5      25.76
     127.5       25.7
     129.5      25.58
     131.5      25.86
     133.5      25.78
     135.5      25.72
     137.5      25.72
     139.5      25.56
     141.5      25.74
     143.5      25.87
     145.5      25.89
     147.5      25.74
     149.5      25.93
     151.5      26.12
     153.6      26.06
     155.6      26.19
     157.6      26.21
     159.6      26.28
     161.6      26.09
     163.6      26.35
     165.6      26.54
     167.6      26.96
     169.6      26.68
     171.6      26.51
     173.6      26.04
     175.6      26.74
     177.6      26.99
     179.6         27
     181.7      26.81
     183.7       27.2
     185.7      27.47
     187.7       27.2
     189.7      27.29
     191.7      27.82
     193.7      28.09
     195.7      28.18
     197.7      27.75
     199.7      27.44
     201.7      27.34
     203.7      27.68
     205.7      27.67
     207.7      27.74
     209.8      28.22
     211.8      28.13
     213.8      28.14
     215.8      27.87
     217.8       27.8
     219.8      28.48
     221.8      28.54
     223.8      28.14
     225.8      28.22
     227.8      28.68
     229.8      27.99
     231.8      27.91
     233.8      28.44
     235.8      28.75
     237.9      30.17
     239.9      29.19
     241.9      28.83
     243.9      28.79
     245.9      28.79
     247.9      28.39
     249.9      28.35
     251.9      27.92
     253.9      27.57
     255.9      27.93
     257.9      28.34
     259.9      29.29
     261.9       28.7
       264       28.4
       266      28.83
       268       30.2
       270       31.4
       272      28.86
       274      28.83
       276      29.31
       278      30.61
       280       32.2
       282      35.52
       284      35.52
       286      33.02
       288      30.28
       290      28.56
     292.1      29.26
     294.1      32.07
     296.1      35.52
     298.1      35.52
     300.1      35.52
     302.1      35.52
     304.1      35.52
     306.1      35.52
     308.1      35.52
     310.1      35.52
     312.1      35.52
     314.1      35.52
     316.1      35.52
     318.1      30.64
     320.2      27.84
     322.2      27.03
     324.2      31.83
     326.2      35.52
     328.2      35.52
     330.2      35.52
     332.2      35.52
     334.2      35.52
     336.2      35.52
     338.2      35.52
     340.2      35.52
     342.2      35.52
     344.2      35.52
     346.2      35.52
     348.3      35.52
     350.3      35.52
