     3.007  7.108e+08
     5.012  1.725e+08
     7.017  8.768e+07
     9.022  6.186e+07
     11.03  4.409e+07
     13.03  3.328e+07
     15.04  2.081e+07
     17.04  2.078e+07
     19.05  1.622e+07
     21.05  1.436e+07
     23.06  1.036e+07
     25.06  1.496e+07
     27.07  8.436e+06
     29.07  8.136e+06
     31.08  7.641e+06
     33.08   7.63e+06
     35.09  6.018e+06
     37.09  6.355e+06
      39.1  4.158e+06
      41.1  3.769e+06
     43.11  3.753e+06
     45.11  4.127e+06
     47.12  3.832e+06
     49.12  4.835e+06
     51.12  3.341e+06
     53.13  2.525e+06
     55.13  1.938e+06
     57.14  2.011e+06
     59.14  1.175e+06
     61.15   1.99e+06
     63.15  1.755e+06
     65.16  1.821e+06
     67.16  1.518e+06
     69.17  8.911e+05
     71.17  8.281e+05
     73.18  1.704e+06
     75.18  2.213e+06
     77.19  2.274e+06
     79.19   1.23e+06
      81.2  6.216e+05
      83.2   5.23e+05
     85.21   5.01e+05
     87.21  5.637e+05
     89.22  5.365e+05
     91.22  6.274e+05
     93.23  5.546e+05
     95.23  5.668e+05
     97.24  5.401e+05
     99.24  3.094e+05
     101.2  3.287e+05
     103.3  3.408e+05
     105.3  3.976e+05
     107.3    2.3e+05
     109.3  3.249e+05
     111.3  3.806e+05
     113.3  9.738e+04
     115.3   1.87e+05
     117.3  2.399e+05
     119.3  7.532e+04
     121.3  7.597e+04
     123.3  7.567e+04
     125.3  1.585e+05
     127.3  2.594e+05
     129.3   1.97e+05
     131.3    2.7e+05
     133.3  9.166e+04
     135.3  2.703e+04
     137.3  2.269e+04
     139.3  2.152e+04
     141.3  2.447e+04
     143.4          0
     145.4          0
     147.4          0
     149.4  1.979e+04
     151.4          0
     153.4          0
     155.4          0
     157.4  2.116e+04
     159.4  1.868e+04
     161.4  1.886e+04
     163.4          0
     165.4  1.828e+04
     167.4          0
     169.4          0
     171.4  1.765e+04
     173.4          0
     175.4          0
     177.4          0
     179.4          0
     181.4          0
     183.4          0
     185.5          0
     187.5          0
     189.5          0
     191.5          0
     193.5  1.793e+04
     195.5          0
     197.5          0
     199.5          0
     201.5  1.711e+04
     203.5          0
     205.5          0
     207.5          0
     209.5          0
     211.5  1.619e+04
     213.5  1.535e+04
     215.5          0
     217.5          0
     219.5          0
     221.5          0
     223.5          0
     225.6          0
     227.6  2.862e+04
     229.6          0
     231.6          0
     233.6  1.359e+04
     235.6  1.445e+04
     237.6          0
     239.6          0
     241.6          0
     243.6          0
     245.6          0
     247.6  1.337e+04
     249.6          0
     251.6          0
     253.6          0
     255.6          0
     257.6          0
     259.6          0
     261.6          0
     263.6          0
     265.6          0
     267.7          0
     269.7          0
     271.7          0
     273.7          0
     275.7          0
     277.7          0
     279.7          0
     281.7          0
     283.7          0
     285.7          0
     287.7          0
     289.7          0
     291.7          0
     293.7          0
     295.7          0
     297.7          0
     299.7          0
     301.7          0
     303.7          0
     305.7          0
     307.8          0
     309.8          0
     311.8          0
     313.8          0
     315.8          0
     317.8          0
     319.8          0
     321.8          0
     323.8          0
     325.8          0
     327.8          0
     329.8          0
     331.8          0
     333.8          0
     335.8          0
     337.8          0
     339.8          0
     341.8          0
     343.8          0
     345.8          0
     347.8          0
     349.9          0
