     1.002  7.446e-16
     3.007   5.84e-17
     5.012  2.445e-17
     7.017  1.428e-17
     9.022  1.047e-17
     11.03  8.088e-18
     13.03  4.156e-18
     15.04  3.681e-18
     17.04   2.77e-18
     19.05  2.281e-18
     21.05  1.745e-18
     23.06   1.76e-18
     25.06  1.485e-18
     27.07  1.293e-18
     29.07  1.229e-18
     31.08  1.347e-18
     33.08  1.139e-18
     35.09  1.192e-18
     37.09  8.948e-19
      39.1  6.782e-19
      41.1  6.354e-19
     43.11   7.26e-19
     45.11  7.313e-19
     47.12  9.732e-19
     49.12  9.531e-19
     51.12  6.668e-19
     53.13  4.331e-19
     55.13  4.587e-19
     57.14  3.892e-19
     59.14  3.178e-19
     61.15  4.745e-19
     63.15   4.51e-19
     65.16  3.595e-19
     67.16  2.949e-19
     69.17  1.682e-19
     71.17  2.417e-19
     73.18  2.723e-19
     75.18  3.388e-19
     77.19   2.82e-19
     79.19  1.474e-19
      81.2  9.267e-20
      83.2  9.403e-20
     85.21  6.772e-20
     87.21  8.151e-20
     89.22  9.917e-20
     91.22   9.26e-20
     93.23  8.358e-20
     95.23   8.54e-20
     97.24  6.405e-20
     99.24  5.157e-20
     101.2  5.586e-20
     103.3  5.998e-20
     105.3  5.075e-20
     107.3  4.563e-20
     109.3  4.058e-20
     111.3   4.19e-20
     113.3  2.768e-20
     115.3   3.63e-20
     117.3  1.804e-20
     119.3  1.351e-20
     121.3  9.923e-21
     123.3  3.888e-20
     125.3  5.612e-20
     127.3  5.966e-20
     129.3  7.742e-20
     131.3  3.383e-20
     133.3  1.159e-20
     135.3  1.168e-20
     137.3  3.091e-21
     139.3  6.747e-21
     141.3   5.32e-21
     143.4  1.065e-21
     145.4  1.913e-23
     147.4  7.581e-22
     149.4  1.503e-21
     151.4  1.476e-22
     153.4  3.905e-22
     155.4  2.476e-21
     157.4  4.865e-21
     159.4  3.367e-21
     161.4   8.04e-22
     163.4   5.29e-23
     165.4  1.623e-21
     167.4  1.663e-21
     169.4    1.9e-21
     171.4  1.964e-22
     173.4      1e-23
     175.4      1e-23
     177.4      1e-23
     179.4      1e-23
     181.4      1e-23
     183.4      1e-23
     185.5      1e-23
     187.5      1e-23
     189.5  6.734e-23
     191.5  1.689e-21
     193.5  4.035e-21
     195.5  2.332e-21
     197.5  1.199e-21
     199.5  3.576e-21
     201.5   2.66e-21
     203.5  1.002e-23
     205.5      1e-23
     207.5  6.529e-22
     209.5   3.37e-21
     211.5  4.564e-21
     213.5  2.374e-21
     215.5  6.164e-23
     217.5      1e-23
     219.5      1e-23
     221.5      1e-23
     223.5  1.485e-22
     225.6  2.748e-21
     227.6  4.864e-21
     229.6  4.961e-22
     231.6  1.613e-21
     233.6   5.27e-21
     235.6  2.011e-21
     237.6  1.894e-23
     239.6      1e-23
     241.6      1e-23
     243.6  1.553e-23
     245.6  4.129e-22
     247.6  2.845e-21
     249.6  3.613e-22
     251.6  1.022e-23
     253.6      1e-23
     255.6      1e-23
     257.6      1e-23
     259.6      1e-23
     261.6      1e-23
     263.6      1e-23
     265.6      1e-23
     267.7      1e-23
     269.7      1e-23
     271.7      1e-23
     273.7      1e-23
     275.7      1e-23
     277.7      1e-23
     279.7      1e-23
     281.7      1e-23
     283.7      1e-23
     285.7      1e-23
     287.7      1e-23
     289.7      1e-23
     291.7      1e-23
     293.7      1e-23
     295.7      1e-23
     297.7      1e-23
     299.7      1e-23
     301.7      1e-23
     303.7      1e-23
     305.7      1e-23
     307.8      1e-23
     309.8      1e-23
     311.8      1e-23
     313.8      1e-23
     315.8      1e-23
     317.8      1e-23
     319.8      1e-23
     321.8      1e-23
     323.8      1e-23
     325.8      1e-23
     327.8      1e-23
     329.8      1e-23
     331.8      1e-23
     333.8      1e-23
     335.8      1e-23
     337.8      1e-23
     339.8      1e-23
     341.8      1e-23
     343.8      1e-23
     345.8      1e-23
     347.8      1e-23
     349.9      1e-23
