     1.002  1.948e+10
     3.007   4.64e+10
     5.012  5.729e+10
     7.017  6.504e+10
     9.022  7.207e+10
     11.03   7.82e+10
     13.03  8.366e+10
     15.04   8.76e+10
     17.04  9.206e+10
     19.05  9.596e+10
     21.05  9.976e+10
     23.06  1.028e+11
     25.06  1.075e+11
     27.07  1.104e+11
     29.07  1.134e+11
     31.08  1.163e+11
     33.08  1.195e+11
     35.09  1.222e+11
     37.09  1.252e+11
      39.1  1.272e+11
      41.1  1.291e+11
     43.11  1.312e+11
     45.11  1.335e+11
     47.12  1.358e+11
     49.12  1.388e+11
     51.12   1.41e+11
     53.13  1.426e+11
     55.13   1.44e+11
     57.14  1.454e+11
     59.14  1.463e+11
     61.15  1.478e+11
     63.15  1.492e+11
     65.16  1.507e+11
     67.16   1.52e+11
     69.17  1.528e+11
     71.17  1.535e+11
     73.18  1.551e+11
     75.18  1.572e+11
     77.19  1.594e+11
     79.19  1.606e+11
      81.2  1.613e+11
      83.2  1.618e+11
     85.21  1.624e+11
     87.21   1.63e+11
     89.22  1.636e+11
     91.22  1.643e+11
     93.23   1.65e+11
     95.23  1.656e+11
     97.24  1.663e+11
     99.24  1.667e+11
     101.2  1.671e+11
     103.3  1.675e+11
     105.3  1.681e+11
     107.3  1.684e+11
     109.3  1.688e+11
     111.3  1.694e+11
     113.3  1.695e+11
     115.3  1.698e+11
     117.3  1.701e+11
     119.3  1.702e+11
     121.3  1.704e+11
     123.3  1.705e+11
     125.3  1.707e+11
     127.3  1.711e+11
     129.3  1.715e+11
     131.3  1.719e+11
     133.3  1.721e+11
     135.3  1.721e+11
     137.3  1.722e+11
     139.3  1.722e+11
     141.3  1.722e+11
     143.4  1.722e+11
     145.4  1.722e+11
     147.4  1.722e+11
     149.4  1.723e+11
     151.4  1.723e+11
     153.4  1.723e+11
     155.4  1.723e+11
     157.4  1.723e+11
     159.4  1.723e+11
     161.4  1.724e+11
     163.4  1.724e+11
     165.4  1.724e+11
     167.4  1.724e+11
     169.4  1.724e+11
     171.4  1.725e+11
     173.4  1.725e+11
     175.4  1.725e+11
     177.4  1.725e+11
     179.4  1.725e+11
     181.4  1.725e+11
     183.4  1.725e+11
     185.5  1.725e+11
     187.5  1.725e+11
     189.5  1.725e+11
     191.5  1.725e+11
     193.5  1.725e+11
     195.5  1.725e+11
     197.5  1.725e+11
     199.5  1.725e+11
     201.5  1.726e+11
     203.5  1.726e+11
     205.5  1.726e+11
     207.5  1.726e+11
     209.5  1.726e+11
     211.5  1.726e+11
     213.5  1.726e+11
     215.5  1.726e+11
     217.5  1.726e+11
     219.5  1.726e+11
     221.5  1.726e+11
     223.5  1.726e+11
     225.6  1.726e+11
     227.6  1.727e+11
     229.6  1.727e+11
     231.6  1.727e+11
     233.6  1.728e+11
     235.6  1.728e+11
     237.6  1.728e+11
     239.6  1.728e+11
     241.6  1.728e+11
     243.6  1.728e+11
     245.6  1.728e+11
     247.6  1.728e+11
     249.6  1.728e+11
     251.6  1.728e+11
     253.6  1.728e+11
     255.6  1.728e+11
     257.6  1.728e+11
     259.6  1.728e+11
     261.6  1.728e+11
     263.6  1.728e+11
     265.6  1.728e+11
     267.7  1.728e+11
     269.7  1.728e+11
     271.7  1.728e+11
     273.7  1.728e+11
     275.7  1.728e+11
     277.7  1.728e+11
     279.7  1.728e+11
     281.7  1.728e+11
     283.7  1.728e+11
     285.7  1.728e+11
     287.7  1.728e+11
     289.7  1.728e+11
     291.7  1.728e+11
     293.7  1.728e+11
     295.7  1.728e+11
     297.7  1.728e+11
     299.7  1.728e+11
     301.7  1.728e+11
     303.7  1.728e+11
     305.7  1.728e+11
     307.8  1.728e+11
     309.8  1.728e+11
     311.8  1.728e+11
     313.8  1.728e+11
     315.8  1.728e+11
     317.8  1.728e+11
     319.8  1.728e+11
     321.8  1.728e+11
     323.8  1.728e+11
     325.8  1.728e+11
     327.8  1.728e+11
     329.8  1.728e+11
     331.8  1.728e+11
     333.8  1.728e+11
     335.8  1.728e+11
     337.8  1.728e+11
     339.8  1.728e+11
     341.8  1.728e+11
     343.8  1.728e+11
     345.8  1.728e+11
     347.8  1.728e+11
     349.9  1.728e+11
