     1.002      15.84
     3.007       18.6
     5.012      19.55
     7.017      20.13
     9.022      20.47
     11.03      20.75
     13.03      21.47
     15.04       21.6
     17.04      21.91
     19.05      22.12
     21.05      22.41
     23.06       22.4
     25.06      22.59
     27.07      22.74
     29.07      22.79
     31.08      22.69
     33.08      22.87
     35.09      22.83
     37.09      23.14
      39.1      23.44
      41.1      23.51
     43.11      23.36
     45.11      23.36
     47.12      23.05
     49.12      23.07
     51.12      23.46
     53.13      23.92
     55.13      23.86
     57.14      24.04
     59.14      24.26
     61.15      23.83
     63.15      23.88
     65.16      24.13
     67.16      24.34
     69.17      24.95
     71.17      24.56
     73.18      24.43
     75.18      24.19
     77.19      24.39
     79.19      25.09
      81.2       25.6
      83.2      25.58
     85.21      25.94
     87.21      25.74
     89.22      25.53
     91.22       25.6
     93.23      25.71
     95.23      25.69
     97.24         26
     99.24      26.24
     101.2      26.15
     103.3      26.07
     105.3      26.25
     107.3      26.37
     109.3       26.5
     111.3      26.46
     113.3      26.91
     115.3      26.62
     117.3      27.38
     119.3      27.69
     121.3      28.02
     123.3      26.54
     125.3      26.14
     127.3      26.08
     129.3      25.79
     131.3      26.69
     133.3      27.86
     135.3      27.85
     137.3      29.29
     139.3      28.44
     141.3       28.7
     143.4      30.45
     145.4      34.81
     147.4      30.82
     149.4      30.07
     151.4      32.59
     153.4      31.54
     155.4      29.53
     157.4       28.8
     159.4       29.2
     161.4      30.75
     163.4      33.71
     165.4      29.99
     167.4      29.96
     169.4      29.82
     171.4      32.28
     173.4      35.52
     175.4      35.52
     177.4      35.52
     179.4      35.52
     181.4      35.52
     183.4      35.52
     185.5      35.52
     187.5      35.52
     189.5      33.45
     191.5      29.95
     193.5         29
     195.5       29.6
     197.5      30.32
     199.5      29.13
     201.5      29.45
     203.5      35.51
     205.5      35.52
     207.5      30.98
     209.5       29.2
     211.5      28.87
     213.5      29.58
     215.5      33.54
     217.5      35.52
     219.5      35.52
     221.5      35.52
     223.5      32.59
     225.6      29.42
     227.6       28.8
     229.6      31.28
     231.6         30
     233.6      28.71
     235.6      29.76
     237.6      34.82
     239.6      35.52
     241.6      35.52
     243.6      35.04
     245.6      31.48
     247.6      29.38
     249.6      31.62
     251.6      35.49
     253.6      35.52
     255.6      35.52
     257.6      35.52
     259.6      35.52
     261.6      35.52
     263.6      35.52
     265.6      35.52
     267.7      35.52
     269.7      35.52
     271.7      35.52
     273.7      35.52
     275.7      35.52
     277.7      35.52
     279.7      35.52
     281.7      35.52
     283.7      35.52
     285.7      35.52
     287.7      35.52
     289.7      35.52
     291.7      35.52
     293.7      35.52
     295.7      35.52
     297.7      35.52
     299.7      35.52
     301.7      35.52
     303.7      35.52
     305.7      35.52
     307.8      35.52
     309.8      35.52
     311.8      35.52
     313.8      35.52
     315.8      35.52
     317.8      35.52
     319.8      35.52
     321.8      35.52
     323.8      35.52
     325.8      35.52
     327.8      35.52
     329.8      35.52
     331.8      35.52
     333.8      35.52
     335.8      35.52
     337.8      35.52
     339.8      35.52
     341.8      35.52
     343.8      35.52
     345.8      35.52
     347.8      35.52
     349.9      35.52
