     10.97  4.629e-18
     12.92  4.113e-18
     14.86  3.426e-18
      16.8  3.273e-18
     18.75  2.959e-18
     20.69  2.659e-18
     22.63  2.208e-18
     24.58  1.989e-18
     26.52  1.759e-18
     28.47  1.928e-18
     30.41   1.71e-18
     32.35  1.583e-18
      34.3    1.6e-18
     36.24  1.562e-18
     38.18  1.226e-18
     40.13  1.217e-18
     42.07  1.107e-18
     44.02  8.978e-19
     45.96  8.154e-19
      47.9  7.743e-19
     49.85  7.581e-19
     51.79  7.373e-19
     53.73  7.071e-19
     55.68  6.044e-19
     57.62  5.374e-19
     59.57  5.079e-19
     61.51  4.563e-19
     63.45  5.055e-19
      65.4  5.647e-19
     67.34  4.686e-19
     69.28  3.818e-19
     71.23  3.337e-19
     73.17  3.271e-19
     75.12  3.281e-19
     77.06  3.065e-19
        79  2.951e-19
     80.95  3.006e-19
     82.89  2.874e-19
     84.83  2.707e-19
     86.78  2.585e-19
     88.72  2.484e-19
     90.66  2.431e-19
     92.61  2.372e-19
     94.55   2.12e-19
      96.5  2.067e-19
     98.44  2.202e-19
     100.4  2.104e-19
     102.3  2.132e-19
     104.3  2.112e-19
     106.2   1.97e-19
     108.2  1.812e-19
     110.1  1.804e-19
       112   1.79e-19
       114  1.689e-19
     115.9  1.728e-19
     117.9  1.766e-19
     119.8  1.753e-19
     121.8  1.768e-19
     123.7  1.924e-19
     125.7  1.655e-19
     127.6  1.446e-19
     129.5  1.377e-19
     131.5  1.371e-19
     133.4  1.327e-19
     135.4  1.222e-19
     137.3  1.186e-19
     139.3   1.15e-19
     141.2  1.104e-19
     143.1   1.02e-19
     145.1  9.936e-20
       147  1.001e-19
       149  9.677e-20
     150.9  8.947e-20
     152.9  8.405e-20
     154.8  8.448e-20
     156.8  8.536e-20
     158.7  8.633e-20
     160.6  8.332e-20
     162.6  7.946e-20
     164.5  7.551e-20
     166.5  7.152e-20
     168.4  6.868e-20
     170.4  6.853e-20
     172.3  7.215e-20
     174.2  7.767e-20
     176.2   7.06e-20
     178.1  6.456e-20
     180.1  6.341e-20
       182  6.324e-20
       184  6.256e-20
     185.9  6.016e-20
     187.9  5.678e-20
     189.8  5.678e-20
     191.7  5.716e-20
     193.7   5.15e-20
     195.6  5.411e-20
     197.6  5.322e-20
     199.5  4.788e-20
     201.5  5.005e-20
     203.4  5.277e-20
     205.3  4.803e-20
     207.3  4.962e-20
     209.2  5.302e-20
     211.2  6.025e-20
     213.1  7.306e-20
     215.1  5.952e-20
       217  4.213e-20
       219  4.138e-20
     220.9  4.259e-20
     222.8  4.127e-20
     224.8  3.787e-20
     226.7  3.668e-20
     228.7   3.71e-20
     230.6  3.418e-20
     232.6  3.132e-20
     234.5  3.051e-20
     236.4  3.095e-20
     238.4  3.125e-20
     240.3  3.002e-20
     242.3  3.033e-20
     244.2  2.972e-20
     246.2  2.797e-20
     248.1  2.674e-20
     250.1  2.818e-20
       252  3.029e-20
     253.9  3.155e-20
     255.9  2.983e-20
     257.8  3.047e-20
     259.8  3.071e-20
     261.7  3.073e-20
     263.7  3.279e-20
     265.6  2.864e-20
     267.5  2.375e-20
     269.5  2.381e-20
     271.4   2.27e-20
     273.4   2.28e-20
     275.3  2.736e-20
     277.3  2.558e-20
     279.2  2.439e-20
     281.2  2.088e-20
     283.1  2.129e-20
       285  2.045e-20
       287  1.907e-20
     288.9  1.745e-20
     290.9  2.115e-20
     292.8  1.948e-20
     294.8  1.842e-20
     296.7  1.849e-20
     298.6  1.523e-20
     300.6  1.594e-20
     302.5  2.153e-20
     304.5  1.987e-20
     306.4  1.766e-20
     308.4  1.604e-20
     310.3  1.412e-20
     312.3  1.385e-20
     314.2  1.699e-20
     316.1   1.47e-20
     318.1  1.237e-20
       320  1.666e-20
       322  1.057e-20
     323.9  9.556e-21
     325.9   1.37e-20
     327.8  1.467e-20
     329.7  1.953e-20
     331.7  1.278e-20
     333.6  8.575e-21
     335.6  8.448e-21
     337.5  1.273e-20
     339.5  1.224e-20
     341.4  1.631e-20
     343.4  2.169e-20
     345.3  1.998e-20
     347.2   9.62e-21
     349.2  1.244e-20
     351.1  5.318e-21
