     10.97      21.35
     12.92      21.48
     14.86      21.68
      16.8      21.73
     18.75      21.84
     20.69      21.95
     22.63      22.16
     24.58      22.27
     26.52       22.4
     28.47       22.3
     30.41      22.43
     32.35      22.52
      34.3      22.51
     36.24      22.53
     38.18      22.79
     40.13       22.8
     42.07      22.91
     44.02      23.13
     45.96      23.24
      47.9      23.29
     49.85      23.32
     51.79      23.35
     53.73      23.39
     55.68      23.56
     57.62      23.69
     59.57      23.75
     61.51      23.87
     63.45      23.76
      65.4      23.64
     67.34      23.84
     69.28      24.06
     71.23      24.21
     73.17      24.23
     75.12      24.23
     77.06       24.3
        79      24.34
     80.95      24.32
     82.89      24.37
     84.83      24.43
     86.78      24.49
     88.72      24.53
     90.66      24.55
     92.61      24.58
     94.55       24.7
      96.5      24.73
     98.44      24.66
     100.4      24.71
     102.3      24.69
     104.3       24.7
     106.2      24.78
     108.2      24.87
     110.1      24.88
       112      24.88
       114      24.95
     115.9      24.92
     117.9       24.9
     119.8      24.91
     121.8       24.9
     123.7      24.81
     125.7      24.97
     127.6      25.12
     129.5      25.17
     131.5      25.17
     133.4      25.21
     135.4       25.3
     137.3      25.33
     139.3      25.36
     141.2      25.41
     143.1      25.49
     145.1      25.52
       147      25.52
       149      25.55
     150.9      25.64
     152.9       25.7
     154.8       25.7
     156.8      25.69
     158.7      25.68
     160.6      25.71
     162.6      25.77
     164.5      25.82
     166.5      25.88
     168.4      25.92
     170.4      25.93
     172.3      25.87
     174.2      25.79
     176.2      25.89
     178.1      25.99
     180.1      26.01
       182      26.01
       184      26.03
     185.9      26.07
     187.9      26.13
     189.8      26.13
     191.7      26.12
     193.7      26.24
     195.6      26.18
     197.6       26.2
     199.5      26.32
     201.5      26.27
     203.4      26.21
     205.3      26.31
     207.3      26.28
     209.2      26.21
     211.2      26.07
     213.1      25.86
     215.1      26.08
       217      26.45
       219      26.47
     220.9      26.44
     222.8      26.48
     224.8      26.57
     226.7       26.6
     228.7      26.59
     230.6      26.68
     232.6      26.78
     234.5       26.8
     236.4      26.79
     238.4      26.78
     240.3      26.82
     242.3      26.81
     244.2      26.83
     246.2       26.9
     248.1      26.95
     250.1      26.89
       252      26.81
     253.9      26.77
     255.9      26.83
     257.8      26.81
     259.8       26.8
     261.7       26.8
     263.7      26.73
     265.6      26.87
     267.5      27.08
     269.5      27.07
     271.4      27.13
     273.4      27.12
     275.3      26.92
     277.3         27
     279.2      27.05
     281.2      27.22
     283.1       27.2
       285      27.24
       287      27.32
     288.9      27.41
     290.9       27.2
     292.8      27.29
     294.8      27.35
     296.7      27.35
     298.6      27.56
     300.6      27.51
     302.5      27.18
     304.5      27.27
     306.4       27.4
     308.4       27.5
     310.3      27.64
     312.3      27.66
     314.2      27.44
     316.1       27.6
     318.1      27.79
       320      27.46
       322      27.96
     323.9      28.07
     325.9      27.67
     327.8       27.6
     329.7      27.29
     331.7      27.75
     333.6      28.18
     335.6       28.2
     337.5      27.75
     339.5       27.8
     341.4      27.48
     343.4      27.18
     345.3      27.26
     347.2      28.06
     349.2      27.78
     351.1       28.7
