     3.014  1.472e+09
     5.023  6.884e+08
     7.032  4.218e+08
     9.041  2.627e+08
     11.05  2.087e+08
     13.06  1.569e+08
     15.07  1.141e+08
     17.08  7.762e+07
     19.09  6.886e+07
      21.1  5.285e+07
      23.1  3.727e+07
     25.11  2.511e+07
     27.12  1.973e+07
     29.13  1.639e+07
     31.14  1.249e+07
     33.15  1.046e+07
     35.16  8.216e+06
     37.17  6.247e+06
     39.18   5.29e+06
     41.19  5.603e+06
      43.2  4.197e+06
      45.2  3.841e+06
     47.21  2.934e+06
     49.22  3.764e+06
     51.23  3.287e+06
     53.24  3.738e+06
     55.25  4.403e+06
     57.26  4.337e+06
     59.27  4.252e+06
     61.28  3.353e+06
     63.29   3.23e+06
      65.3  2.425e+06
      67.3  2.455e+06
     69.31  2.089e+06
     71.32  1.672e+06
     73.33  1.987e+06
     75.34  2.072e+06
     77.35  1.216e+06
     79.36  2.049e+06
     81.37  1.948e+06
     83.38  1.962e+06
     85.39  1.837e+06
      87.4  1.399e+06
      89.4  8.753e+05
     91.41  9.385e+05
     93.42  4.996e+05
     95.43  5.934e+05
     97.44  9.147e+05
     99.45  3.747e+05
     101.5    4.7e+05
     103.5  3.136e+05
     105.5  4.219e+05
     107.5  2.662e+05
     109.5  1.155e+05
     111.5  1.841e+05
     113.5  8.271e+04
     115.5  1.076e+05
     117.5  1.361e+05
     119.5  2.554e+04
     121.5  5.457e+04
     123.6  4.731e+04
     125.6  2.321e+04
     127.6  4.655e+04
     129.6  1.314e+05
     131.6  4.434e+04
     133.6  4.724e+04
     135.6  2.175e+04
     137.6  2.099e+04
     139.6  2.074e+04
     141.6          0
     143.6  5.014e+04
     145.7  4.067e+04
     147.7  6.368e+04
     149.7          0
     151.7  6.494e+04
     153.7  1.881e+04
     155.7  7.755e+04
     157.7  5.694e+04
     159.7  3.755e+04
     161.7  1.985e+04
     163.7  1.894e+04
     165.7  1.874e+04
     167.8  3.677e+04
     169.8  3.557e+04
     171.8   1.69e+04
     173.8  3.541e+04
     175.8  3.547e+04
     177.8   7.03e+04
     179.8  5.152e+04
     181.8  3.277e+04
     183.8          0
     185.8          0
     187.8   3.23e+04
     189.9  1.624e+04
     191.9  1.635e+04
     193.9  4.921e+04
     195.9          0
     197.9          0
     199.9  2.981e+04
     201.9  4.523e+04
     203.9  1.574e+04
     205.9  2.929e+04
     207.9          0
     209.9  2.831e+04
       212   2.88e+04
       214          0
       216  1.419e+04
       218  2.752e+04
       220  4.165e+04
       222          0
       224  6.805e+04
       226  2.737e+04
       228  1.344e+04
       230  1.378e+04
       232  1.266e+04
     234.1          0
     236.1          0
     238.1  1.301e+04
     240.1          0
     242.1  1.216e+04
     244.1          0
     246.1          0
     248.1          0
     250.1  1.182e+04
     252.1          0
     254.1          0
     256.2          0
     258.2          0
     260.2          0
     262.2          0
     264.2          0
     266.2          0
     268.2  1.096e+04
     270.2  1.405e+04
     272.2          0
     274.2          0
     276.2          0
     278.3          0
     280.3          0
     282.3          0
     284.3          0
     286.3          0
     288.3          0
     290.3          0
     292.3          0
     294.3          0
     296.3          0
     298.3          0
     300.4          0
     302.4          0
     304.4          0
     306.4          0
     308.4          0
     310.4          0
     312.4          0
     314.4          0
     316.4          0
     318.4          0
     320.4          0
     322.5          0
     324.5          0
     326.5          0
     328.5          0
     330.5          0
     332.5          0
     334.5          0
     336.5          0
     338.5          0
     340.5          0
     342.5          0
     344.6          0
     346.6          0
     348.6          0
     350.6          0
