     1.005  3.683e-16
     3.014  9.575e-17
     5.023  5.254e-17
     7.032  3.603e-17
     9.041  3.177e-17
     11.05  2.644e-17
     13.06  1.989e-17
     15.07  1.165e-17
     17.08  1.111e-17
     19.09  8.916e-18
      21.1  6.397e-18
      23.1  4.431e-18
     25.11  3.013e-18
     27.12   2.71e-18
     29.13  2.196e-18
     31.14  1.845e-18
     33.15  1.346e-18
     35.16  1.056e-18
     37.17  1.152e-18
     39.18  1.198e-18
     41.19  9.874e-19
      43.2  8.667e-19
      45.2  7.541e-19
     47.21  6.511e-19
     49.22    9.4e-19
     51.23  6.573e-19
     53.24  7.084e-19
     55.25  8.242e-19
     57.26  8.222e-19
     59.27  7.641e-19
     61.28  6.458e-19
     63.29  5.021e-19
      65.3  4.021e-19
      67.3  3.857e-19
     69.31  3.785e-19
     71.32  3.262e-19
     73.33  3.611e-19
     75.34  3.177e-19
     77.35  3.066e-19
     79.36  3.649e-19
     81.37  4.046e-19
     83.38  4.164e-19
     85.39  3.667e-19
      87.4  2.369e-19
      89.4  1.918e-19
     91.41  1.971e-19
     93.42  1.146e-19
     95.43  1.782e-19
     97.44  1.296e-19
     99.45  8.787e-20
     101.5  7.829e-20
     103.5  9.828e-20
     105.5  1.195e-19
     107.5  4.755e-20
     109.5  2.817e-20
     111.5  2.943e-20
     113.5  2.696e-20
     115.5  1.896e-20
     117.5  1.514e-20
     119.5  1.092e-20
     121.5  6.483e-21
     123.6  4.481e-21
     125.6  5.862e-21
     127.6  2.496e-20
     129.6  2.479e-20
     131.6  7.953e-21
     133.6  4.403e-21
     135.6  3.027e-21
     137.6  7.361e-22
     139.6  1.591e-21
     141.6   9.59e-21
     143.6  1.981e-20
     145.7  1.255e-20
     147.7      1e-20
     149.7  7.683e-21
     151.7  1.091e-20
     153.7  9.734e-21
     155.7  8.586e-21
     157.7  4.812e-21
     159.7  6.275e-21
     161.7  4.606e-21
     163.7  4.591e-21
     165.7  2.293e-21
     167.8  6.584e-21
     169.8  3.923e-21
     171.8  5.404e-21
     173.8   4.81e-21
     175.8  1.028e-20
     177.8  1.043e-20
     179.8  6.305e-21
     181.8  2.304e-21
     183.8  5.505e-22
     185.8  2.127e-21
     187.8  2.681e-21
     189.9  5.047e-21
     191.9  4.032e-21
     193.9  6.744e-21
     195.9  4.367e-22
     197.9  3.021e-21
     199.9  4.941e-21
     201.9  3.993e-21
     203.9  3.367e-21
     205.9  2.182e-21
     207.9   2.31e-21
     209.9  5.083e-21
       212  1.462e-21
       214  1.907e-21
       216   3.16e-21
       218  3.699e-21
       220  3.606e-21
       222  4.628e-21
       224  7.689e-21
       226  3.652e-21
       228  2.449e-21
       230  1.615e-21
       232  4.063e-22
     234.1  4.569e-22
     236.1  1.281e-21
     238.1  7.815e-22
     240.1  1.166e-21
     242.1  2.052e-22
     244.1  1.667e-23
     246.1  5.196e-23
     248.1  4.318e-22
     250.1  1.166e-21
     252.1  2.318e-23
     254.1      1e-23
     256.2      1e-23
     258.2      1e-23
     260.2      1e-23
     262.2      1e-23
     264.2  1.159e-22
     266.2  4.007e-21
     268.2  9.045e-21
     270.2  3.271e-21
     272.2  1.803e-22
     274.2      1e-23
     276.2      1e-23
     278.3      1e-23
     280.3      1e-23
     282.3      1e-23
     284.3      1e-23
     286.3      1e-23
     288.3      1e-23
     290.3      1e-23
     292.3      1e-23
     294.3      1e-23
     296.3      1e-23
     298.3      1e-23
     300.4      1e-23
     302.4      1e-23
     304.4      1e-23
     306.4      1e-23
     308.4      1e-23
     310.4      1e-23
     312.4      1e-23
     314.4      1e-23
     316.4      1e-23
     318.4      1e-23
     320.4      1e-23
     322.5      1e-23
     324.5      1e-23
     326.5      1e-23
     328.5      1e-23
     330.5      1e-23
     332.5      1e-23
     334.5      1e-23
     336.5      1e-23
     338.5      1e-23
     340.5      1e-23
     342.5      1e-23
     344.6      1e-23
     346.6      1e-23
     348.6      1e-23
     350.6      1e-23
