     1.005  2.946e+10
     3.014  8.546e+10
     5.023  1.291e+11
     7.032  1.665e+11
     9.041  1.965e+11
     11.05  2.256e+11
     13.06  2.515e+11
     15.07  2.732e+11
     17.08  2.899e+11
     19.09  3.065e+11
      21.1  3.206e+11
      23.1  3.315e+11
     25.11  3.394e+11
     27.12  3.462e+11
     29.13  3.522e+11
     31.14  3.571e+11
     33.15  3.615e+11
     35.16  3.651e+11
     37.17  3.681e+11
     39.18  3.707e+11
     41.19  3.736e+11
      43.2  3.759e+11
      45.2  3.781e+11
     47.21  3.798e+11
     49.22  3.822e+11
     51.23  3.843e+11
     53.24  3.868e+11
     55.25  3.899e+11
     57.26   3.93e+11
     59.27  3.962e+11
     61.28  3.988e+11
     63.29  4.014e+11
      65.3  4.034e+11
      67.3  4.055e+11
     69.31  4.073e+11
     71.32  4.088e+11
     73.33  4.106e+11
     75.34  4.126e+11
     77.35  4.138e+11
     79.36  4.158e+11
     81.37  4.178e+11
     83.38  4.199e+11
     85.39  4.219e+11
      87.4  4.234e+11
      89.4  4.244e+11
     91.41  4.255e+11
     93.42  4.261e+11
     95.43  4.268e+11
     97.44  4.279e+11
     99.45  4.284e+11
     101.5   4.29e+11
     103.5  4.294e+11
     105.5    4.3e+11
     107.5  4.303e+11
     109.5  4.305e+11
     111.5  4.308e+11
     113.5  4.309e+11
     115.5   4.31e+11
     117.5  4.312e+11
     119.5  4.313e+11
     121.5  4.314e+11
     123.6  4.314e+11
     125.6  4.315e+11
     127.6  4.315e+11
     129.6  4.318e+11
     131.6  4.318e+11
     133.6  4.319e+11
     135.6  4.319e+11
     137.6   4.32e+11
     139.6   4.32e+11
     141.6   4.32e+11
     143.6  4.321e+11
     145.7  4.322e+11
     147.7  4.323e+11
     149.7  4.323e+11
     151.7  4.324e+11
     153.7  4.325e+11
     155.7  4.326e+11
     157.7  4.327e+11
     159.7  4.328e+11
     161.7  4.328e+11
     163.7  4.329e+11
     165.7  4.329e+11
     167.8   4.33e+11
     169.8  4.331e+11
     171.8  4.331e+11
     173.8  4.332e+11
     175.8  4.333e+11
     177.8  4.334e+11
     179.8  4.335e+11
     181.8  4.336e+11
     183.8  4.336e+11
     185.8  4.336e+11
     187.8  4.337e+11
     189.9  4.337e+11
     191.9  4.338e+11
     193.9  4.339e+11
     195.9  4.339e+11
     197.9  4.339e+11
     199.9   4.34e+11
     201.9  4.341e+11
     203.9  4.341e+11
     205.9  4.342e+11
     207.9  4.342e+11
     209.9  4.343e+11
       212  4.344e+11
       214  4.344e+11
       216  4.344e+11
       218  4.345e+11
       220  4.346e+11
       222  4.346e+11
       224  4.348e+11
       226  4.349e+11
       228  4.349e+11
       230  4.349e+11
       232   4.35e+11
     234.1   4.35e+11
     236.1   4.35e+11
     238.1   4.35e+11
     240.1   4.35e+11
     242.1  4.351e+11
     244.1  4.351e+11
     246.1  4.351e+11
     248.1  4.351e+11
     250.1  4.351e+11
     252.1  4.351e+11
     254.1  4.351e+11
     256.2  4.351e+11
     258.2  4.351e+11
     260.2  4.351e+11
     262.2  4.351e+11
     264.2  4.351e+11
     266.2  4.351e+11
     268.2  4.351e+11
     270.2  4.352e+11
     272.2  4.352e+11
     274.2  4.352e+11
     276.2  4.352e+11
     278.3  4.352e+11
     280.3  4.352e+11
     282.3  4.352e+11
     284.3  4.352e+11
     286.3  4.352e+11
     288.3  4.352e+11
     290.3  4.352e+11
     292.3  4.352e+11
     294.3  4.352e+11
     296.3  4.352e+11
     298.3  4.352e+11
     300.4  4.352e+11
     302.4  4.352e+11
     304.4  4.352e+11
     306.4  4.352e+11
     308.4  4.352e+11
     310.4  4.352e+11
     312.4  4.352e+11
     314.4  4.352e+11
     316.4  4.352e+11
     318.4  4.352e+11
     320.4  4.352e+11
     322.5  4.352e+11
     324.5  4.352e+11
     326.5  4.352e+11
     328.5  4.352e+11
     330.5  4.352e+11
     332.5  4.352e+11
     334.5  4.352e+11
     336.5  4.352e+11
     338.5  4.352e+11
     340.5  4.352e+11
     342.5  4.352e+11
     344.6  4.352e+11
     346.6  4.352e+11
     348.6  4.352e+11
     350.6  4.352e+11
