     1.005       16.6
     3.014      18.06
     5.023      18.71
     7.032      19.12
     9.041      19.26
     11.05      19.46
     13.06      19.77
     15.07      20.35
     17.08       20.4
     19.09      20.64
      21.1         21
      23.1       21.4
     25.11      21.82
     27.12      21.93
     29.13      22.16
     31.14      22.35
     33.15      22.69
     35.16      22.96
     37.17      22.86
     39.18      22.82
     41.19      23.03
      43.2      23.17
      45.2      23.32
     47.21      23.48
     49.22      23.08
     51.23      23.47
     53.24      23.39
     55.25      23.23
     57.26      23.23
     59.27      23.31
     61.28      23.49
     63.29      23.76
      65.3      24.01
      67.3      24.05
     69.31      24.07
     71.32      24.23
     73.33      24.12
     75.34      24.26
     77.35       24.3
     79.36      24.11
     81.37         24
     83.38      23.97
     85.39      24.11
      87.4      24.58
      89.4      24.81
     91.41      24.78
     93.42      25.37
     95.43      24.89
     97.44      25.23
     99.45      25.66
     101.5      25.78
     103.5      25.53
     105.5      25.32
     107.5      26.32
     109.5      26.89
     111.5      26.84
     113.5      26.94
     115.5      27.32
     117.5      27.57
     119.5      27.92
     121.5      28.49
     123.6      28.89
     125.6       28.6
     127.6      27.02
     129.6      27.03
     131.6      28.26
     133.6      28.91
     135.6      29.31
     137.6      30.85
     139.6      30.01
     141.6      28.06
     143.6      27.27
     145.7      27.77
     147.7      28.02
     149.7       28.3
     151.7      27.92
     153.7      28.05
     155.7      28.18
     157.7      28.81
     159.7      28.52
     161.7      28.86
     163.7      28.86
     165.7      29.61
     167.8      28.47
     169.8      29.03
     171.8      28.68
     173.8      28.81
     175.8      27.99
     177.8      27.97
     179.8      28.52
     181.8      29.61
     183.8      31.16
     185.8       29.7
     187.8      29.45
     189.9      28.76
     191.9         29
     193.9      28.44
     195.9      31.42
     197.9      29.32
     199.9      28.78
     201.9      29.01
     203.9       29.2
     205.9      29.67
     207.9      29.61
     209.9      28.75
       212       30.1
       214      29.82
       216      29.27
       218       29.1
       220      29.12
       222      28.85
       224       28.3
       226      29.11
       228      29.54
       230         30
       232      31.49
     234.1      31.37
     236.1      30.25
     238.1      30.78
     240.1      30.35
     242.1      32.24
     244.1      34.96
     246.1      33.73
     248.1      31.43
     250.1      30.35
     252.1       34.6
     254.1      35.52
     256.2      35.52
     258.2      35.52
     260.2      35.52
     262.2      35.52
     264.2      32.86
     266.2      29.01
     268.2      28.13
     270.2      29.23
     272.2      32.38
     274.2      35.52
     276.2      35.52
     278.3      35.52
     280.3      35.52
     282.3      35.52
     284.3      35.52
     286.3      35.52
     288.3      35.52
     290.3      35.52
     292.3      35.52
     294.3      35.52
     296.3      35.52
     298.3      35.52
     300.4      35.52
     302.4      35.52
     304.4      35.52
     306.4      35.52
     308.4      35.52
     310.4      35.52
     312.4      35.52
     314.4      35.52
     316.4      35.52
     318.4      35.52
     320.4      35.52
     322.5      35.52
     324.5      35.52
     326.5      35.52
     328.5      35.52
     330.5      35.52
     332.5      35.52
     334.5      35.52
     336.5      35.52
     338.5      35.52
     340.5      35.52
     342.5      35.52
     344.6      35.52
     346.6      35.52
     348.6      35.52
     350.6      35.52
