     11.94  4.669e-18
     15.83  4.896e-18
     19.72  4.558e-18
     23.61  4.164e-18
     27.49  3.797e-18
     31.38  2.456e-18
     35.27  1.808e-18
     39.16  2.201e-18
     43.04  1.444e-18
     46.93  1.064e-18
     50.82  9.865e-19
     54.71  9.124e-19
     58.59  7.756e-19
     62.48  6.688e-19
     66.37  6.502e-19
     70.26  6.673e-19
     74.14  5.044e-19
     78.03  5.627e-19
     81.92  4.774e-19
     85.81  4.085e-19
     89.69   3.45e-19
     93.58  3.141e-19
     97.47  2.802e-19
     101.4  2.739e-19
     105.2  2.476e-19
     109.1  2.415e-19
       113  2.004e-19
     116.9  2.144e-19
     120.8  1.961e-19
     124.7  1.835e-19
     128.6  1.563e-19
     132.5   1.43e-19
     136.3  1.511e-19
     140.2  1.404e-19
     144.1  1.086e-19
       148  9.376e-20
     151.9  9.364e-20
     155.8  9.422e-20
     159.7  8.529e-20
     163.6  8.375e-20
     167.4  7.276e-20
     171.3  7.377e-20
     175.2  7.338e-20
     179.1  6.323e-20
       183  6.596e-20
     186.9  6.092e-20
     190.8  5.678e-20
     194.7  5.523e-20
     198.5  4.935e-20
     202.4  5.686e-20
     206.3  5.077e-20
     210.2  5.162e-20
     214.1   5.21e-20
       218  4.477e-20
     221.9  3.606e-20
     225.8  3.327e-20
     229.6  3.888e-20
     233.5  3.876e-20
     237.4  2.994e-20
     241.3  3.101e-20
     245.2  3.561e-20
     249.1  3.312e-20
       253  3.103e-20
     256.9  2.837e-20
     260.7  2.284e-20
     264.6  2.829e-20
     268.5   2.68e-20
     272.4  2.612e-20
     276.3  2.314e-20
     280.2  2.137e-20
     284.1  2.244e-20
       288  2.587e-20
     291.8  1.716e-20
     295.7  1.494e-20
     299.6  1.437e-20
     303.5  2.131e-20
     307.4  2.027e-20
     311.3  2.764e-20
     315.2  2.454e-20
     319.1  1.516e-20
     322.9  1.345e-20
     326.8  8.059e-21
     330.7  1.235e-20
     334.6  6.346e-21
     338.5  3.829e-21
     342.4  9.083e-21
     346.3  1.933e-20
     350.2  1.865e-20
