     11.94      21.34
     15.83      21.29
     19.72      21.37
     23.61      21.47
     27.49      21.57
     31.38      22.04
     35.27      22.37
     39.16      22.16
     43.04      22.62
     46.93      22.95
     50.82      23.03
     54.71      23.12
     58.59      23.29
     62.48      23.45
     66.37      23.48
     70.26      23.46
     74.14      23.76
     78.03      23.64
     81.92      23.82
     85.81      23.99
     89.69      24.17
     93.58      24.27
     97.47       24.4
     101.4      24.42
     105.2      24.53
     109.1      24.56
       113      24.76
     116.9      24.69
     120.8      24.78
     124.7      24.86
     128.6      25.03
     132.5      25.13
     136.3      25.07
     140.2      25.15
     144.1      25.43
       148      25.59
     151.9      25.59
     155.8      25.58
     159.7      25.69
     163.6      25.71
     167.4      25.86
     171.3      25.85
     175.2      25.85
     179.1      26.01
       183      25.97
     186.9      26.05
     190.8      26.13
     194.7      26.16
     198.5      26.28
     202.4      26.13
     206.3      26.25
     210.2      26.23
     214.1      26.22
       218      26.39
     221.9      26.62
     225.8      26.71
     229.6      26.54
     233.5      26.55
     237.4      26.83
     241.3      26.79
     245.2      26.64
     249.1      26.72
       253      26.79
     256.9      26.88
     260.7      27.12
     264.6      26.89
     268.5      26.95
     272.4      26.97
     276.3      27.11
     280.2      27.19
     284.1      27.14
       288      26.98
     291.8      27.43
     295.7      27.58
     299.6      27.62
     303.5      27.19
     307.4      27.25
     311.3      26.91
     315.2      27.04
     319.1      27.56
     322.9      27.69
     326.8      28.25
     330.7      27.79
     334.6      28.51
     338.5      29.06
     342.4      28.12
     346.3       27.3
     350.2      27.34
