  1.0 -0.7835984   10.33993 
  2.0  -1.306099   10.97339 
  3.0  -1.499272    10.9007 
  4.0  -2.021802   11.16049 
  5.0  -1.201484   11.05092 
  6.0  -1.518093   10.66929 
  7.0  -1.114442   10.81339 
  8.0  -1.441807   11.60151 
  9.0  -2.208608   12.00918 
 10.0  -0.470551   10.58804 
 11.0  -1.534286   10.84971 
 12.0  -1.385056   11.02881 
 13.0 -0.6417269   10.58838 
 14.0  -1.289368    10.3007 
 15.0  -1.053786   10.50349 
 16.0 -0.8765983   10.58428 
 17.0  -1.371201    11.4729 
 18.0  -1.845001   11.25216 
 19.0  -1.305147    10.6807 
 20.0 -0.8788358   10.20815 
 21.0  -1.275621   11.23269 
 22.0 -0.6438474     10.375 
 23.0  -1.424651   10.95191 
 24.0  -0.818721   10.32187 
 25.0  -1.753953   11.59151 
 26.0 -0.6203042   10.29028 
 27.0  -1.044891   10.96436 
 28.0  -1.762241   10.79449 
 29.0 -0.4354458   10.53081 
  1.0 -0.7835984   10.33993 
  1.0 -0.7835984   10.33993 
  1.0 -0.7835984   10.33993 
  1.0 -0.7835984   10.33993 
  1.0 -0.7835984   10.33993 
  1.0 -0.7835984   10.33993 
  1.0 -0.7835984   10.33993 
  1.0 -0.7835984   10.33993 
  1.0 -0.7835984   10.33993 
  1.0 -0.7835984   10.33993 
  1.0 -0.7835984   10.33993 
  1.0 -0.7835984   10.33993 
  1.0 -0.7835984   10.33993 
  1.0 -0.7835984   10.33993 
  1.0 -0.7835984   10.33993 
  1.0 -0.7835984   10.33993 
  1.0 -0.7835984   10.33993 
  1.0 -0.7835984   10.33993 
  1.0 -0.7835984   10.33993 
  1.0 -0.7835984   10.33993 
  1.0 -0.7835984   10.33993 
  1.0 -0.7835984   10.33993 
  1.0 -0.7835984   10.33993 
  1.0 -0.7835984   10.33993 
  1.0 -0.7835984   10.33993 
  1.0 -0.7835984   10.33993 
  1.0 -0.7835984   10.33993 
