  1.0 -0.003156422 0.01956132 
  2.0 -0.004171701 0.01788985 
  3.0 -0.004005585 0.01841619 
  4.0 -0.006963396 0.02137303 
  5.0 -0.003851594 0.02033808 
  6.0 -0.004235708 0.01922791 
  7.0 -0.002935526 0.01930671 
  8.0 -0.002874286 0.01876465 
  9.0 -0.002153628 0.01691757 
 10.0 -0.00583164  0.0217143 
 11.0 -0.003728519 0.02027006 
 12.0 -0.003152863 0.01845492 
 13.0 -0.003487959 0.01872576 
 14.0 -0.003605772  0.0193274 
 15.0 -0.002813261 0.01883214 
 16.0 -0.004017816 0.01987516 
 17.0 -0.00815501 0.02295613 
 18.0 -0.003956005 0.02054258 
 19.0 -0.003651562 0.02001198 
 20.0 -0.004113911 0.01919376 
 21.0 -0.003370375 0.01798377 
 22.0 -0.0029916   0.018896 
 23.0 -0.005162305 0.01903543 
 24.0 -0.004046089 0.01897106 
 25.0 -0.003196985 0.01838617 
 26.0 -0.005101703 0.02092741 
 27.0 -0.002686352 0.01813761 
 28.0 -0.003033286 0.01936768 
 29.0 -0.002871113 0.01914563 
  1.0 -0.003156422 0.01956132 
  1.0 -0.003156422 0.01956132 
  1.0 -0.003156422 0.01956132 
  1.0 -0.003156422 0.01956132 
  1.0 -0.003156422 0.01956132 
  1.0 -0.003156422 0.01956132 
  1.0 -0.003156422 0.01956132 
  1.0 -0.003156422 0.01956132 
  1.0 -0.003156422 0.01956132 
  1.0 -0.003156422 0.01956132 
  1.0 -0.003156422 0.01956132 
  1.0 -0.003156422 0.01956132 
  1.0 -0.003156422 0.01956132 
  1.0 -0.003156422 0.01956132 
  1.0 -0.003156422 0.01956132 
  1.0 -0.003156422 0.01956132 
  1.0 -0.003156422 0.01956132 
  1.0 -0.003156422 0.01956132 
  1.0 -0.003156422 0.01956132 
  1.0 -0.003156422 0.01956132 
  1.0 -0.003156422 0.01956132 
  1.0 -0.003156422 0.01956132 
  1.0 -0.003156422 0.01956132 
  1.0 -0.003156422 0.01956132 
  1.0 -0.003156422 0.01956132 
  1.0 -0.003156422 0.01956132 
  1.0 -0.003156422 0.01956132 
