  1.0  -1.290405   4.169848 
  2.0  -1.146706   3.982963 
  3.0 -0.8472724   3.955588 
  4.0  -1.105706   3.723733 
  5.0 -0.5929568   4.301585 
  6.0 -0.4013068    3.74704 
  7.0  -0.902191   4.123742 
  8.0 -0.1803631   3.787308 
  9.0  -1.074968   4.333874 
 10.0 -0.5811066   3.852492 
 11.0  -1.104279   3.786646 
 12.0 -0.7283832   4.003311 
 13.0 -0.9937932   4.233401 
 14.0  -1.344862   3.997096 
 15.0   -1.01379   4.236208 
 16.0  -1.149219   4.327379 
 17.0 -0.4568249   3.783536 
 18.0 -0.9724127   4.340997 
 19.0 -0.3411413   3.818551 
 20.0 -0.2657926   3.908132 
 21.0  -0.855512   4.351177 
 22.0 -0.5887296   4.219559 
 23.0    -1.0615    4.32959 
 24.0 -0.7865972   4.044661 
 25.0  -1.343078   3.957285 
 26.0 -0.2510162   3.516254 
 27.0 -0.8100437   4.404631 
 28.0  -1.112152   3.935767 
 29.0 -0.7509884   3.811077 
  1.0  -1.290405   4.169848 
  1.0  -1.290405   4.169848 
  1.0  -1.290405   4.169848 
  1.0  -1.290405   4.169848 
  1.0  -1.290405   4.169848 
  1.0  -1.290405   4.169848 
  1.0  -1.290405   4.169848 
  1.0  -1.290405   4.169848 
  1.0  -1.290405   4.169848 
  1.0  -1.290405   4.169848 
  1.0  -1.290405   4.169848 
  1.0  -1.290405   4.169848 
  1.0  -1.290405   4.169848 
  1.0  -1.290405   4.169848 
  1.0  -1.290405   4.169848 
  1.0  -1.290405   4.169848 
  1.0  -1.290405   4.169848 
  1.0  -1.290405   4.169848 
  1.0  -1.290405   4.169848 
  1.0  -1.290405   4.169848 
  1.0  -1.290405   4.169848 
  1.0  -1.290405   4.169848 
  1.0  -1.290405   4.169848 
  1.0  -1.290405   4.169848 
  1.0  -1.290405   4.169848 
  1.0  -1.290405   4.169848 
  1.0  -1.290405   4.169848 
