  1.0 -0.004316216 0.01647426 
  2.0 -0.004762455 0.01498688 
  3.0 -0.004706466 0.01578661 
  4.0 -0.007881081 0.01807974 
  5.0 -0.008165089 0.01857978 
  6.0 -0.004769029 0.01748732 
  7.0 -0.004960511 0.01583354 
  8.0 -0.009161596 0.01903526 
  9.0 -0.00398879 0.01603194 
 10.0 -0.005488049 0.01741852 
 11.0 -0.007207462 0.01757177 
 12.0 -0.002331476 0.01442236 
 13.0 -0.007419117 0.01758837 
 14.0 -0.0049186 0.01719275 
 15.0 -0.006023877 0.01702069 
 16.0 -0.004255081 0.01582667 
 17.0 -0.01117957 0.02129957 
 18.0 -0.005536977 0.01705344 
 19.0 -0.002932119 0.01555705 
 20.0 -0.005056644 0.01752495 
 21.0 -0.004483469 0.01641288 
 22.0 -0.005156095 0.01652356 
 23.0 -0.007859504 0.01761007 
 24.0 -0.004518787 0.01655165 
 25.0 -0.004094067 0.01649179 
 26.0 -0.006966315  0.0187946 
 27.0 -0.004671651 0.01651237 
 28.0 -0.004864817 0.01855612 
 29.0 -0.002510641 0.01599352 
  1.0 -0.004316216 0.01647426 
  1.0 -0.004316216 0.01647426 
  1.0 -0.004316216 0.01647426 
  1.0 -0.004316216 0.01647426 
  1.0 -0.004316216 0.01647426 
  1.0 -0.004316216 0.01647426 
  1.0 -0.004316216 0.01647426 
  1.0 -0.004316216 0.01647426 
  1.0 -0.004316216 0.01647426 
  1.0 -0.004316216 0.01647426 
  1.0 -0.004316216 0.01647426 
  1.0 -0.004316216 0.01647426 
  1.0 -0.004316216 0.01647426 
  1.0 -0.004316216 0.01647426 
  1.0 -0.004316216 0.01647426 
  1.0 -0.004316216 0.01647426 
  1.0 -0.004316216 0.01647426 
  1.0 -0.004316216 0.01647426 
  1.0 -0.004316216 0.01647426 
  1.0 -0.004316216 0.01647426 
  1.0 -0.004316216 0.01647426 
  1.0 -0.004316216 0.01647426 
  1.0 -0.004316216 0.01647426 
  1.0 -0.004316216 0.01647426 
  1.0 -0.004316216 0.01647426 
  1.0 -0.004316216 0.01647426 
  1.0 -0.004316216 0.01647426 
