D    1   1.085043   1.489249   1.221982  0.4435752   1.184227   1.197077    1.77977   1.681388
D    2   1.153351   1.371716   1.491447        nan   1.315683   1.332307   1.691989        nan
D    3   1.178602   1.301643   1.353979   1.018827    1.23415   1.352485    1.40687    2.39934
D    4   1.177198   1.330229   1.461903  0.9097846   1.439199   1.758807   4.041006   2.209314
D    5   1.108878   1.067433   1.803608     1.0222   1.218053   1.795852   1.400839    1.70464
D    6    1.16474   1.106131   1.197917   1.012505   1.270118   1.318033   1.741127   1.585074
D    7   1.121181   1.286054    1.28191   2.081024    1.17899   1.383932   1.428413   2.759127
D    8   1.130279   1.057068   1.300063   1.085453   1.217287   1.833806    1.41794    3.64751
D    9   1.205358   1.286237   1.297322   1.428656   1.184879   1.303974   1.827963   4.389706
D   10   1.057906   1.208546   1.617235   1.533662    1.37603   1.344097   1.338302   1.714158
D   11   1.140753   1.363668   1.345602        nan   1.215987   1.615558   1.343685        nan
D   12   1.160752   1.250912   1.212735    1.71473   1.191063   1.183439  0.9533724   2.417443
D   13   1.108978   1.295322   1.532399   2.154475   1.263001   1.610465   2.117224   1.348943
D   14   1.139195   1.373241   1.419852   1.202198   1.177965   1.398188   1.537583   1.508661
D   15    1.15112   1.298107   1.635649   1.767948   1.184103   1.481485   1.490491   3.027629
D   16   1.109863     1.3195   1.378689   1.845911    1.21604   1.303322  0.9747751   2.655874
D   17   1.103625   1.063504   2.124955   1.416959   1.455821   1.841646   1.699526   1.111948
D   18   1.150403   1.286618    1.31981   1.679757   1.252093   1.472631   1.557157   2.900678
D   19   1.152429   1.084533   1.131682  0.7047413   1.205034   1.232436   2.052182   3.335177
D   20   1.141937   1.131722   1.643772   1.076941   1.200734   1.332724   1.342776   1.518647
D   21   1.122405   1.242464   1.184235   0.927244   1.225742   1.370641   1.338322   2.057457
D   22   1.111949   1.188485   1.425561   1.638452   1.163624   1.408677    1.52884   2.073046
D   23    1.13369   1.316247   1.488473   1.847919   1.317803   1.714389   1.929058   1.704707
D   24   1.122506   1.269883   1.325459   1.416649   1.227752   1.310024   1.512825    2.65638
D   25   1.158037   1.429471   1.342763   1.180436   1.192112   1.333177   1.231978   1.670975
D   26   1.094303   1.115766   1.322318  0.9807733   1.270094   1.474681   1.206034   2.629838
D   27   1.119374   1.205744   1.302221   1.857732   1.177735    1.33608   1.774998    3.13246
D   28    1.18139   1.410257   1.561608   1.170853   1.188215   1.330194   1.239096   2.780128
D   29   1.074395   1.216136   1.462789   1.874857    1.19657   1.212402   1.453749   1.761433
