D    1   1.084053   1.504393   1.237213   0.408177   1.187586   1.216931   1.775527   1.699856
D    2   1.153934   1.374153   1.487377   1.176147   1.333015   1.338091   1.690337   2.586195
D    3   1.180998   1.311329   1.381249   1.005528   1.235116   1.347576   1.414488    2.50156
D    4   1.179601   1.337052   1.441538  0.9441957   1.441992   1.779513   3.932003    2.20446
D    5    1.10781   1.064347   1.812942   1.008559   1.217397   1.812803   1.402138   1.800594
D    6   1.168645   1.107822   1.191849   1.017945   1.276894   1.328145   1.751437   1.588892
D    7   1.123858   1.294805   1.282327    2.06563   1.175827   1.379583   1.436316   2.656145
D    8    1.13009   1.056296   1.321621   1.108129   1.215935   1.845811   1.420535   3.457504
D    9   1.207481   1.281511   1.303706    1.42339   1.200099   1.320662   1.864271   3.916386
D   10    1.05968    1.21807   1.641998    1.53888    1.37826   1.346023   1.320482   1.710385
D   11    1.14088   1.355771   1.346884   1.246296   1.225714   1.612901   1.351629   1.331935
D   12   1.163067   1.259736    1.21462   1.736968   1.194683   1.190708  0.9373779   2.192779
D   13    1.11349   1.304003   1.549638   2.162734   1.270263   1.620131   2.157426   1.400087
D   14   1.140832   1.383575   1.418901   1.189033   1.177436   1.407863    1.57156   1.501643
D   15   1.154832   1.299002    1.63936    1.74925   1.186789   1.500788   1.520626   3.209947
D   16   1.111841   1.326462   1.391466   1.858358   1.219646   1.307674    1.00044   2.849034
D   17   1.102609   1.057707   2.116716   1.420258   1.455169   1.861021   1.709879   1.109784
D   18   1.150292    1.28695   1.322177   1.676254   1.261685   1.480295   1.593294   3.149505
D   19   1.158506   1.093281   1.132405   0.708934   1.213663   1.253107   2.074167   3.354709
D   20   1.144588   1.134974   1.663238   1.082155   1.202367   1.333354    1.35611   1.531588
D   21   1.123903   1.243717     1.1899  0.9126721    1.22684   1.385685   1.342232   2.128109
D   22   1.116045   1.195226   1.431728   1.650378   1.165863   1.422124   1.553032    2.10089
D   23   1.135892   1.323661   1.481052    1.89943   1.321728   1.737836   1.943406   1.714016
D   24    1.12367   1.273387   1.337471   1.423943   1.230083   1.317791   1.526351   2.645181
D   25   1.162015   1.420287    1.34695   1.187755   1.192296   1.341157   1.218647   1.702115
D   26   1.097935   1.119845   1.331423  0.9861909   1.277149   1.501631   1.224751   2.629922
D   27   1.123585   1.202571   1.301916   1.843105   1.177842   1.330997   1.804647    3.16534
D   28   1.179869   1.419548   1.555118   1.149427   1.195288   1.335598   1.257986     2.9993
D   29   1.076915   1.216807   1.467912   1.851396   1.199291   1.217858   1.457118   1.809131
D    1   1.084053   1.504393   1.237213   0.408177   1.187586   1.216931   1.775527   1.699856
