D    1 -0.04099276  0.9787021 -0.05921513  0.1000028
D    2 -0.05732605    0.98729 -0.08756526 0.03082603
D    1 -0.04099276  0.9787021 -0.06178652 0.09927466
D    2 -0.05732605    0.98729 -0.09065826 0.02950284
D    3 -0.06501679  0.9769314 -0.06044175 0.06562683
D    4 -0.0579775  0.9843578 -0.1408736 0.06257337
D    5 -0.05183821  0.9974385 -0.08651628  0.1025601
D    6 -0.06245876  0.9693442 -0.08422119 0.07046297
D    7 -0.05283211  0.9868295 -0.0547003  0.1010529
D    8 -0.0427082   1.019383 -0.07552873 0.07727979
D    9 -0.07558577    1.00667 -0.07293283 0.03418079
D   10 -0.02973057   1.000716 -0.1168358 0.09352697
D   11 -0.04216116  0.9861441 -0.06711434  0.1083014
D   12 -0.05921471  0.9876456 -0.08168493 0.06244753
D   13 -0.04784933  0.9866277 -0.09385067 0.05690861
D   14 -0.07497112   0.949189 -0.05577328   0.095168
D   15 -0.06813969  0.9651502 -0.05740573 0.08907097
D   16 -0.04433536  0.9858246 -0.05765729  0.1027833
D   17 -0.02338062   1.025652 -0.1292362 0.09502448
D   18 -0.04384153  0.9980911 -0.07611505  0.1072821
D   19 -0.06922477  0.9687151 -0.0761467 0.09823925
D   20 -0.05331167  0.9641359 -0.06231745 0.08361091
D   21 -0.04335985   1.006265 -0.08902104  0.0439948
D   22 -0.05559208  0.9738186 -0.03742525  0.1013809
D   23 -0.05289609  0.9873083 -0.08700323 0.05309761
D   24 -0.05553874  0.9682146 -0.0621662 0.07878932
D   25 -0.05113734   1.009271 -0.06126847 0.07294202
D   26 -0.04878273  0.9746994 -0.07456472  0.1059071
D   27 -0.05023258  0.9956894 -0.06203934 0.07141763
D   28 -0.0686713  0.9662752 -0.06254581 0.09705071
D   29 -0.03403392  0.9953924 -0.07792164 0.08551174
