     3.003    1.6e+09
     5.006  5.313e+08
     7.008    2.5e+08
      9.01  1.445e+08
     11.01  8.895e+07
     13.01  6.477e+07
     15.02  5.481e+07
     17.02  4.388e+07
     19.02  3.306e+07
     21.02  2.693e+07
     23.03  1.974e+07
     25.03  1.629e+07
     27.03  1.449e+07
     29.03  1.266e+07
     31.03  1.102e+07
     33.04  8.886e+06
     35.04  6.017e+06
     37.04  4.904e+06
     39.04  3.883e+06
     41.05  3.447e+06
     43.05  1.909e+06
     45.05   2.37e+06
     47.05  2.664e+06
     49.06  2.298e+06
     51.06  2.671e+06
     53.06  1.578e+06
     55.06  1.703e+06
     57.06  1.503e+06
     59.07  1.889e+06
     61.07  1.951e+06
     63.07  1.246e+06
     65.07  1.907e+06
     67.08  8.602e+05
     69.08  1.455e+06
     71.08  1.783e+06
     73.08  1.673e+06
     75.08  1.207e+06
     77.09  1.477e+06
     79.09  1.482e+06
     81.09  1.157e+06
     83.09  6.223e+05
      85.1  9.802e+05
      87.1  4.352e+05
      89.1  4.675e+05
      91.1  4.184e+05
      93.1  4.039e+05
     95.11  4.925e+05
     97.11  2.891e+05
     99.11  4.822e+05
     101.1  3.114e+05
     103.1  6.071e+05
     105.1  2.976e+05
     107.1  2.953e+05
     109.1   2.59e+05
     111.1  2.873e+05
     113.1  1.065e+05
     115.1  3.801e+05
     117.1   3.72e+05
     119.1  3.437e+05
     121.1   4.47e+05
     123.1  2.631e+05
     125.1  2.239e+05
     127.1  2.666e+05
     129.1  1.416e+05
     131.1  2.324e+04
     133.1  1.396e+05
     135.2   4.85e+04
     137.2  1.115e+05
     139.2  2.193e+04
     141.2  1.333e+05
     143.2  1.318e+05
     145.2  6.345e+04
     147.2  4.017e+04
     149.2  2.175e+04
     151.2  4.111e+04
     153.2   3.89e+04
     155.2  1.916e+04
     157.2  3.867e+04
     159.2  1.875e+04
     161.2  3.758e+04
     163.2  9.385e+04
     165.2  3.706e+04
     167.2  7.505e+04
     169.2          0
     171.2  5.319e+04
     173.2  5.462e+04
     175.2  5.407e+04
     177.2          0
     179.2   5.29e+04
     181.2          0
     183.2  3.577e+04
     185.2  6.914e+04
     187.2          0
     189.2  1.566e+04
     191.2  7.942e+04
     193.2  7.874e+04
     195.2   1.46e+05
     197.2  1.416e+05
     199.2  1.666e+05
     201.2  2.134e+05
     203.2  1.202e+05
     205.2  5.944e+04
     207.2  7.302e+04
     209.2  4.367e+04
     211.2  5.747e+04
     213.2  1.386e+04
     215.2          0
     217.2  1.484e+04
     219.2          0
     221.2  1.335e+04
     223.3  2.807e+04
     225.3          0
     227.3  5.378e+04
     229.3  1.394e+04
     231.3          0
     233.3  2.639e+04
     235.3          0
     237.3  1.273e+04
     239.3  2.576e+04
     241.3  1.275e+04
     243.3          0
     245.3          0
     247.3  1.213e+04
     249.3  1.212e+04
     251.3          0
     253.3          0
     255.3          0
     257.3          0
     259.3          0
     261.3          0
     263.3          0
     265.3          0
     267.3          0
     269.3          0
     271.3          0
     273.3          0
     275.3          0
     277.3          0
     279.3          0
     281.3          0
     283.3          0
     285.3          0
     287.3          0
     289.3          0
     291.3          0
     293.3          0
     295.3          0
     297.3          0
     299.3          0
     301.3          0
     303.3          0
     305.3          0
     307.3          0
     309.3          0
     311.4          0
     313.4          0
     315.4          0
     317.4          0
     319.4          0
     321.4          0
     323.4          0
     325.4          0
     327.4          0
     329.4          0
     331.4          0
     333.4          0
     335.4          0
     337.4          0
     339.4          0
     341.4          0
     343.4          0
     345.4          0
     347.4          0
