     1.001  3.833e-16
     3.003  9.105e-17
     5.006  4.117e-17
     7.008  2.233e-17
      9.01  1.407e-17
     11.01  1.009e-17
     13.01  7.763e-18
     15.02   7.23e-18
     17.02  6.964e-18
     19.02  4.827e-18
     21.02  3.136e-18
     23.03  2.314e-18
     25.03  2.139e-18
     27.03  2.617e-18
     29.03  2.817e-18
     31.03  2.705e-18
     33.04  2.098e-18
     35.04  1.266e-18
     37.04  7.623e-19
     39.04  6.956e-19
     41.05  5.079e-19
     43.05  4.731e-19
     45.05  4.341e-19
     47.05  4.328e-19
     49.06  4.573e-19
     51.06  3.857e-19
     53.06  2.736e-19
     55.06  2.897e-19
     57.06  3.309e-19
     59.07  3.891e-19
     61.07  3.766e-19
     63.07  3.542e-19
     65.07   3.95e-19
     67.08  2.397e-19
     69.08  2.865e-19
     71.08  4.127e-19
     73.08  3.926e-19
     75.08  4.238e-19
     77.09  4.817e-19
     79.09  2.843e-19
     81.09  2.349e-19
     83.09  1.797e-19
      85.1  1.314e-19
      87.1  9.448e-20
      89.1   7.95e-20
      91.1  8.527e-20
      93.1  7.568e-20
     95.11  6.475e-20
     97.11  7.059e-20
     99.11  7.038e-20
     101.1  9.591e-20
     103.1  7.743e-20
     105.1  5.247e-20
     107.1  5.814e-20
     109.1  4.044e-20
     111.1  3.334e-20
     113.1   4.59e-20
     115.1   6.22e-20
     117.1  9.203e-20
     119.1  8.779e-20
     121.1  6.352e-20
     123.1   4.61e-20
     125.1  3.899e-20
     127.1  3.258e-20
     129.1  9.762e-21
     131.1  9.134e-21
     133.1  1.728e-20
     135.2  1.507e-20
     137.2  1.185e-20
     139.2  1.698e-20
     141.2   1.78e-20
     143.2  1.622e-20
     145.2  8.874e-21
     147.2  4.802e-21
     149.2  6.335e-21
     151.2  7.454e-21
     153.2  2.859e-21
     155.2  4.272e-21
     157.2  4.001e-21
     159.2  4.511e-21
     161.2  8.002e-21
     163.2  1.181e-20
     165.2  1.332e-20
     167.2  2.945e-21
     169.2  3.975e-21
     171.2  6.751e-21
     173.2  9.289e-21
     175.2  3.962e-21
     177.2  4.888e-21
     179.2  3.706e-21
     181.2  3.261e-21
     183.2  1.399e-20
     185.2  5.396e-21
     187.2  1.045e-21
     189.2  6.311e-21
     191.2   1.13e-20
     193.2  1.941e-20
     195.2  2.366e-20
     197.2  2.434e-20
     199.2  2.605e-20
     201.2  2.336e-20
     203.2   1.04e-20
     205.2  7.508e-21
     207.2  9.847e-21
     209.2  6.412e-21
     211.2  6.242e-21
     213.2  1.276e-21
     215.2  1.671e-22
     217.2   1.78e-21
     219.2  1.059e-21
     221.2  1.699e-21
     223.3  3.401e-21
     225.3  2.956e-21
     227.3  4.723e-21
     229.3   2.68e-21
     231.3  1.489e-21
     233.3   2.67e-21
     235.3  8.954e-22
     237.3   1.89e-21
     239.3  3.249e-21
     241.3  1.777e-21
     243.3  1.702e-22
     245.3  4.868e-22
     247.3  2.791e-21
     249.3      1e-23
     251.3      1e-23
     253.3      1e-23
     255.3      1e-23
     257.3      1e-23
     259.3      1e-23
     261.3      1e-23
     263.3      1e-23
     265.3      1e-23
     267.3      1e-23
     269.3      1e-23
     271.3      1e-23
     273.3      1e-23
     275.3      1e-23
     277.3      1e-23
     279.3      1e-23
     281.3      1e-23
     283.3      1e-23
     285.3      1e-23
     287.3      1e-23
     289.3      1e-23
     291.3      1e-23
     293.3      1e-23
     295.3      1e-23
     297.3      1e-23
     299.3      1e-23
     301.3      1e-23
     303.3      1e-23
     305.3      1e-23
     307.3      1e-23
     309.3      1e-23
     311.4      1e-23
     313.4      1e-23
     315.4      1e-23
     317.4      1e-23
     319.4      1e-23
     321.4      1e-23
     323.4      1e-23
     325.4      1e-23
     327.4      1e-23
     329.4      1e-23
     331.4      1e-23
     333.4      1e-23
     335.4      1e-23
     337.4      1e-23
     339.4      1e-23
     341.4      1e-23
     343.4      1e-23
     345.4      1e-23
     347.4      1e-23
