     1.001  4.091e+10
     3.003  1.014e+11
     5.006  1.348e+11
     7.008  1.568e+11
      9.01  1.732e+11
     11.01  1.855e+11
     13.01  1.962e+11
     15.02  2.065e+11
     17.02  2.159e+11
     19.02  2.238e+11
     21.02  2.309e+11
     23.03  2.367e+11
     25.03  2.418e+11
     27.03  2.467e+11
     29.03  2.513e+11
     31.03  2.556e+11
     33.04  2.593e+11
     35.04   2.62e+11
     37.04  2.643e+11
     39.04  2.662e+11
     41.05   2.68e+11
     43.05   2.69e+11
     45.05  2.703e+11
     47.05  2.719e+11
     49.06  2.733e+11
     51.06   2.75e+11
     53.06  2.761e+11
     55.06  2.773e+11
     57.06  2.784e+11
     59.07  2.798e+11
     61.07  2.813e+11
     63.07  2.822e+11
     65.07  2.838e+11
     67.08  2.845e+11
     69.08  2.858e+11
     71.08  2.874e+11
     73.08  2.889e+11
     75.08  2.901e+11
     77.09  2.915e+11
     79.09   2.93e+11
     81.09  2.942e+11
     83.09  2.948e+11
      85.1  2.959e+11
      87.1  2.963e+11
      89.1  2.969e+11
      91.1  2.973e+11
      93.1  2.978e+11
     95.11  2.984e+11
     97.11  2.988e+11
     99.11  2.994e+11
     101.1  2.998e+11
     103.1  3.005e+11
     105.1  3.009e+11
     107.1  3.013e+11
     109.1  3.017e+11
     111.1  3.021e+11
     113.1  3.022e+11
     115.1  3.028e+11
     117.1  3.033e+11
     119.1  3.039e+11
     121.1  3.045e+11
     123.1  3.049e+11
     125.1  3.053e+11
     127.1  3.057e+11
     129.1   3.06e+11
     131.1   3.06e+11
     133.1  3.062e+11
     135.2  3.063e+11
     137.2  3.065e+11
     139.2  3.065e+11
     141.2  3.068e+11
     143.2   3.07e+11
     145.2  3.071e+11
     147.2  3.072e+11
     149.2  3.072e+11
     151.2  3.073e+11
     153.2  3.074e+11
     155.2  3.074e+11
     157.2  3.075e+11
     159.2  3.075e+11
     161.2  3.076e+11
     163.2  3.078e+11
     165.2  3.079e+11
     167.2  3.081e+11
     169.2  3.081e+11
     171.2  3.082e+11
     173.2  3.083e+11
     175.2  3.084e+11
     177.2  3.084e+11
     179.2  3.085e+11
     181.2  3.085e+11
     183.2  3.086e+11
     185.2  3.088e+11
     187.2  3.088e+11
     189.2  3.088e+11
     191.2   3.09e+11
     193.2  3.092e+11
     195.2  3.095e+11
     197.2  3.099e+11
     199.2  3.103e+11
     201.2  3.109e+11
     203.2  3.112e+11
     205.2  3.113e+11
     207.2  3.115e+11
     209.2  3.116e+11
     211.2  3.118e+11
     213.2  3.118e+11
     215.2  3.118e+11
     217.2  3.119e+11
     219.2  3.119e+11
     221.2  3.119e+11
     223.3   3.12e+11
     225.3   3.12e+11
     227.3  3.121e+11
     229.3  3.122e+11
     231.3  3.122e+11
     233.3  3.122e+11
     235.3  3.122e+11
     237.3  3.123e+11
     239.3  3.124e+11
     241.3  3.124e+11
     243.3  3.124e+11
     245.3  3.124e+11
     247.3  3.124e+11
     249.3  3.125e+11
     251.3  3.125e+11
     253.3  3.125e+11
     255.3  3.125e+11
     257.3  3.125e+11
     259.3  3.125e+11
     261.3  3.125e+11
     263.3  3.125e+11
     265.3  3.125e+11
     267.3  3.125e+11
     269.3  3.125e+11
     271.3  3.125e+11
     273.3  3.125e+11
     275.3  3.125e+11
     277.3  3.125e+11
     279.3  3.125e+11
     281.3  3.125e+11
     283.3  3.125e+11
     285.3  3.125e+11
     287.3  3.125e+11
     289.3  3.125e+11
     291.3  3.125e+11
     293.3  3.125e+11
     295.3  3.125e+11
     297.3  3.125e+11
     299.3  3.125e+11
     301.3  3.125e+11
     303.3  3.125e+11
     305.3  3.125e+11
     307.3  3.125e+11
     309.3  3.125e+11
     311.4  3.125e+11
     313.4  3.125e+11
     315.4  3.125e+11
     317.4  3.125e+11
     319.4  3.125e+11
     321.4  3.125e+11
     323.4  3.125e+11
     325.4  3.125e+11
     327.4  3.125e+11
     329.4  3.125e+11
     331.4  3.125e+11
     333.4  3.125e+11
     335.4  3.125e+11
     337.4  3.125e+11
     339.4  3.125e+11
     341.4  3.125e+11
     343.4  3.125e+11
     345.4  3.125e+11
     347.4  3.125e+11
