     1.001      16.56
     3.003      18.12
     5.006      18.98
     7.008      19.64
      9.01      20.15
     11.01      20.51
     13.01      20.79
     15.02      20.87
     17.02      20.91
     19.02      21.31
     21.02      21.78
     23.03      22.11
     25.03      22.19
     27.03      21.97
     29.03      21.89
     31.03      21.94
     33.04      22.21
     35.04      22.76
     37.04      23.31
     39.04      23.41
     41.05      23.75
     43.05      23.83
     45.05      23.92
     47.05      23.93
     49.06      23.87
     51.06      24.05
     53.06      24.42
     55.06      24.36
     57.06      24.22
     59.07      24.04
     61.07      24.08
     63.07      24.14
     65.07      24.02
     67.08      24.57
     69.08      24.37
     71.08      23.98
     73.08      24.03
     75.08      23.95
     77.09      23.81
     79.09      24.38
     81.09      24.59
     83.09      24.88
      85.1      25.22
      87.1      25.58
      89.1      25.77
      91.1      25.69
      93.1      25.82
     95.11      25.99
     97.11      25.89
     99.11       25.9
     101.1      25.56
     103.1      25.79
     105.1      26.22
     107.1       26.1
     109.1       26.5
     111.1      26.71
     113.1      26.36
     115.1      26.03
     117.1      25.61
     119.1      25.66
     121.1      26.01
     123.1      26.36
     125.1      26.54
     127.1      26.73
     129.1      28.04
     131.1      28.11
     133.1      27.42
     135.2      27.57
     137.2      27.83
     139.2      27.44
     141.2      27.39
     143.2      27.49
     145.2      28.15
     147.2      28.81
     149.2      28.51
     151.2      28.34
     153.2      29.38
     155.2      28.94
     157.2      29.01
     159.2      28.88
     161.2      28.26
     163.2      27.84
     165.2       27.7
     167.2      29.34
     169.2      29.02
     171.2      28.44
     173.2       28.1
     175.2      29.02
     177.2      28.79
     179.2      29.09
     181.2      29.23
     183.2      27.65
     185.2      28.69
     187.2      30.47
     189.2      28.52
     191.2      27.88
     193.2       27.3
     195.2      27.08
     197.2      27.05
     199.2      26.98
     201.2       27.1
     203.2      27.97
     205.2      28.33
     207.2      28.03
     209.2       28.5
     211.2      28.53
     213.2      30.25
     215.2      32.46
     217.2      29.89
     219.2      30.45
     221.2      29.94
     223.3      29.19
     225.3      29.34
     227.3      28.83
     229.3      29.45
     231.3      30.08
     233.3      29.45
     235.3      30.64
     237.3      29.83
     239.3      29.24
     241.3      29.89
     243.3      32.44
     245.3       31.3
     247.3       29.4
     249.3      35.52
     251.3      35.52
     253.3      35.52
     255.3      35.52
     257.3      35.52
     259.3      35.52
     261.3      35.52
     263.3      35.52
     265.3      35.52
     267.3      35.52
     269.3      35.52
     271.3      35.52
     273.3      35.52
     275.3      35.52
     277.3      35.52
     279.3      35.52
     281.3      35.52
     283.3      35.52
     285.3      35.52
     287.3      35.52
     289.3      35.52
     291.3      35.52
     293.3      35.52
     295.3      35.52
     297.3      35.52
     299.3      35.52
     301.3      35.52
     303.3      35.52
     305.3      35.52
     307.3      35.52
     309.3      35.52
     311.4      35.52
     313.4      35.52
     315.4      35.52
     317.4      35.52
     319.4      35.52
     321.4      35.52
     323.4      35.52
     325.4      35.52
     327.4      35.52
     329.4      35.52
     331.4      35.52
     333.4      35.52
     335.4      35.52
     337.4      35.52
     339.4      35.52
     341.4      35.52
     343.4      35.52
     345.4      35.52
     347.4      35.52
