D1   026   1.4565e+11      42.72       6.11 
D2   026   2.2432e+11      36.98       6.01 
D3   026   1.0819e+11      21.38       2.02 
D4   026   7.1979e+10      22.09       2.37 
D5   026   1.6988e+11      34.78       7.19 
D6   026   3.3789e+11      79.99      19.77 
D7   026   3.9305e+11      68.67      12.07 
D8   026   1.0409e+11      34.63       3.00 
D9   026   1.0067e+11      28.11       7.16 
D10  026   2.5234e+11      54.06       3.88 
D11  026   8.0116e+10      21.74       2.56 
D12  026   1.4486e+11      42.60       5.18 
D13  026   2.6206e+11      54.54       8.01 
D14  026   2.4831e+11      57.58       9.58 
D15  026   3.3736e+11      63.03       8.32 
D16  026   2.7422e+11      50.24       5.21 
D17  026   1.4632e+11      55.09      22.33 
D18  026   2.5698e+11      67.91      20.37 
D19  026   1.7758e+11      47.77       6.94 
D20  026    1.451e+11      56.68       9.18 
D21  026   4.5447e+11      87.78      17.43 
D22  026   8.3986e+11      92.50      19.27 
D23  026   2.4416e+11      50.38       8.70 
D24  026   4.0333e+11      65.25       9.40 
D25  026   2.2271e+11      41.49       5.42 
D26  026   1.6597e+11      42.83       3.86 
D27  026    2.372e+11      55.82      11.15 
D28  026    8.585e+10      33.77       3.25 
D29  026   1.5041e+11      46.71       3.98 
 
