D1   026   1.4476e+11      40.94       6.07 
D2   026   2.2339e+11      35.08       5.97 
D3   026   1.0448e+11      14.12       1.94 
D4   026   7.1008e+10      19.86       2.34 
D5   026   1.6902e+11      33.83       7.12 
D6   026   3.3537e+11      78.14      19.60 
D7   026   4.0861e+11      88.13      12.97 
D8   026   9.4382e+10      19.76       2.69 
D9   026   9.9569e+10      26.46       7.07 
D10  026   2.5243e+11      54.15       3.89 
D11  026   7.7815e+10      18.26       2.48 
D12  026    1.319e+11      29.20       4.13 
D13  026   2.6193e+11      54.50       8.01 
D14  026   2.4836e+11      57.63       9.58 
D15  026   3.4007e+11      66.45       8.45 
D16  026   2.7458e+11      50.51       5.23 
D17  026   1.4617e+11      54.91      22.31 
D18  026   2.5808e+11      69.04      20.62 
D19  026   1.7753e+11      47.67       6.92 
D20  026    1.441e+11      55.35       9.01 
D21  026   4.5688e+11      89.81      17.56 
D22  026   8.6512e+11     109.35      20.26 
D23  026   2.4405e+11      50.19       8.71 
D24  026   4.0453e+11      66.41       9.43 
D25  026   2.1903e+11      37.12       5.18 
D26  026    1.662e+11      43.19       3.87 
D27  026   2.3905e+11      58.47      11.28 
D28  026   8.5862e+10      33.80       3.26 
D29  026   1.4519e+11      40.47       3.58 

