     10.97  3.723e-18
     12.92  2.961e-18
     14.86  2.476e-18
      16.8  2.124e-18
     18.75  1.949e-18
     20.69  1.744e-18
     22.63  1.582e-18
     24.58  1.412e-18
     26.52  1.193e-18
     28.47   1.15e-18
     30.41  1.096e-18
     32.35  9.816e-19
      34.3  8.535e-19
     36.24  8.089e-19
     38.18  7.415e-19
     40.13  7.232e-19
     42.07  6.774e-19
     44.02  6.215e-19
     45.96  5.534e-19
      47.9  5.384e-19
     49.85  4.992e-19
     51.79  4.768e-19
     53.73  4.405e-19
     55.68  4.252e-19
     57.62  4.161e-19
     59.57  4.129e-19
     61.51   3.71e-19
     63.45  3.682e-19
      65.4  3.617e-19
     67.34  3.186e-19
     69.28  2.858e-19
     71.23  2.756e-19
     73.17  2.637e-19
     75.12  2.498e-19
     77.06   2.49e-19
        79  2.393e-19
     80.95  2.257e-19
     82.89  2.233e-19
     84.83  2.178e-19
     86.78   2.01e-19
     88.72  1.955e-19
     90.66  1.884e-19
     92.61  1.806e-19
     94.55  1.733e-19
      96.5  1.683e-19
     98.44  1.628e-19
     100.4  1.523e-19
     102.3  1.504e-19
     104.3   1.46e-19
     106.2  1.408e-19
     108.2  1.385e-19
     110.1  1.376e-19
       112   1.31e-19
       114  1.298e-19
     115.9  1.268e-19
     117.9  1.236e-19
     119.8  1.194e-19
     121.8  1.122e-19
     123.7  1.128e-19
     125.7  1.133e-19
     127.6  1.124e-19
     129.5  1.084e-19
     131.5  1.074e-19
     133.4  1.074e-19
     135.4  1.027e-19
     137.3  1.025e-19
     139.3   9.96e-20
     141.2  9.848e-20
     143.1  9.756e-20
     145.1  1.118e-19
       147  9.875e-20
       149  9.315e-20
     150.9   9.23e-20
     152.9  9.425e-20
     154.8  8.292e-20
     156.8  7.852e-20
     158.7  7.858e-20
     160.6  7.944e-20
     162.6  7.614e-20
     164.5  7.446e-20
     166.5  7.734e-20
     168.4  7.649e-20
     170.4  7.434e-20
     172.3  7.098e-20
     174.2  6.827e-20
     176.2  6.701e-20
     178.1  6.405e-20
     180.1  6.455e-20
       182  6.361e-20
       184  6.113e-20
     185.9   5.77e-20
     187.9  5.754e-20
     189.8  5.736e-20
     191.7  5.595e-20
     193.7  5.529e-20
     195.6  5.386e-20
     197.6  5.238e-20
     199.5  5.257e-20
     201.5  5.576e-20
     203.4  5.417e-20
     205.3  5.415e-20
     207.3  5.192e-20
     209.2  5.058e-20
     211.2  4.895e-20
     213.1   4.97e-20
     215.1  4.702e-20
       217  4.654e-20
       219  4.949e-20
     220.9  4.924e-20
     222.8  5.002e-20
     224.8  5.033e-20
     226.7  5.105e-20
     228.7  5.049e-20
     230.6  4.642e-20
     232.6  4.588e-20
     234.5  4.566e-20
     236.4  4.347e-20
     238.4  4.353e-20
     240.3  4.358e-20
     242.3  4.353e-20
     244.2  4.267e-20
     246.2  4.192e-20
     248.1  4.617e-20
     250.1  4.346e-20
       252  4.428e-20
     253.9  3.911e-20
     255.9  3.954e-20
     257.8   3.86e-20
     259.8  3.656e-20
     261.7  3.447e-20
     263.7  3.391e-20
     265.6   3.19e-20
     267.5  3.131e-20
     269.5  3.291e-20
     271.4  3.096e-20
     273.4  2.947e-20
     275.3  2.949e-20
     277.3  2.843e-20
     279.2  2.959e-20
     281.2  2.894e-20
     283.1  3.015e-20
       285  2.861e-20
       287  2.717e-20
     288.9  2.648e-20
     290.9   2.96e-20
     292.8  2.579e-20
     294.8  2.484e-20
     296.7  2.344e-20
     298.6  2.377e-20
     300.6  2.396e-20
     302.5  2.308e-20
     304.5  2.277e-20
     306.4  2.244e-20
     308.4   2.33e-20
     310.3  2.397e-20
     312.3  2.199e-20
     314.2  2.312e-20
     316.1  2.364e-20
     318.1  2.357e-20
       320  2.363e-20
       322  2.331e-20
     323.9  2.371e-20
     325.9  2.237e-20
     327.8  2.241e-20
     329.7  2.039e-20
     331.7  2.111e-20
     333.6  1.925e-20
     335.6  1.912e-20
     337.5  1.859e-20
     339.5  1.955e-20
     341.4  2.012e-20
     343.4  2.252e-20
     345.3   2.07e-20
     347.2   1.96e-20
     349.2  1.936e-20
     351.1  1.493e-20
