     10.97      21.59
     12.92      21.84
     14.86      22.03
      16.8       22.2
     18.75      22.29
     20.69      22.41
     22.63      22.52
     24.58      22.64
     26.52      22.82
     28.47      22.86
     30.41      22.92
     32.35      23.04
      34.3      23.19
     36.24      23.25
     38.18      23.34
     40.13      23.37
     42.07      23.44
     44.02      23.53
     45.96      23.66
      47.9      23.69
     49.85      23.77
     51.79      23.82
     53.73      23.91
     55.68      23.94
     57.62      23.97
     59.57      23.98
     61.51      24.09
     63.45       24.1
      65.4      24.12
     67.34      24.26
     69.28      24.38
     71.23      24.42
     73.17      24.46
     75.12      24.52
     77.06      24.53
        79      24.57
     80.95      24.63
     82.89      24.64
     84.83      24.67
     86.78      24.76
     88.72      24.79
     90.66      24.83
     92.61      24.87
     94.55      24.92
      96.5      24.95
     98.44      24.99
     100.4      25.06
     102.3      25.07
     104.3      25.11
     106.2      25.14
     108.2      25.16
     110.1      25.17
       112      25.22
       114      25.23
     115.9      25.26
     117.9      25.29
     119.8      25.32
     121.8      25.39
     123.7      25.39
     125.7      25.38
     127.6      25.39
     129.5      25.43
     131.5      25.44
     133.4      25.44
     135.4      25.49
     137.3      25.49
     139.3      25.52
     141.2      25.53
     143.1      25.54
     145.1       25.4
       147      25.53
       149      25.59
     150.9       25.6
     152.9      25.58
     154.8      25.72
     156.8      25.78
     158.7      25.78
     160.6      25.77
     162.6      25.81
     164.5      25.84
     166.5       25.8
     168.4      25.81
     170.4      25.84
     172.3      25.89
     174.2      25.93
     176.2      25.95
     178.1         26
     180.1      25.99
       182      26.01
       184      26.05
     185.9      26.11
     187.9      26.12
     189.8      26.12
     191.7      26.15
     193.7      26.16
     195.6      26.19
     197.6      26.22
     199.5      26.21
     201.5      26.15
     203.4      26.18
     205.3      26.18
     207.3      26.23
     209.2      26.26
     211.2      26.29
     213.1      26.28
     215.1      26.34
       217      26.35
       219      26.28
     220.9      26.29
     222.8      26.27
     224.8      26.26
     226.7      26.25
     228.7      26.26
     230.6      26.35
     232.6      26.36
     234.5      26.37
     236.4      26.42
     238.4      26.42
     240.3      26.42
     242.3      26.42
     244.2      26.44
     246.2      26.46
     248.1      26.36
     250.1      26.42
       252       26.4
     253.9      26.54
     255.9      26.52
     257.8      26.55
     259.8      26.61
     261.7      26.67
     263.7      26.69
     265.6      26.76
     267.5      26.78
     269.5      26.72
     271.4      26.79
     273.4      26.84
     275.3      26.84
     277.3      26.88
     279.2      26.84
     281.2      26.86
     283.1      26.82
       285      26.87
       287      26.93
     288.9      26.96
     290.9      26.84
     292.8      26.99
     294.8      27.03
     296.7      27.09
     298.6      27.08
     300.6      27.07
     302.5      27.11
     304.5      27.12
     306.4      27.14
     308.4       27.1
     310.3      27.07
     312.3      27.16
     314.2      27.11
     316.1      27.08
     318.1      27.09
       320      27.08
       322       27.1
     323.9      27.08
     325.9      27.14
     327.8      27.14
     329.7      27.24
     331.7       27.2
     333.6      27.31
     335.6      27.31
     337.5      27.34
     339.5      27.29
     341.4      27.26
     343.4      27.13
     345.3      27.23
     347.2      27.29
     349.2       27.3
     351.1      27.58
