     3.013  7.843e+08
     5.021  1.515e+08
      7.03  7.222e+07
     9.039  4.194e+07
     11.05  3.097e+07
     13.06  1.661e+07
     15.06  1.208e+07
     17.07  1.099e+07
     19.08  6.934e+06
     21.09  6.733e+06
      23.1  5.476e+06
     25.11  3.447e+06
     27.12  4.147e+06
     29.12  3.994e+06
     31.13  2.816e+06
     33.14  2.885e+06
     35.15  1.589e+06
     37.16  1.835e+06
     39.17  2.254e+06
     41.18  1.653e+06
     43.18  1.439e+06
     45.19  1.199e+06
      47.2  1.408e+06
     49.21  1.002e+06
     51.22  1.391e+06
     53.23  1.435e+06
     55.24  7.635e+05
     57.24  9.924e+05
     59.25  1.933e+06
     61.26  1.203e+06
     63.27   1.07e+06
     65.28  1.274e+06
     67.29  2.145e+06
      69.3  7.372e+05
      71.3  1.477e+06
     73.31  8.926e+05
     75.32  8.191e+05
     77.33  1.612e+06
     79.34  1.053e+06
     81.35  4.772e+05
     83.36  2.359e+05
     85.36  2.542e+05
     87.37  2.085e+05
     89.38  2.115e+05
     91.39  2.537e+05
      93.4  3.748e+05
     95.41  2.238e+05
     97.42   2.61e+05
     99.42   6.16e+04
     101.4  8.742e+04
     103.4  8.923e+04
     105.4          0
     107.5  9.482e+04
     109.5  5.663e+04
     111.5   1.62e+05
     113.5  1.076e+05
     115.5  1.394e+05
     117.5  2.531e+04
     119.5          0
     121.5  2.458e+04
     123.5  4.849e+04
     125.5          0
     127.5  7.059e+04
     129.6  2.334e+04
     131.6  6.983e+04
     133.6          0
     135.6  2.195e+04
     137.6          0
     139.6  4.419e+04
     141.6   2.22e+04
     143.6  4.267e+04
     145.6  4.224e+04
     147.6          0
     149.6          0
     151.6          0
     153.7          0
     155.7   5.84e+04
     157.7  1.954e+04
     159.7  7.629e+04
     161.7          0
     163.7          0
     165.7          0
     167.7          0
     169.7  1.776e+04
     171.7          0
     173.7          0
     175.7          0
     177.8          0
     179.8  3.628e+04
     181.8          0
     183.8  5.094e+04
     185.8  3.922e+05
     187.8  5.226e+05
     189.8          0
     191.8  1.578e+04
     193.8  1.765e+04
     195.8   1.64e+04
     197.8  1.635e+04
     199.9   1.55e+04
     201.9          0
     203.9          0
     205.9          0
     207.9          0
     209.9          0
     211.9          0
     213.9          0
     215.9  1.461e+04
     217.9          0
     219.9          0
     221.9          0
       224          0
       226          0
       228          0
       230          0
       232          0
       234          0
       236          0
       238          0
       240          0
       242          0
       244  2.553e+04
       246  1.328e+04
     248.1          0
     250.1          0
     252.1          0
     254.1          0
     256.1          0
     258.1          0
     260.1          0
     262.1          0
     264.1          0
     266.1          0
     268.1          0
     270.2          0
     272.2          0
     274.2          0
     276.2          0
     278.2          0
     280.2          0
     282.2          0
     284.2          0
     286.2          0
     288.2          0
     290.2          0
     292.2          0
     294.3          0
     296.3          0
     298.3          0
     300.3          0
     302.3          0
     304.3          0
     306.3          0
     308.3          0
     310.3          0
     312.3          0
     314.3          0
     316.3          0
     318.4          0
     320.4          0
     322.4          0
     324.4          0
     326.4          0
     328.4          0
     330.4          0
     332.4          0
     334.4          0
     336.4          0
     338.4          0
     340.5          0
     342.5          0
     344.5          0
     346.5          0
     348.5          0
