     1.004  2.372e-16
     3.013  4.987e-17
     5.021  1.457e-17
      7.03  8.118e-18
     9.039  5.762e-18
     11.05  3.357e-18
     13.06  2.081e-18
     15.06  1.745e-18
     17.07  1.438e-18
     19.08  1.349e-18
     21.09  1.613e-18
      23.1  1.027e-18
     25.11  6.891e-19
     27.12  6.569e-19
     29.12  6.374e-19
     31.13  4.748e-19
     33.14  4.386e-19
     35.15  3.422e-19
     37.16  3.787e-19
     39.17  3.195e-19
     41.18  2.839e-19
     43.18  2.226e-19
     45.19  2.497e-19
      47.2  2.077e-19
     49.21  3.507e-19
     51.22  3.324e-19
     53.23  2.454e-19
     55.24  1.909e-19
     57.24  3.131e-19
     59.25  3.396e-19
     61.26  2.177e-19
     63.27  2.486e-19
     65.28  3.641e-19
     67.29  3.828e-19
      69.3  2.524e-19
      71.3  2.023e-19
     73.31  2.016e-19
     75.32  2.097e-19
     77.33  2.314e-19
     79.34  1.454e-19
     81.35  8.137e-20
     83.36  6.422e-20
     85.36  6.948e-20
     87.37  9.486e-20
     89.38  1.006e-19
     91.39   5.97e-20
      93.4  5.161e-20
     95.41   4.02e-20
     97.42   4.68e-20
     99.42  9.922e-21
     101.4  1.002e-20
     103.4  1.207e-20
     105.4  1.338e-20
     107.5  1.636e-20
     109.5  1.745e-20
     111.5  1.554e-20
     113.5  1.674e-20
     115.5  1.579e-20
     117.5  3.639e-21
     119.5  1.618e-21
     121.5  4.591e-21
     123.5  4.884e-21
     125.5  5.809e-21
     127.5  4.279e-21
     129.6  7.549e-21
     131.6  3.606e-21
     133.6  2.366e-21
     135.6  1.162e-21
     137.6  2.654e-21
     139.6  6.457e-21
     141.6  5.145e-21
     143.6  6.127e-21
     145.6  5.568e-21
     147.6  1.813e-22
     149.6      1e-23
     151.6  1.186e-22
     153.7  3.194e-21
     155.7  6.271e-21
     157.7  5.919e-21
     159.7  7.206e-21
     161.7  2.436e-22
     163.7      1e-23
     165.7   1.32e-22
     167.7  9.223e-22
     169.7  1.473e-21
     171.7  3.067e-22
     173.7      1e-23
     175.7   1.03e-23
     177.8   2.06e-21
     179.8  7.852e-21
     181.8  5.884e-21
     183.8  2.396e-20
     185.8  1.083e-19
     187.8  4.902e-20
     189.8  4.686e-21
     191.8  4.579e-21
     193.8  2.643e-21
     195.8    4.6e-21
     197.8  4.104e-21
     199.9  7.759e-22
     201.9  9.985e-24
     203.9      1e-23
     205.9      1e-23
     207.9      1e-23
     209.9      1e-23
     211.9  2.629e-22
     213.9  2.209e-21
     215.9  8.254e-22
     217.9   1.06e-23
     219.9      1e-23
     221.9      1e-23
       224      1e-23
       226      1e-23
       228      1e-23
       230      1e-23
       232      1e-23
       234      1e-23
       236      1e-23
       238      1e-23
       240  1.061e-21
       242  3.148e-21
       244  2.775e-21
       246  2.347e-21
     248.1  3.368e-22
     250.1      1e-23
     252.1      1e-23
     254.1      1e-23
     256.1      1e-23
     258.1      1e-23
     260.1      1e-23
     262.1      1e-23
     264.1      1e-23
     266.1      1e-23
     268.1      1e-23
     270.2      1e-23
     272.2      1e-23
     274.2      1e-23
     276.2      1e-23
     278.2      1e-23
     280.2      1e-23
     282.2      1e-23
     284.2      1e-23
     286.2      1e-23
     288.2      1e-23
     290.2      1e-23
     292.2      1e-23
     294.3      1e-23
     296.3      1e-23
     298.3      1e-23
     300.3      1e-23
     302.3      1e-23
     304.3      1e-23
     306.3      1e-23
     308.3      1e-23
     310.3      1e-23
     312.3      1e-23
     314.3      1e-23
     316.3      1e-23
     318.4      1e-23
     320.4      1e-23
     322.4      1e-23
     324.4      1e-23
     326.4      1e-23
     328.4      1e-23
     330.4      1e-23
     332.4      1e-23
     334.4      1e-23
     336.4      1e-23
     338.4      1e-23
     340.5      1e-23
     342.5      1e-23
     344.5      1e-23
     346.5      1e-23
     348.5      1e-23
