     1.004  1.195e+10
     3.013  4.177e+10
     5.021  5.137e+10
      7.03  5.778e+10
     9.039  6.256e+10
     11.05  6.688e+10
     13.06  6.962e+10
     15.06  7.191e+10
     17.07  7.428e+10
     19.08  7.595e+10
     21.09  7.774e+10
      23.1  7.934e+10
     25.11  8.043e+10
     27.12  8.185e+10
     29.12  8.332e+10
     31.13  8.442e+10
     33.14  8.563e+10
     35.15  8.633e+10
     37.16  8.719e+10
     39.17  8.831e+10
     41.18  8.917e+10
     43.18  8.995e+10
     45.19  9.064e+10
      47.2  9.147e+10
     49.21   9.21e+10
     51.22    9.3e+10
     53.23  9.396e+10
     55.24  9.449e+10
     57.24  9.521e+10
     59.25  9.665e+10
     61.26  9.759e+10
     63.27  9.844e+10
     65.28  9.949e+10
     67.29  1.013e+11
      69.3   1.02e+11
      71.3  1.033e+11
     73.31  1.041e+11
     75.32  1.049e+11
     77.33  1.065e+11
     79.34  1.075e+11
     81.35   1.08e+11
     83.36  1.083e+11
     85.36  1.085e+11
     87.37  1.088e+11
     89.38   1.09e+11
     91.39  1.093e+11
      93.4  1.097e+11
     95.41    1.1e+11
     97.42  1.103e+11
     99.42  1.104e+11
     101.4  1.105e+11
     103.4  1.106e+11
     105.4  1.106e+11
     107.5  1.108e+11
     109.5  1.108e+11
     111.5  1.111e+11
     113.5  1.112e+11
     115.5  1.114e+11
     117.5  1.115e+11
     119.5  1.115e+11
     121.5  1.115e+11
     123.5  1.116e+11
     125.5  1.116e+11
     127.5  1.117e+11
     129.6  1.117e+11
     131.6  1.118e+11
     133.6  1.118e+11
     135.6  1.119e+11
     137.6  1.119e+11
     139.6   1.12e+11
     141.6   1.12e+11
     143.6  1.121e+11
     145.6  1.121e+11
     147.6  1.121e+11
     149.6  1.121e+11
     151.6  1.121e+11
     153.7  1.121e+11
     155.7  1.123e+11
     157.7  1.123e+11
     159.7  1.125e+11
     161.7  1.125e+11
     163.7  1.125e+11
     165.7  1.125e+11
     167.7  1.125e+11
     169.7  1.125e+11
     171.7  1.125e+11
     173.7  1.125e+11
     175.7  1.125e+11
     177.8  1.125e+11
     179.8  1.126e+11
     181.8  1.126e+11
     183.8  1.127e+11
     185.8  1.136e+11
     187.8  1.149e+11
     189.8  1.149e+11
     191.8  1.149e+11
     193.8  1.149e+11
     195.8   1.15e+11
     197.8   1.15e+11
     199.9  1.151e+11
     201.9  1.151e+11
     203.9  1.151e+11
     205.9  1.151e+11
     207.9  1.151e+11
     209.9  1.151e+11
     211.9  1.151e+11
     213.9  1.151e+11
     215.9  1.151e+11
     217.9  1.151e+11
     219.9  1.151e+11
     221.9  1.151e+11
       224  1.151e+11
       226  1.151e+11
       228  1.151e+11
       230  1.151e+11
       232  1.151e+11
       234  1.151e+11
       236  1.151e+11
       238  1.151e+11
       240  1.151e+11
       242  1.151e+11
       244  1.152e+11
       246  1.152e+11
     248.1  1.152e+11
     250.1  1.152e+11
     252.1  1.152e+11
     254.1  1.152e+11
     256.1  1.152e+11
     258.1  1.152e+11
     260.1  1.152e+11
     262.1  1.152e+11
     264.1  1.152e+11
     266.1  1.152e+11
     268.1  1.152e+11
     270.2  1.152e+11
     272.2  1.152e+11
     274.2  1.152e+11
     276.2  1.152e+11
     278.2  1.152e+11
     280.2  1.152e+11
     282.2  1.152e+11
     284.2  1.152e+11
     286.2  1.152e+11
     288.2  1.152e+11
     290.2  1.152e+11
     292.2  1.152e+11
     294.3  1.152e+11
     296.3  1.152e+11
     298.3  1.152e+11
     300.3  1.152e+11
     302.3  1.152e+11
     304.3  1.152e+11
     306.3  1.152e+11
     308.3  1.152e+11
     310.3  1.152e+11
     312.3  1.152e+11
     314.3  1.152e+11
     316.3  1.152e+11
     318.4  1.152e+11
     320.4  1.152e+11
     322.4  1.152e+11
     324.4  1.152e+11
     326.4  1.152e+11
     328.4  1.152e+11
     330.4  1.152e+11
     332.4  1.152e+11
     334.4  1.152e+11
     336.4  1.152e+11
     338.4  1.152e+11
     340.5  1.152e+11
     342.5  1.152e+11
     344.5  1.152e+11
     346.5  1.152e+11
     348.5  1.152e+11
