     1.004      17.08
     3.013      18.77
     5.021      20.11
      7.03      20.74
     9.039      21.11
     11.05       21.7
     13.06      22.22
     15.06      22.41
     17.07      22.62
     19.08      22.69
     21.09       22.5
      23.1      22.99
     25.11      23.42
     27.12      23.47
     29.12      23.51
     31.13      23.82
     33.14      23.91
     35.15      24.18
     37.16      24.07
     39.17      24.26
     41.18      24.38
     43.18      24.65
     45.19      24.52
      47.2      24.72
     49.21      24.15
     51.22      24.21
     53.23      24.54
     55.24      24.81
     57.24      24.28
     59.25      24.19
     61.26      24.67
     63.27      24.53
     65.28      24.11
     67.29      24.06
      69.3      24.51
      71.3      24.75
     73.31      24.75
     75.32      24.71
     77.33      24.61
     79.34      25.11
     81.35      25.74
     83.36         26
     85.36      25.91
     87.37      25.57
     89.38      25.51
     91.39      26.08
      93.4      26.23
     95.41      26.51
     97.42      26.34
     99.42      28.02
     101.4      28.01
     103.4      27.81
     105.4       27.7
     107.5      27.48
     109.5      27.41
     111.5      27.54
     113.5      27.46
     115.5      27.52
     117.5      29.11
     119.5      29.99
     121.5      28.86
     123.5      28.79
     125.5      28.61
     127.5      28.94
     129.6      28.32
     131.6      29.12
     133.6      29.58
     135.6      30.35
     137.6      29.46
     139.6      28.49
     141.6      28.74
     143.6      28.55
     145.6      28.65
     147.6      32.37
     149.6      35.52
     151.6      32.83
     153.7      29.26
     155.7      28.52
     157.7      28.59
     159.7      28.37
     161.7      32.05
     163.7      35.52
     165.7      32.71
     167.7       30.6
     169.7       30.1
     171.7       31.8
     173.7      35.52
     175.7      35.48
     177.8      29.73
     179.8      28.28
     181.8      28.59
     183.8      27.07
     185.8      25.43
     187.8      26.29
     189.8      28.84
     191.8      28.86
     193.8      29.46
     195.8      28.86
     197.8      28.98
     199.9      30.79
     201.9      35.52
     203.9      35.52
     205.9      35.52
     207.9      35.52
     209.9      35.52
     211.9      31.97
     213.9      29.66
     215.9      30.72
     217.9      35.45
     219.9      35.52
     221.9      35.52
       224      35.52
       226      35.52
       228      35.52
       230      35.52
       232      35.52
       234      35.52
       236      35.52
       238      35.52
       240      30.45
       242      29.27
       244      29.41
       246      29.59
     248.1       31.7
     250.1      35.52
     252.1      35.52
     254.1      35.52
     256.1      35.52
     258.1      35.52
     260.1      35.52
     262.1      35.52
     264.1      35.52
     266.1      35.52
     268.1      35.52
     270.2      35.52
     272.2      35.52
     274.2      35.52
     276.2      35.52
     278.2      35.52
     280.2      35.52
     282.2      35.52
     284.2      35.52
     286.2      35.52
     288.2      35.52
     290.2      35.52
     292.2      35.52
     294.3      35.52
     296.3      35.52
     298.3      35.52
     300.3      35.52
     302.3      35.52
     304.3      35.52
     306.3      35.52
     308.3      35.52
     310.3      35.52
     312.3      35.52
     314.3      35.52
     316.3      35.52
     318.4      35.52
     320.4      35.52
     322.4      35.52
     324.4      35.52
     326.4      35.52
     328.4      35.52
     330.4      35.52
     332.4      35.52
     334.4      35.52
     336.4      35.52
     338.4      35.52
     340.5      35.52
     342.5      35.52
     344.5      35.52
     346.5      35.52
     348.5      35.52
