     3.002  9.753e+07
     5.004  1.237e+08
     7.006  1.477e+08
     9.007  1.651e+08
     11.01  1.403e+08
     13.01  1.103e+08
     15.01  8.774e+07
     17.01  1.085e+08
     19.02  1.784e+08
     21.02  5.289e+07
     23.02  3.296e+07
     25.02  2.732e+07
     27.02  2.534e+07
     29.02  2.214e+07
     31.02  1.839e+07
     33.03  1.731e+07
     35.03  1.809e+07
     37.03  1.609e+07
     39.03  1.699e+07
     41.03  1.542e+07
     43.03   1.21e+07
     45.04  1.171e+07
     47.04  1.148e+07
     49.04  5.821e+06
     51.04  4.519e+06
     53.04   5.71e+06
     55.04  4.126e+06
     57.05  5.066e+06
     59.05  2.868e+06
     61.05  3.499e+06
     63.05   4.17e+06
     65.05  3.844e+06
     67.05  4.897e+06
     69.06  5.582e+06
     71.06  4.532e+06
     73.06  6.125e+06
     75.06  4.609e+06
     77.06  4.312e+06
     79.06   2.83e+06
     81.06  2.683e+06
     83.07  1.274e+06
     85.07  1.399e+06
     87.07  1.239e+06
     89.07  1.061e+06
     91.07  1.261e+06
     93.07  1.083e+06
     95.08  7.837e+05
     97.08  1.055e+06
     99.08  8.757e+05
     101.1  8.562e+05
     103.1  1.088e+06
     105.1   6.94e+05
     107.1  8.602e+05
     109.1  8.355e+05
     111.1  9.273e+05
     113.1  4.755e+05
     115.1  1.942e+05
     117.1  3.737e+05
     119.1   1.61e+05
     121.1  2.292e+05
     123.1  2.027e+05
     125.1  2.039e+05
     127.1  1.467e+05
     129.1  1.433e+05
     131.1  1.876e+05
     133.1  2.555e+05
     135.1  1.179e+05
     137.1  9.274e+04
     139.1  1.633e+05
     141.1  6.799e+04
     143.1  4.403e+04
     145.1  2.009e+04
     147.1  3.987e+04
     149.1  4.323e+04
     151.1  2.024e+04
     153.1          0
     155.1  1.029e+05
     157.1  2.257e+04
     159.1  5.788e+04
     161.1          0
     163.1  1.867e+04
     165.1  4.281e+04
     167.1   2.31e+04
     169.1          0
     171.1  2.076e+04
     173.1          0
     175.1  1.805e+04
     177.1          0
     179.1  1.676e+04
     181.1          0
     183.1          0
     185.1  1.654e+04
     187.1          0
     189.2          0
     191.2  1.614e+04
     193.2          0
     195.2          0
     197.2          0
     199.2          0
     201.2          0
     203.2          0
     205.2          0
     207.2          0
     209.2          0
     211.2          0
     213.2          0
     215.2          0
     217.2          0
     219.2          0
     221.2  1.331e+04
     223.2  1.718e+04
     225.2          0
     227.2          0
     229.2          0
     231.2          0
     233.2          0
     235.2          0
     237.2          0
     239.2          0
     241.2          0
     243.2          0
     245.2          0
     247.2          0
     249.2          0
     251.2          0
     253.2          0
     255.2          0
     257.2          0
     259.2          0
     261.2          0
     263.2          0
     265.2          0
     267.2          0
     269.2          0
     271.2          0
     273.2          0
     275.2          0
     277.2          0
     279.2          0
     281.2          0
     283.2          0
     285.2          0
     287.2          0
     289.2          0
     291.2          0
     293.2          0
     295.2          0
     297.2          0
     299.2          0
     301.2          0
     303.2          0
     305.2          0
     307.2          0
     309.2          0
     311.2          0
     313.3          0
     315.3          0
     317.3          0
     319.3          0
     321.3          0
     323.3          0
     325.3          0
     327.3          0
     329.3          0
     331.3          0
     333.3          0
     335.3          0
     337.3          0
     339.3          0
     341.3          0
     343.3          0
     345.3          0
     347.3          0
     349.3          0
