     1.001  1.542e-17
     3.002  1.194e-17
     5.004  1.461e-17
     7.006  1.975e-17
     9.007  2.282e-17
     11.01   1.69e-17
     13.01  1.315e-17
     15.01  1.138e-17
     17.01  3.664e-17
     19.02  1.285e-17
     21.02  6.573e-18
     23.02  5.142e-18
     25.02  4.819e-18
     27.02  4.473e-18
     29.02  3.814e-18
     31.02  3.118e-18
     33.03   2.75e-18
     35.03  2.782e-18
     37.03  2.833e-18
     39.03  2.726e-18
     41.03  2.337e-18
     43.03  1.853e-18
     45.04  2.169e-18
     47.04  1.379e-18
     49.04  8.782e-19
     51.04  1.007e-18
     53.04  1.072e-18
     55.04  9.349e-19
     57.05  7.445e-19
     59.05  6.673e-19
     61.05  7.954e-19
     63.05  8.297e-19
     65.05  8.559e-19
     67.05  7.988e-19
     69.06  8.979e-19
     71.06   9.87e-19
     73.06  8.982e-19
     75.06  7.929e-19
     77.06  6.188e-19
     79.06  4.623e-19
     81.06   3.46e-19
     83.07  2.772e-19
     85.07  2.485e-19
     87.07  1.996e-19
     89.07  2.085e-19
     91.07  1.946e-19
     93.07    1.6e-19
     95.08  1.551e-19
     97.08  1.773e-19
     99.08  1.524e-19
     101.1  1.708e-19
     103.1  1.708e-19
     105.1  1.191e-19
     107.1  1.665e-19
     109.1   1.33e-19
     111.1   1.27e-19
     113.1  6.847e-20
     115.1  4.797e-20
     117.1  5.359e-20
     119.1  3.639e-20
     121.1  3.922e-20
     123.1  3.179e-20
     125.1  2.489e-20
     127.1    2.3e-20
     129.1  2.854e-20
     131.1  3.412e-20
     133.1  3.724e-20
     135.1  1.867e-20
     137.1  2.075e-20
     139.1   2.38e-20
     141.1  2.015e-20
     143.1  5.321e-21
     145.1  3.725e-21
     147.1  5.013e-21
     149.1  3.358e-21
     151.1  5.125e-21
     153.1  7.718e-21
     155.1  1.019e-20
     157.1  1.012e-20
     159.1  5.446e-21
     161.1  3.061e-21
     163.1   1.18e-20
     165.1  1.712e-20
     167.1  3.188e-21
     169.1  3.366e-21
     171.1  5.759e-21
     173.1  1.263e-21
     175.1  1.939e-21
     177.1  7.851e-22
     179.1  1.792e-21
     181.1  6.262e-22
     183.1  1.267e-21
     185.1  7.791e-22
     187.1  3.543e-23
     189.2  3.533e-22
     191.2  1.816e-21
     193.2  7.004e-22
     195.2      1e-23
     197.2      1e-23
     199.2      1e-23
     201.2      1e-23
     203.2      1e-23
     205.2      1e-23
     207.2      1e-23
     209.2      1e-23
     211.2      1e-23
     213.2      1e-23
     215.2  9.987e-24
     217.2  1.292e-22
     219.2  1.409e-21
     221.2  5.837e-21
     223.2  2.566e-21
     225.2  2.284e-23
     227.2      1e-23
     229.2      1e-23
     231.2      1e-23
     233.2      1e-23
     235.2      1e-23
     237.2      1e-23
     239.2      1e-23
     241.2      1e-23
     243.2      1e-23
     245.2      1e-23
     247.2      1e-23
     249.2      1e-23
     251.2      1e-23
     253.2      1e-23
     255.2      1e-23
     257.2      1e-23
     259.2      1e-23
     261.2      1e-23
     263.2      1e-23
     265.2      1e-23
     267.2      1e-23
     269.2      1e-23
     271.2      1e-23
     273.2      1e-23
     275.2      1e-23
     277.2      1e-23
     279.2      1e-23
     281.2      1e-23
     283.2      1e-23
     285.2      1e-23
     287.2      1e-23
     289.2      1e-23
     291.2      1e-23
     293.2      1e-23
     295.2      1e-23
     297.2      1e-23
     299.2      1e-23
     301.2      1e-23
     303.2      1e-23
     305.2      1e-23
     307.2      1e-23
     309.2      1e-23
     311.2      1e-23
     313.3      1e-23
     315.3      1e-23
     317.3      1e-23
     319.3      1e-23
     321.3      1e-23
     323.3      1e-23
     325.3      1e-23
     327.3      1e-23
     329.3      1e-23
     331.3      1e-23
     333.3      1e-23
     335.3      1e-23
     337.3      1e-23
     339.3      1e-23
     341.3      1e-23
     343.3      1e-23
     345.3      1e-23
     347.3      1e-23
     349.3      1e-23
