     1.001  5.627e+08
     3.002  4.245e+09
     5.004  1.203e+10
     7.006  2.504e+10
     9.007  4.375e+10
     11.01  6.317e+10
     13.01  8.121e+10
     15.01  9.778e+10
     17.01   1.21e+11
     19.02  1.637e+11
     21.02  1.776e+11
     23.02  1.872e+11
     25.02  1.958e+11
     27.02  2.044e+11
     29.02  2.125e+11
     31.02  2.196e+11
     33.03  2.268e+11
     35.03  2.348e+11
     37.03  2.423e+11
     39.03  2.506e+11
     41.03  2.586e+11
     43.03  2.651e+11
     45.04  2.718e+11
     47.04  2.786e+11
     49.04  2.822e+11
     51.04  2.851e+11
     53.04  2.889e+11
     55.04  2.917e+11
     57.05  2.954e+11
     59.05  2.975e+11
     61.05  3.002e+11
     63.05  3.035e+11
     65.05  3.066e+11
     67.05  3.108e+11
     69.06  3.156e+11
     71.06  3.196e+11
     73.06  3.253e+11
     75.06  3.296e+11
     77.06  3.338e+11
     79.06  3.366e+11
     81.06  3.394e+11
     83.07  3.407e+11
     85.07  3.422e+11
     87.07  3.435e+11
     89.07  3.447e+11
     91.07  3.462e+11
     93.07  3.474e+11
     95.08  3.484e+11
     97.08  3.497e+11
     99.08  3.508e+11
     101.1  3.518e+11
     103.1  3.533e+11
     105.1  3.542e+11
     107.1  3.553e+11
     109.1  3.565e+11
     111.1  3.578e+11
     113.1  3.584e+11
     115.1  3.587e+11
     117.1  3.593e+11
     119.1  3.595e+11
     121.1  3.599e+11
     123.1  3.602e+11
     125.1  3.605e+11
     127.1  3.607e+11
     129.1   3.61e+11
     131.1  3.613e+11
     133.1  3.617e+11
     135.1  3.619e+11
     137.1  3.621e+11
     139.1  3.624e+11
     141.1  3.625e+11
     143.1  3.626e+11
     145.1  3.626e+11
     147.1  3.627e+11
     149.1  3.627e+11
     151.1  3.628e+11
     153.1  3.628e+11
     155.1   3.63e+11
     157.1   3.63e+11
     159.1  3.631e+11
     161.1  3.631e+11
     163.1  3.632e+11
     165.1  3.633e+11
     167.1  3.633e+11
     169.1  3.633e+11
     171.1  3.634e+11
     173.1  3.634e+11
     175.1  3.634e+11
     177.1  3.634e+11
     179.1  3.634e+11
     181.1  3.634e+11
     183.1  3.634e+11
     185.1  3.635e+11
     187.1  3.635e+11
     189.2  3.635e+11
     191.2  3.635e+11
     193.2  3.635e+11
     195.2  3.635e+11
     197.2  3.635e+11
     199.2  3.635e+11
     201.2  3.635e+11
     203.2  3.635e+11
     205.2  3.635e+11
     207.2  3.635e+11
     209.2  3.635e+11
     211.2  3.635e+11
     213.2  3.635e+11
     215.2  3.635e+11
     217.2  3.635e+11
     219.2  3.635e+11
     221.2  3.636e+11
     223.2  3.636e+11
     225.2  3.636e+11
     227.2  3.636e+11
     229.2  3.636e+11
     231.2  3.636e+11
     233.2  3.636e+11
     235.2  3.636e+11
     237.2  3.636e+11
     239.2  3.636e+11
     241.2  3.636e+11
     243.2  3.636e+11
     245.2  3.636e+11
     247.2  3.636e+11
     249.2  3.636e+11
     251.2  3.636e+11
     253.2  3.636e+11
     255.2  3.636e+11
     257.2  3.636e+11
     259.2  3.636e+11
     261.2  3.636e+11
     263.2  3.636e+11
     265.2  3.636e+11
     267.2  3.636e+11
     269.2  3.636e+11
     271.2  3.636e+11
     273.2  3.636e+11
     275.2  3.636e+11
     277.2  3.636e+11
     279.2  3.636e+11
     281.2  3.636e+11
     283.2  3.636e+11
     285.2  3.636e+11
     287.2  3.636e+11
     289.2  3.636e+11
     291.2  3.636e+11
     293.2  3.636e+11
     295.2  3.636e+11
     297.2  3.636e+11
     299.2  3.636e+11
     301.2  3.636e+11
     303.2  3.636e+11
     305.2  3.636e+11
     307.2  3.636e+11
     309.2  3.636e+11
     311.2  3.636e+11
     313.3  3.636e+11
     315.3  3.636e+11
     317.3  3.636e+11
     319.3  3.636e+11
     321.3  3.636e+11
     323.3  3.636e+11
     325.3  3.636e+11
     327.3  3.636e+11
     329.3  3.636e+11
     331.3  3.636e+11
     333.3  3.636e+11
     335.3  3.636e+11
     337.3  3.636e+11
     339.3  3.636e+11
     341.3  3.636e+11
     343.3  3.636e+11
     345.3  3.636e+11
     347.3  3.636e+11
     349.3  3.636e+11
