     1.001      20.05
     3.002      20.32
     5.004       20.1
     7.006      19.78
     9.007      19.62
     11.01      19.95
     13.01      20.22
     15.01      20.38
     17.01      19.11
     19.02      20.24
     21.02      20.97
     23.02      21.24
     25.02      21.31
     27.02      21.39
     29.02      21.56
     31.02      21.78
     33.03      21.92
     35.03      21.91
     37.03      21.89
     39.03      21.93
     41.03      22.09
     43.03      22.35
     45.04      22.18
     47.04      22.67
     49.04      23.16
     51.04      23.01
     53.04      22.94
     55.04      23.09
     57.05      23.34
     59.05      23.46
     61.05      23.26
     63.05      23.22
     65.05      23.19
     67.05      23.26
     69.06      23.13
     71.06      23.03
     73.06      23.13
     75.06      23.27
     77.06      23.54
     79.06      23.85
     81.06      24.17
     83.07      24.41
     85.07      24.53
     87.07      24.77
     89.07      24.72
     91.07      24.79
     93.07      25.01
     95.08      25.04
     97.08      24.89
     99.08      25.06
     101.1      24.93
     103.1      24.93
     105.1      25.33
     107.1      24.96
     109.1      25.21
     111.1      25.26
     113.1      25.93
     115.1      26.31
     117.1      26.19
     119.1      26.61
     121.1      26.53
     123.1      26.76
     125.1      27.03
     127.1      27.11
     129.1      26.88
     131.1      26.68
     133.1      26.59
     135.1      27.34
     137.1      27.22
     139.1      27.07
     141.1      27.26
     143.1       28.7
     145.1      29.09
     147.1      28.77
     149.1       29.2
     151.1      28.74
     153.1       28.3
     155.1         28
     157.1         28
     159.1      28.68
     161.1       29.3
     163.1      27.84
     165.1      27.43
     167.1      29.26
     169.1       29.2
     171.1      28.62
     173.1      30.26
     175.1       29.8
     177.1      30.78
     179.1      29.88
     181.1      31.02
     183.1      30.26
     185.1      30.79
     187.1      34.14
     189.2      31.65
     191.2      29.87
     193.2       30.9
     195.2      35.52
     197.2      35.52
     199.2      35.52
     201.2      35.52
     203.2      35.52
     205.2      35.52
     207.2      35.52
     209.2      35.52
     211.2      35.52
     213.2      35.52
     215.2      35.52
     217.2      32.74
     219.2      30.14
     221.2       28.6
     223.2      29.49
     225.2      34.62
     227.2      35.52
     229.2      35.52
     231.2      35.52
     233.2      35.52
     235.2      35.52
     237.2      35.52
     239.2      35.52
     241.2      35.52
     243.2      35.52
     245.2      35.52
     247.2      35.52
     249.2      35.52
     251.2      35.52
     253.2      35.52
     255.2      35.52
     257.2      35.52
     259.2      35.52
     261.2      35.52
     263.2      35.52
     265.2      35.52
     267.2      35.52
     269.2      35.52
     271.2      35.52
     273.2      35.52
     275.2      35.52
     277.2      35.52
     279.2      35.52
     281.2      35.52
     283.2      35.52
     285.2      35.52
     287.2      35.52
     289.2      35.52
     291.2      35.52
     293.2      35.52
     295.2      35.52
     297.2      35.52
     299.2      35.52
     301.2      35.52
     303.2      35.52
     305.2      35.52
     307.2      35.52
     309.2      35.52
     311.2      35.52
     313.3      35.52
     315.3      35.52
     317.3      35.52
     319.3      35.52
     321.3      35.52
     323.3      35.52
     325.3      35.52
     327.3      35.52
     329.3      35.52
     331.3      35.52
     333.3      35.52
     335.3      35.52
     337.3      35.52
     339.3      35.52
     341.3      35.52
     343.3      35.52
     345.3      35.52
     347.3      35.52
     349.3      35.52
