     3.001   7.31e+08
     5.002  1.452e+08
     7.003  6.505e+07
     9.003  2.355e+07
        11  1.033e+07
        13  1.331e+07
     15.01   7.41e+06
     17.01  9.085e+06
     19.01  6.098e+06
     21.01  4.051e+06
     23.01  2.085e+06
     25.01   1.35e+06
     27.01  1.524e+06
     29.01  1.421e+06
     31.01  1.477e+06
     33.01  1.639e+06
     35.01  1.101e+06
     37.01  6.588e+05
     39.01  4.761e+05
     41.02  1.465e+05
     43.02  4.339e+05
     45.02  7.267e+04
     47.02  6.396e+04
     49.02  1.297e+05
     51.02          0
     53.02  2.996e+05
     55.02  1.715e+05
     57.02  1.132e+05
     59.02  5.512e+04
     61.02   5.22e+04
     63.02          0
     65.02          0
     67.03          0
     69.03          0
     71.03  8.786e+04
     73.03          0
     75.03  4.272e+04
     77.03          0
     79.03  4.042e+04
     81.03          0
     83.03          0
     85.03          0
     87.03          0
     89.03          0
     91.03          0
     93.04          0
     95.04          0
     97.04          0
     99.04          0
       101          0
       103          0
       105          0
       107          0
       109          0
       111          0
       113          0
       115          0
       117          0
       119          0
       121          0
       123          0
       125          0
       127          0
       129          0
       131          0
     133.1          0
     135.1          0
     137.1          0
     139.1          0
     141.1          0
     143.1          0
     145.1          0
     147.1          0
     149.1          0
     151.1          0
     153.1          0
     155.1          0
     157.1          0
     159.1          0
     161.1          0
     163.1          0
     165.1          0
     167.1          0
     169.1          0
     171.1          0
     173.1          0
     175.1          0
     177.1          0
     179.1          0
     181.1          0
     183.1          0
     185.1          0
     187.1          0
     189.1          0
     191.1          0
     193.1          0
     195.1          0
     197.1          0
     199.1          0
     201.1          0
     203.1          0
     205.1          0
     207.1          0
     209.1          0
     211.1          0
     213.1          0
     215.1          0
     217.1          0
     219.1          0
     221.1          0
     223.1          0
     225.1          0
     227.1          0
     229.1          0
