         1  1.286e-15
     3.001  9.115e-17
     5.002   1.48e-17
     7.003  5.253e-18
     9.003  1.778e-18
        11  1.281e-18
        13  9.194e-19
     15.01  8.689e-19
     17.01  7.667e-19
     19.01  5.905e-19
     21.01  2.415e-19
     23.01  2.059e-19
     25.01   2.61e-19
     27.01  1.348e-19
     29.01   1.16e-19
     31.01  1.045e-19
     33.01   1.25e-19
     35.01  4.994e-20
     37.01  5.598e-20
     39.01  1.306e-20
     41.02  2.873e-20
     43.02  1.526e-20
     45.02  8.445e-21
     47.02  3.262e-21
     49.02  1.067e-20
     51.02  2.182e-20
     53.02   2.07e-20
     55.02  1.062e-20
     57.02  1.032e-20
     59.02  4.624e-21
     61.02  4.511e-21
     63.02  6.164e-23
     65.02      1e-23
     67.03      1e-23
     69.03  8.039e-22
     71.03   5.95e-21
     73.03  1.648e-21
     75.03  3.977e-21
     77.03  3.164e-21
     79.03  1.267e-21
     81.03      1e-23
     83.03      1e-23
     85.03      1e-23
     87.03      1e-23
     89.03      1e-23
     91.03      1e-23
     93.04      1e-23
     95.04      1e-23
     97.04      1e-23
     99.04      1e-23
       101      1e-23
       103      1e-23
       105      1e-23
       107      1e-23
       109      1e-23
       111      1e-23
       113      1e-23
       115      1e-23
       117      1e-23
       119      1e-23
       121      1e-23
       123      1e-23
       125      1e-23
       127      1e-23
       129      1e-23
       131      1e-23
     133.1      1e-23
     135.1      1e-23
     137.1      1e-23
     139.1      1e-23
     141.1      1e-23
     143.1      1e-23
     145.1      1e-23
     147.1      1e-23
     149.1      1e-23
     151.1      1e-23
     153.1      1e-23
     155.1      1e-23
     157.1      1e-23
     159.1      1e-23
     161.1      1e-23
     163.1      1e-23
     165.1      1e-23
     167.1      1e-23
     169.1      1e-23
     171.1      1e-23
     173.1      1e-23
     175.1      1e-23
     177.1      1e-23
     179.1      1e-23
     181.1      1e-23
     183.1      1e-23
     185.1      1e-23
     187.1      1e-23
     189.1      1e-23
     191.1      1e-23
     193.1      1e-23
     195.1      1e-23
     197.1      1e-23
     199.1      1e-23
     201.1      1e-23
     203.1      1e-23
     205.1      1e-23
     207.1      1e-23
     209.1      1e-23
     211.1      1e-23
     213.1      1e-23
     215.1      1e-23
     217.1      1e-23
     219.1      1e-23
     221.1      1e-23
     223.1      1e-23
     225.1      1e-23
     227.1      1e-23
     229.1      1e-23
