         1  1.705e+10
     3.001  4.463e+10
     5.002  5.376e+10
     7.003  5.949e+10
     9.003  6.215e+10
        11  6.358e+10
        13  6.576e+10
     15.01  6.715e+10
     17.01   6.91e+10
     19.01  7.055e+10
     21.01  7.162e+10
     23.01  7.223e+10
     25.01  7.265e+10
     27.01  7.317e+10
     29.01  7.369e+10
     31.01  7.426e+10
     33.01  7.494e+10
     35.01  7.543e+10
     37.01  7.573e+10
     39.01  7.597e+10
     41.02  7.604e+10
     43.02  7.628e+10
     45.02  7.632e+10
     47.02  7.636e+10
     49.02  7.644e+10
     51.02  7.644e+10
     53.02  7.664e+10
     55.02  7.675e+10
     57.02  7.684e+10
     59.02  7.688e+10
     61.02  7.692e+10
     63.02  7.692e+10
     65.02  7.692e+10
     67.03  7.692e+10
     69.03  7.692e+10
     71.03    7.7e+10
     73.03    7.7e+10
     75.03  7.704e+10
     77.03  7.704e+10
     79.03  7.708e+10
     81.03  7.708e+10
     83.03  7.708e+10
     85.03  7.708e+10
     87.03  7.708e+10
     89.03  7.708e+10
     91.03  7.708e+10
     93.04  7.708e+10
     95.04  7.708e+10
     97.04  7.708e+10
     99.04  7.708e+10
       101  7.708e+10
       103  7.708e+10
       105  7.708e+10
       107  7.708e+10
       109  7.708e+10
       111  7.708e+10
       113  7.708e+10
       115  7.708e+10
       117  7.708e+10
       119  7.708e+10
       121  7.708e+10
       123  7.708e+10
       125  7.708e+10
       127  7.708e+10
       129  7.708e+10
       131  7.708e+10
     133.1  7.708e+10
     135.1  7.708e+10
     137.1  7.708e+10
     139.1  7.708e+10
     141.1  7.708e+10
     143.1  7.708e+10
     145.1  7.708e+10
     147.1  7.708e+10
     149.1  7.708e+10
     151.1  7.708e+10
     153.1  7.708e+10
     155.1  7.708e+10
     157.1  7.708e+10
     159.1  7.708e+10
     161.1  7.708e+10
     163.1  7.708e+10
     165.1  7.708e+10
     167.1  7.708e+10
     169.1  7.708e+10
     171.1  7.708e+10
     173.1  7.708e+10
     175.1  7.708e+10
     177.1  7.708e+10
     179.1  7.708e+10
     181.1  7.708e+10
     183.1  7.708e+10
     185.1  7.708e+10
     187.1  7.708e+10
     189.1  7.708e+10
     191.1  7.708e+10
     193.1  7.708e+10
     195.1  7.708e+10
     197.1  7.708e+10
     199.1  7.708e+10
     201.1  7.708e+10
     203.1  7.708e+10
     205.1  7.708e+10
     207.1  7.708e+10
     209.1  7.708e+10
     211.1  7.708e+10
     213.1  7.708e+10
     215.1  7.708e+10
     217.1  7.708e+10
     219.1  7.708e+10
     221.1  7.708e+10
     223.1  7.708e+10
     225.1  7.708e+10
     227.1  7.708e+10
     229.1  7.708e+10
