         1      15.24
     3.001      18.12
     5.002      20.09
     7.003      21.22
     9.003      22.39
        11      22.75
        13      23.11
     15.01      23.17
     17.01       23.3
     19.01      23.59
     21.01      24.56
     23.01      24.73
     25.01      24.47
     27.01      25.19
     29.01      25.35
     31.01      25.47
     33.01      25.27
     35.01      26.27
     37.01      26.15
     39.01      27.73
     41.02      26.87
     43.02      27.56
     45.02       28.2
     47.02      29.23
     49.02      27.95
     51.02      27.17
     53.02      27.23
     55.02      27.95
     57.02      27.98
     59.02      28.85
     61.02      28.88
     63.02      33.54
     65.02      35.52
     67.03      35.52
     69.03      30.75
     71.03      28.58
     73.03      29.97
     75.03      29.02
     77.03      29.27
     79.03      30.26
     81.03      35.52
     83.03      35.52
     85.03      35.52
     87.03      35.52
     89.03      35.52
     91.03      35.52
     93.04      35.52
     95.04      35.52
     97.04      35.52
     99.04      35.52
       101      35.52
       103      35.52
       105      35.52
       107      35.52
       109      35.52
       111      35.52
       113      35.52
       115      35.52
       117      35.52
       119      35.52
       121      35.52
       123      35.52
       125      35.52
       127      35.52
       129      35.52
       131      35.52
     133.1      35.52
     135.1      35.52
     137.1      35.52
     139.1      35.52
     141.1      35.52
     143.1      35.52
     145.1      35.52
     147.1      35.52
     149.1      35.52
     151.1      35.52
     153.1      35.52
     155.1      35.52
     157.1      35.52
     159.1      35.52
     161.1      35.52
     163.1      35.52
     165.1      35.52
     167.1      35.52
     169.1      35.52
     171.1      35.52
     173.1      35.52
     175.1      35.52
     177.1      35.52
     179.1      35.52
     181.1      35.52
     183.1      35.52
     185.1      35.52
     187.1      35.52
     189.1      35.52
     191.1      35.52
     193.1      35.52
     195.1      35.52
     197.1      35.52
     199.1      35.52
     201.1      35.52
     203.1      35.52
     205.1      35.52
     207.1      35.52
     209.1      35.52
     211.1      35.52
     213.1      35.52
     215.1      35.52
     217.1      35.52
     219.1      35.52
     221.1      35.52
     223.1      35.52
     225.1      35.52
     227.1      35.52
     229.1      35.52
