     2.007  3.247e-17
     6.021   1.35e-17
     10.04  8.677e-18
     14.05  7.855e-18
     18.06  5.639e-18
     22.08  5.225e-18
     26.09   2.79e-18
     30.11  1.777e-18
     34.12  9.087e-19
     38.13  6.241e-19
     42.15  6.552e-19
     46.16  5.292e-19
     50.18  4.462e-19
     54.19  3.229e-19
      58.2  3.771e-19
     62.22  2.113e-19
     66.23  2.524e-19
     70.25  2.357e-19
     74.26  2.321e-19
     78.27  1.866e-19
     82.29  2.252e-19
      86.3  2.851e-19
     90.32  2.029e-19
     94.33  3.389e-19
     98.34  3.476e-19
     102.4  1.624e-19
     106.4  7.047e-20
     110.4  4.773e-20
     114.4  9.551e-20
     118.4  4.416e-20
     122.4  2.334e-20
     126.4  1.784e-20
     130.5  4.917e-20
     134.5  3.621e-20
     138.5  1.862e-20
     142.5  1.247e-20
     146.5  1.351e-20
     150.5  1.521e-20
     154.5  2.457e-20
     158.6  1.072e-20
     162.6  9.363e-21
     166.6   8.15e-21
     170.6  6.972e-21
     174.6  1.255e-20
     178.6  7.251e-21
     182.6  4.329e-21
     186.7  3.119e-21
     190.7  3.156e-21
     194.7  1.412e-21
     198.7  1.781e-21
     202.7  1.187e-21
     206.7  1.136e-21
     210.7  6.103e-22
     214.8  4.791e-22
     218.8  1.932e-22
     222.8  3.934e-22
     226.8   5.43e-23
     230.8  1.283e-23
     234.8  1.806e-22
     238.8   1.16e-23
     242.9      1e-23
     246.9      1e-23
     250.9  9.641e-22
     254.9   1.38e-21
     258.9  4.445e-22
     262.9  1.203e-21
     266.9  1.647e-22
     270.9      1e-23
       275      1e-23
       279      1e-23
       283      1e-23
       287      1e-23
       291      1e-23
       295      1e-23
       299      1e-23
     303.1      1e-23
     307.1      1e-23
     311.1      1e-23
     315.1      1e-23
     319.1      1e-23
     323.1      1e-23
     327.1      1e-23
     331.2      1e-23
     335.2      1e-23
     339.2      1e-23
     343.2      1e-23
