     2.007  8.839e+09
     6.021  2.343e+10
     10.04  3.607e+10
     14.05  4.888e+10
     18.06  6.077e+10
     22.08    7.1e+10
     26.09  8.004e+10
     30.11  8.648e+10
     34.12  9.151e+10
     38.13  9.499e+10
     42.15  9.807e+10
     46.16  1.009e+11
     50.18  1.031e+11
     54.19   1.05e+11
      58.2  1.081e+11
     62.22  1.108e+11
     66.23  1.131e+11
     70.25  1.157e+11
     74.26  1.184e+11
     78.27  1.211e+11
     82.29  1.231e+11
      86.3  1.254e+11
     90.32  1.276e+11
     94.33  1.297e+11
     98.34  1.325e+11
     102.4  1.348e+11
     106.4   1.36e+11
     110.4  1.369e+11
     114.4  1.376e+11
     118.4  1.383e+11
     122.4  1.388e+11
     126.4  1.391e+11
     130.5  1.394e+11
     134.5  1.398e+11
     138.5  1.402e+11
     142.5  1.404e+11
     146.5  1.407e+11
     150.5   1.41e+11
     154.5  1.413e+11
     158.6  1.416e+11
     162.6  1.418e+11
     166.6  1.421e+11
     170.6  1.422e+11
     174.6  1.424e+11
     178.6  1.426e+11
     182.6  1.427e+11
     186.7  1.428e+11
     190.7  1.429e+11
     194.7   1.43e+11
     198.7   1.43e+11
     202.7  1.431e+11
     206.7  1.431e+11
     210.7  1.431e+11
     214.8  1.432e+11
     218.8  1.432e+11
     222.8  1.432e+11
     226.8  1.432e+11
     230.8  1.432e+11
     234.8  1.432e+11
     238.8  1.432e+11
     242.9  1.432e+11
     246.9  1.432e+11
     250.9  1.432e+11
     254.9  1.432e+11
     258.9  1.432e+11
     262.9  1.432e+11
     266.9  1.432e+11
     270.9  1.432e+11
       275  1.432e+11
       279  1.432e+11
       283  1.432e+11
       287  1.432e+11
       291  1.432e+11
       295  1.432e+11
       299  1.432e+11
     303.1  1.432e+11
     307.1  1.432e+11
     311.1  1.432e+11
     315.1  1.432e+11
     319.1  1.432e+11
     323.1  1.432e+11
     327.1  1.432e+11
     331.2  1.432e+11
     335.2  1.432e+11
     339.2  1.432e+11
     343.2  1.432e+11
