     2.007      19.24
     6.021      20.19
     10.04      20.67
     14.05      20.78
     18.06      21.14
     22.08      21.22
     26.09       21.9
     30.11      22.39
     34.12      23.12
     38.13      23.53
     42.15      23.48
     46.16      23.71
     50.18      23.89
     54.19      24.24
      58.2      24.07
     62.22       24.7
     66.23      24.51
     70.25      24.59
     74.26       24.6
     78.27      24.84
     82.29      24.63
      86.3      24.38
     90.32      24.75
     94.33      24.19
     98.34      24.16
     102.4      24.99
     106.4       25.9
     110.4      26.32
     114.4      25.57
     118.4       26.4
     122.4       27.1
     126.4      27.39
     130.5      26.29
     134.5      26.62
     138.5      27.34
     142.5      27.78
     146.5      27.69
     150.5      27.56
     154.5      27.04
     158.6      27.94
     162.6      28.09
     166.6      28.24
     170.6      28.41
     174.6      27.77
     178.6      28.37
     182.6      28.93
     186.7      29.28
     190.7      29.27
     194.7      30.14
     198.7      29.89
     202.7      30.33
     206.7      30.38
     210.7      31.05
     214.8      31.32
     218.8       32.3
     222.8      31.53
     226.8      33.68
     230.8      35.25
     234.8      32.37
     238.8      35.36
     242.9      35.52
     246.9      35.52
     250.9      30.56
     254.9      30.17
     258.9       31.4
     262.9      30.32
     266.9      32.47
     270.9      35.52
       275      35.52
       279      35.52
       283      35.52
       287      35.52
       291      35.52
       295      35.52
       299      35.52
     303.1      35.52
     307.1      35.52
     311.1      35.52
     315.1      35.52
     319.1      35.52
     323.1      35.52
     327.1      35.52
     331.2      35.52
     335.2      35.52
     339.2      35.52
     343.2      35.52
