     1.002  3.381e+10
     3.005  1.129e+11
     5.009  1.432e+11
     7.013  1.609e+11
     9.016  1.734e+11
     11.02  1.822e+11
     13.02  1.903e+11
     15.03  1.986e+11
     17.03  2.039e+11
     19.03  2.095e+11
     21.04  2.124e+11
     23.04  2.153e+11
     25.05  2.181e+11
     27.05  2.213e+11
     29.05  2.234e+11
     31.06  2.259e+11
     33.06  2.286e+11
     35.06  2.315e+11
     37.07  2.339e+11
     39.07  2.364e+11
     41.07  2.391e+11
     43.08  2.415e+11
     45.08  2.436e+11
     47.08  2.456e+11
     49.09  2.473e+11
     51.09  2.493e+11
      53.1  2.514e+11
      55.1  2.533e+11
      57.1  2.553e+11
     59.11  2.576e+11
     61.11  2.592e+11
     63.11  2.609e+11
     65.12  2.624e+11
     67.12  2.633e+11
     69.12  2.648e+11
     71.13  2.659e+11
     73.13  2.671e+11
     75.14  2.677e+11
     77.14  2.685e+11
     79.14  2.693e+11
     81.15  2.698e+11
     83.15  2.705e+11
     85.15   2.71e+11
     87.16  2.714e+11
     89.16  2.717e+11
     91.16   2.72e+11
     93.17  2.723e+11
     95.17  2.727e+11
     97.18  2.728e+11
     99.18   2.73e+11
     101.2  2.731e+11
     103.2  2.733e+11
     105.2  2.735e+11
     107.2  2.737e+11
     109.2  2.737e+11
     111.2  2.737e+11
     113.2  2.738e+11
     115.2   2.74e+11
     117.2  2.742e+11
     119.2  2.744e+11
     121.2  2.745e+11
     123.2  2.746e+11
     125.2  2.748e+11
     127.2  2.751e+11
     129.2  2.751e+11
     131.2  2.753e+11
     133.2  2.754e+11
     135.2  2.755e+11
     137.2  2.756e+11
     139.3  2.757e+11
     141.3  2.758e+11
     143.3  2.759e+11
     145.3  2.761e+11
     147.3  2.761e+11
     149.3  2.762e+11
     151.3  2.763e+11
     153.3  2.763e+11
     155.3  2.765e+11
     157.3  2.765e+11
     159.3  2.765e+11
     161.3  2.765e+11
     163.3  2.766e+11
     165.3  2.767e+11
     167.3  2.767e+11
     169.3  2.767e+11
     171.3  2.767e+11
     173.3   2.77e+11
     175.3  2.771e+11
     177.3  2.774e+11
     179.3  2.776e+11
     181.3  2.777e+11
     183.3  2.779e+11
     185.3  2.781e+11
     187.3  2.784e+11
     189.3  2.786e+11
     191.3  2.791e+11
     193.3  2.797e+11
     195.4  2.803e+11
     197.4   2.81e+11
     199.4  2.812e+11
     201.4  2.814e+11
     203.4  2.816e+11
     205.4  2.817e+11
     207.4  2.819e+11
     209.4   2.82e+11
     211.4  2.821e+11
     213.4  2.821e+11
     215.4  2.821e+11
     217.4  2.821e+11
     219.4  2.821e+11
     221.4  2.821e+11
     223.4  2.821e+11
     225.4  2.821e+11
     227.4  2.821e+11
     229.4  2.821e+11
     231.4  2.821e+11
     233.4  2.821e+11
     235.4  2.821e+11
     237.4  2.821e+11
     239.4  2.821e+11
     241.4  2.821e+11
     243.4  2.821e+11
     245.4  2.821e+11
     247.4  2.821e+11
     249.4  2.821e+11
     251.5  2.821e+11
     253.5  2.821e+11
     255.5  2.821e+11
     257.5  2.821e+11
     259.5  2.821e+11
     261.5  2.821e+11
     263.5  2.821e+11
     265.5  2.821e+11
     267.5  2.821e+11
     269.5  2.821e+11
     271.5  2.821e+11
     273.5  2.821e+11
     275.5  2.821e+11
     277.5  2.821e+11
     279.5  2.821e+11
     281.5  2.821e+11
     283.5  2.821e+11
     285.5  2.821e+11
     287.5  2.821e+11
     289.5  2.821e+11
     291.5  2.821e+11
     293.5  2.821e+11
     295.5  2.821e+11
     297.5  2.821e+11
     299.5  2.821e+11
     301.5  2.821e+11
     303.5  2.821e+11
     305.6  2.821e+11
     307.6  2.821e+11
     309.6  2.821e+11
     311.6  2.821e+11
     313.6  2.821e+11
     315.6  2.821e+11
     317.6  2.821e+11
     319.6  2.821e+11
     321.6  2.821e+11
     323.6  2.821e+11
     325.6  2.821e+11
     327.6  2.821e+11
     329.6  2.821e+11
     331.6  2.821e+11
     333.6  2.821e+11
     335.6  2.821e+11
     337.6  2.821e+11
     339.6  2.821e+11
     341.6  2.821e+11
