      3.01  1.289e+09
     5.017  1.853e+08
     7.023  6.573e+07
      9.03  5.142e+07
     11.04  4.822e+07
     13.04  3.039e+07
     15.05  2.707e+07
     17.06  2.742e+07
     19.06  2.005e+07
     21.07   1.96e+07
     23.08  2.181e+07
     25.08  1.811e+07
     27.09  1.919e+07
      29.1  2.372e+07
      31.1  2.343e+07
     33.11  2.296e+07
     35.12  1.848e+07
     37.12  1.611e+07
     39.13  1.418e+07
     41.14  1.216e+07
     43.14  1.078e+07
     45.15  1.099e+07
     47.16  1.071e+07
     49.16  1.074e+07
     51.17  8.168e+06
     53.18  6.406e+06
     55.18   3.51e+06
     57.19   4.03e+06
      59.2  3.369e+06
      61.2   2.62e+06
     63.21  2.576e+06
     65.22  2.775e+06
     67.22  2.382e+06
     69.23  2.268e+06
     71.24   1.82e+06
     73.24  1.609e+06
     75.25  1.279e+06
     77.26  1.644e+06
     79.26  1.331e+06
     81.27  1.259e+06
     83.28  1.327e+06
     85.29  1.389e+06
     87.29  1.114e+06
      89.3  1.384e+06
     91.31  1.909e+06
     93.31  1.806e+06
     95.32  3.009e+06
     97.33  1.528e+06
     99.33   1.74e+06
     101.3  1.147e+06
     103.3  1.704e+06
     105.4   2.05e+06
     107.4  1.397e+06
     109.4  1.311e+06
     111.4  1.502e+06
     113.4  1.289e+06
     115.4  1.533e+06
     117.4  1.552e+06
     119.4  2.034e+06
     121.4  1.505e+06
     123.4  1.616e+06
     125.4   1.95e+06
     127.4  1.456e+06
     129.4  1.859e+06
     131.4  1.429e+06
     133.4  1.246e+06
     135.5  1.219e+06
     137.5  1.174e+06
     139.5  8.718e+05
     141.5  1.033e+06
     143.5   6.54e+05
     145.5  5.402e+05
     147.5  5.255e+05
     149.5  8.376e+05
     151.5  5.562e+05
     153.5  4.333e+05
     155.5  4.609e+05
     157.5  4.005e+05
     159.5  3.167e+05
     161.5  1.976e+05
     163.5  4.973e+05
     165.6  2.885e+05
     167.6  3.573e+05
     169.6  3.412e+05
     171.6  3.913e+05
     173.6  2.011e+05
     175.6  1.115e+05
     177.6  2.112e+05
     179.6  2.035e+05
     181.6  2.287e+05
     183.6  1.989e+05
     185.6  1.633e+05
     187.6  8.736e+04
     189.6  1.287e+05
     191.6  7.462e+04
     193.6  7.945e+04
     195.7  1.146e+05
     197.7  5.553e+04
     199.7  6.403e+04
     201.7  2.022e+05
     203.7  7.983e+04
     205.7  6.174e+04
     207.7  1.124e+05
     209.7  9.526e+04
     211.7  1.172e+05
     213.7  1.013e+05
     215.7  6.326e+04
     217.7      8e+04
     219.7  8.792e+04
     221.7  5.818e+04
     223.7  1.285e+05
     225.8  9.045e+04
     227.8  3.983e+04
     229.8  2.683e+04
     231.8  9.583e+04
     233.8  2.662e+04
     235.8   6.59e+04
     237.8  1.266e+04
     239.8  7.871e+04
     241.8  7.594e+04
     243.8  3.771e+04
     245.8  1.206e+04
     247.8          0
     249.8   3.99e+04
     251.8          0
     253.8  4.981e+04
     255.9  1.166e+04
     257.9  6.928e+04
     259.9  3.033e+04
     261.9  2.889e+04
     263.9  4.048e+04
     265.9  2.668e+04
     267.9  2.488e+04
     269.9          0
     271.9  1.093e+04
     273.9  1.109e+04
     275.9  1.121e+04
     277.9          0
     279.9          0
     281.9          0
     283.9          0
       286          0
       288          0
       290          0
       292          0
       294          0
       296          0
       298          0
       300       9905
       302          0
       304          0
       306  1.006e+04
       308          0
       310          0
       312          0
       314          0
     316.1          0
     318.1          0
     320.1          0
     322.1          0
     324.1          0
     326.1          0
     328.1          0
     330.1          0
     332.1          0
     334.1          0
     336.1          0
     338.1          0
     340.1          0
     342.1          0
     344.2          0
     346.2          0
     348.2          0
