     1.003  2.453e-16
      3.01   3.89e-17
     5.017   1.32e-17
     7.023  7.377e-18
      9.03  7.214e-18
     11.04  5.993e-18
     13.04  4.475e-18
     15.05  4.328e-18
     17.06  3.675e-18
     19.06  3.085e-18
     21.07   3.29e-18
     23.08  3.894e-18
     25.08  3.558e-18
     27.09  4.809e-18
      29.1  5.881e-18
      31.1  6.443e-18
     33.11  7.484e-18
     35.12  4.569e-18
     37.12  3.864e-18
     39.13  2.464e-18
     41.14  2.086e-18
     43.14  2.067e-18
     45.15  1.915e-18
     47.16  1.781e-18
     49.16  1.455e-18
     51.17  1.285e-18
     53.18  1.246e-18
     55.18   8.63e-19
     57.19  7.053e-19
      59.2  5.718e-19
      61.2  5.017e-19
     63.21  6.058e-19
     65.22  5.492e-19
     67.22  5.168e-19
     69.23  3.939e-19
     71.24  3.222e-19
     73.24  2.871e-19
     75.25  3.429e-19
     77.26  3.924e-19
     79.26  3.623e-19
     81.27  5.646e-19
     83.28  5.185e-19
     85.29  3.178e-19
     87.29  3.092e-19
      89.3  3.804e-19
     91.31  4.063e-19
     93.31  4.003e-19
     95.32  3.845e-19
     97.33  2.939e-19
     99.33  2.533e-19
     101.3  2.547e-19
     103.3  3.001e-19
     105.4  3.415e-19
     107.4   2.88e-19
     109.4  4.328e-19
     111.4  4.371e-19
     113.4   3.42e-19
     115.4  3.805e-19
     117.4  3.212e-19
     119.4   3.19e-19
     121.4   4.12e-19
     123.4  8.617e-19
     125.4  4.817e-19
     127.4  5.994e-19
     129.4  6.464e-19
     131.4  4.085e-19
     133.4  2.731e-19
     135.5  2.254e-19
     137.5  2.325e-19
     139.5  2.099e-19
     141.5  2.112e-19
     143.5  1.216e-19
     145.5  1.113e-19
     147.5  1.402e-19
     149.5  1.443e-19
     151.5  1.258e-19
     153.5  7.602e-20
     155.5  5.717e-20
     157.5  6.699e-20
     159.5   4.96e-20
     161.5  6.708e-20
     163.5  4.986e-20
     165.6  4.863e-20
     167.6  7.823e-20
     169.6  9.281e-20
     171.6  1.018e-19
     173.6  1.419e-19
     175.6  5.991e-20
     177.6  4.694e-20
     179.6  4.737e-20
     181.6  5.544e-20
     183.6  3.567e-20
     185.6  2.946e-20
     187.6  2.818e-20
     189.6  2.406e-20
     191.6   1.58e-20
     193.6  2.431e-20
     195.7   1.97e-20
     197.7  1.477e-20
     199.7  2.043e-20
     201.7  2.684e-20
     203.7  1.864e-20
     205.7  2.003e-20
     207.7  1.971e-20
     209.7  1.938e-20
     211.7  2.985e-20
     213.7  2.215e-20
     215.7  1.506e-20
     217.7  1.554e-20
     219.7  1.415e-20
     221.7  2.872e-20
     223.7  3.118e-20
     225.8  2.023e-20
     227.8  4.337e-21
     229.8  1.168e-20
     231.8  1.643e-20
     233.8  9.319e-21
     235.8  9.089e-21
     237.8  1.068e-20
     239.8  1.271e-20
     241.8  9.511e-21
     243.8  3.962e-21
     245.8  4.855e-22
     247.8  3.817e-21
     249.8  8.233e-21
     251.8   5.53e-21
     253.8  1.008e-20
     255.9   3.67e-20
     257.9  8.348e-20
     259.9  4.972e-20
     261.9  3.772e-20
     263.9   3.61e-20
     265.9  2.241e-20
     267.9   8.59e-21
     269.9  2.001e-21
     271.9  4.877e-21
     273.9  1.863e-21
     275.9  1.875e-21
     277.9   3.52e-22
     279.9      1e-23
     281.9      1e-23
     283.9      1e-23
       286      1e-23
       288      1e-23
       290      1e-23
       292      1e-23
       294      1e-23
       296  1.984e-22
       298  3.842e-21
       300  7.718e-22
       302  5.056e-22
       304   2.87e-21
       306  4.399e-21
       308  6.506e-22
       310      1e-23
       312      1e-23
       314      1e-23
     316.1      1e-23
     318.1      1e-23
     320.1      1e-23
     322.1      1e-23
     324.1      1e-23
     326.1      1e-23
     328.1      1e-23
     330.1      1e-23
     332.1      1e-23
     334.1      1e-23
     336.1      1e-23
     338.1      1e-23
     340.1      1e-23
     342.1      1e-23
     344.2      1e-23
     346.2      1e-23
     348.2      1e-23
