     1.003   2.51e+10
      3.01  7.403e+10
     5.017  8.576e+10
     7.023  9.158e+10
      9.03  9.743e+10
     11.04  1.041e+11
     13.04  1.091e+11
     15.05  1.143e+11
     17.06  1.202e+11
     19.06   1.25e+11
     21.07  1.302e+11
     23.08  1.365e+11
     25.08  1.423e+11
     27.09  1.488e+11
      29.1  1.575e+11
      31.1  1.667e+11
     33.11  1.763e+11
     35.12  1.845e+11
     37.12   1.92e+11
     39.13   1.99e+11
     41.14  2.053e+11
     43.14  2.112e+11
     45.15  2.175e+11
     47.16  2.238e+11
     49.16  2.305e+11
     51.17  2.358e+11
     53.18    2.4e+11
     55.18  2.425e+11
     57.19  2.454e+11
      59.2  2.479e+11
      61.2  2.499e+11
     63.21   2.52e+11
     65.22  2.543e+11
     67.22  2.563e+11
     69.23  2.583e+11
     71.24  2.599e+11
     73.24  2.614e+11
     75.25  2.626e+11
     77.26  2.642e+11
     79.26  2.655e+11
     81.27  2.668e+11
     83.28  2.682e+11
     85.29  2.697e+11
     87.29  2.709e+11
      89.3  2.725e+11
     91.31  2.747e+11
     93.31  2.768e+11
     95.32  2.804e+11
     97.33  2.823e+11
     99.33  2.845e+11
     101.3   2.86e+11
     103.3  2.882e+11
     105.4  2.909e+11
     107.4  2.928e+11
     109.4  2.946e+11
     111.4  2.967e+11
     113.4  2.985e+11
     115.4  3.008e+11
     117.4  3.031e+11
     119.4  3.061e+11
     121.4  3.084e+11
     123.4   3.11e+11
     125.4   3.14e+11
     127.4  3.164e+11
     129.4  3.194e+11
     131.4  3.218e+11
     133.4  3.239e+11
     135.5   3.26e+11
     137.5   3.28e+11
     139.5  3.295e+11
     141.5  3.314e+11
     143.5  3.325e+11
     145.5  3.335e+11
     147.5  3.345e+11
     149.5  3.361e+11
     151.5  3.372e+11
     153.5   3.38e+11
     155.5  3.389e+11
     157.5  3.397e+11
     159.5  3.403e+11
     161.5  3.407e+11
     163.5  3.418e+11
     165.6  3.424e+11
     167.6  3.431e+11
     169.6  3.438e+11
     171.6  3.447e+11
     173.6  3.451e+11
     175.6  3.454e+11
     177.6  3.459e+11
     179.6  3.463e+11
     181.6  3.468e+11
     183.6  3.473e+11
     185.6  3.477e+11
     187.6  3.479e+11
     189.6  3.482e+11
     191.6  3.484e+11
     193.6  3.486e+11
     195.7  3.489e+11
     197.7   3.49e+11
     199.7  3.492e+11
     201.7  3.497e+11
     203.7  3.499e+11
     205.7    3.5e+11
     207.7  3.503e+11
     209.7  3.506e+11
     211.7  3.509e+11
     213.7  3.512e+11
     215.7  3.513e+11
     217.7  3.516e+11
     219.7  3.518e+11
     221.7   3.52e+11
     223.7  3.523e+11
     225.8  3.526e+11
     227.8  3.527e+11
     229.8  3.528e+11
     231.8  3.531e+11
     233.8  3.531e+11
     235.8  3.533e+11
     237.8  3.534e+11
     239.8  3.536e+11
     241.8  3.538e+11
     243.8  3.539e+11
     245.8   3.54e+11
     247.8   3.54e+11
     249.8  3.541e+11
     251.8  3.541e+11
     253.8  3.543e+11
     255.9  3.543e+11
     257.9  3.545e+11
     259.9  3.546e+11
     261.9  3.547e+11
     263.9  3.549e+11
     265.9   3.55e+11
     267.9   3.55e+11
     269.9   3.55e+11
     271.9  3.551e+11
     273.9  3.551e+11
     275.9  3.552e+11
     277.9  3.552e+11
     279.9  3.552e+11
     281.9  3.552e+11
     283.9  3.552e+11
       286  3.552e+11
       288  3.552e+11
       290  3.552e+11
       292  3.552e+11
       294  3.552e+11
       296  3.552e+11
       298  3.552e+11
       300  3.552e+11
       302  3.552e+11
       304  3.552e+11
       306  3.552e+11
       308  3.552e+11
       310  3.552e+11
       312  3.552e+11
       314  3.552e+11
     316.1  3.552e+11
     318.1  3.552e+11
     320.1  3.552e+11
     322.1  3.552e+11
     324.1  3.552e+11
     326.1  3.552e+11
     328.1  3.552e+11
     330.1  3.552e+11
     332.1  3.552e+11
     334.1  3.552e+11
     336.1  3.552e+11
     338.1  3.552e+11
     340.1  3.552e+11
     342.1  3.552e+11
     344.2  3.552e+11
     346.2  3.552e+11
     348.2  3.552e+11
