     1.003      17.04
      3.01      19.04
     5.017      20.21
     7.023      20.85
      9.03      20.87
     11.04      21.07
     13.04      21.39
     15.05      21.43
     17.06       21.6
     19.06      21.79
     21.07      21.72
     23.08      21.54
     25.08      21.64
     27.09      21.31
      29.1      21.09
      31.1      20.99
     33.11      20.83
     35.12      21.37
     37.12      21.55
     39.13      22.04
     41.14      22.22
     43.14      22.23
     45.15      22.31
     47.16      22.39
     49.16      22.61
     51.17      22.74
     53.18      22.78
     55.18      23.18
     57.19       23.4
      59.2      23.62
      61.2      23.77
     63.21      23.56
     65.22      23.67
     67.22      23.73
     69.23      24.03
     71.24      24.25
     73.24      24.37
     75.25      24.18
     77.26      24.03
     79.26      24.12
     81.27      23.64
     83.28      23.73
     85.29      24.26
     87.29      24.29
      89.3      24.07
     91.31      23.99
     93.31      24.01
     95.32      24.05
     97.33      24.35
     99.33      24.51
     101.3       24.5
     103.3      24.32
     105.4      24.18
     107.4      24.37
     109.4      23.93
     111.4      23.91
     113.4      24.18
     115.4      24.07
     117.4      24.25
     119.4      24.26
     121.4      23.98
     123.4      23.18
     125.4      23.81
     127.4      23.57
     129.4      23.49
     131.4      23.99
     133.4      24.43
     135.5      24.63
     137.5       24.6
     139.5      24.71
     141.5       24.7
     143.5       25.3
     145.5       25.4
     147.5      25.15
     149.5      25.12
     151.5      25.27
     153.5      25.81
     155.5      26.12
     157.5      25.95
     159.5      26.28
     161.5      25.95
     163.5      26.27
     165.6       26.3
     167.6      25.78
     169.6       25.6
     171.6       25.5
     173.6      25.14
     175.6      26.07
     177.6      26.34
     179.6      26.33
     181.6      26.16
     183.6      26.64
     185.6      26.84
     187.6      26.89
     189.6      27.06
     191.6      27.52
     193.6      27.05
     195.7      27.28
     197.7      27.59
     199.7      27.24
     201.7      26.94
     203.7      27.34
     205.7      27.26
     207.7      27.28
     209.7       27.3
     211.7      26.83
     213.7      27.15
     215.7      27.57
     217.7      27.54
     219.7      27.64
     221.7      26.87
     223.7      26.78
     225.8      27.25
     227.8      28.92
     229.8      27.85
     231.8      27.48
     233.8      28.09
     235.8      28.12
     237.8      27.94
     239.8      27.76
     241.8      28.07
     243.8      29.02
     245.8       31.3
     247.8      29.06
     249.8      28.23
     251.8      28.66
     253.8      28.01
     255.9       26.6
     257.9      25.71
     259.9      26.27
     261.9      26.57
     263.9      26.62
     265.9      27.14
     267.9      28.18
     269.9      29.76
     271.9       28.8
     273.9      29.84
     275.9      29.83
     277.9      31.65
     279.9      35.52
     281.9      35.52
     283.9      35.52
       286      35.52
       288      35.52
       290      35.52
       292      35.52
       294      35.52
       296      32.27
       298      29.05
       300       30.8
       302      31.26
       304      29.37
       306      28.91
       308      30.98
       310      35.52
       312      35.52
       314      35.52
     316.1      35.52
     318.1      35.52
     320.1      35.52
     322.1      35.52
     324.1      35.52
     326.1      35.52
     328.1      35.52
     330.1      35.52
     332.1      35.52
     334.1      35.52
     336.1      35.52
     338.1      35.52
     340.1      35.52
     342.1      35.52
     344.2      35.52
     346.2      35.52
     348.2      35.52
