     6.972  5.536e-18
     10.92  3.658e-18
     14.86   2.58e-18
      18.8  1.982e-18
     22.75  1.578e-18
     26.69  1.234e-18
     30.64  1.069e-18
     34.58  8.568e-19
     38.53  7.519e-19
     42.47  6.626e-19
     46.41   5.52e-19
     50.36  4.929e-19
      54.3  4.355e-19
     58.25  4.209e-19
     62.19  3.694e-19
     66.14  3.423e-19
     70.08   2.82e-19
     74.02  2.587e-19
     77.97  2.443e-19
     81.91  2.244e-19
     85.86  2.095e-19
      89.8  1.908e-19
     93.75  1.767e-19
     97.69  1.651e-19
     101.6  1.507e-19
     105.6   1.42e-19
     109.5  1.375e-19
     113.5  1.296e-19
     117.4  1.236e-19
     121.4  1.148e-19
     125.3  1.128e-19
     129.2  1.092e-19
     133.2  1.075e-19
     137.1  1.013e-19
     141.1  9.863e-20
       145  1.047e-19
       149  9.381e-20
     152.9  9.231e-20
     156.9  7.949e-20
     160.8  7.907e-20
     164.7  7.534e-20
     168.7  7.661e-20
     172.6  7.034e-20
     176.6  6.622e-20
     180.5   6.37e-20
     184.5      6e-20
     188.4  5.765e-20
     192.4  5.557e-20
     196.3  5.327e-20
     200.2  5.347e-20
     204.2  5.512e-20
     208.1  5.122e-20
     212.1  4.945e-20
       216  4.682e-20
       220  4.922e-20
     223.9  5.049e-20
     227.9  5.013e-20
     231.8  4.644e-20
     235.7   4.46e-20
     239.7  4.338e-20
     243.6  4.296e-20
     247.6   4.51e-20
     251.5  4.204e-20
     255.5  3.932e-20
     259.4  3.689e-20
     263.4  3.394e-20
     267.3  3.203e-20
     271.2  3.107e-20
     275.2   2.91e-20
     279.1   2.94e-20
     283.1  2.961e-20
       287  2.733e-20
       291  2.786e-20
     294.9  2.419e-20
     298.8  2.388e-20
     302.8  2.294e-20
     306.7  2.291e-20
     310.7  2.361e-20
     314.6  2.253e-20
     318.6  2.384e-20
     322.5  2.342e-20
     326.5  2.264e-20
     330.4  2.039e-20
     334.3  1.985e-20
     338.3   1.89e-20
     342.2  2.082e-20
     346.2  2.004e-20
     350.1  1.759e-20
