     6.972      21.16
     10.92      21.61
     14.86      21.99
      18.8      22.27
     22.75      22.52
     26.69      22.79
     30.64      22.94
     34.58      23.18
     38.53      23.33
     42.47      23.46
     46.41      23.66
     50.36      23.78
      54.3      23.92
     58.25      23.96
     62.19       24.1
     66.14      24.18
     70.08      24.39
     74.02      24.48
     77.97      24.55
     81.91      24.64
     85.86      24.71
      89.8      24.81
     93.75       24.9
     97.69      24.97
     101.6      25.07
     105.6      25.14
     109.5      25.17
     113.5      25.23
     117.4      25.29
     121.4      25.37
     125.3      25.39
     129.2      25.42
     133.2      25.44
     137.1       25.5
     141.1      25.53
       145      25.47
       149      25.59
     152.9       25.6
     156.9      25.77
     160.8      25.77
     164.7      25.82
     168.7      25.81
     172.6       25.9
     176.6      25.96
     180.5      26.01
     184.5      26.07
     188.4      26.11
     192.4      26.15
     196.3       26.2
     200.2       26.2
     204.2      26.16
     208.1      26.24
     212.1      26.28
       216      26.34
       220      26.29
     223.9      26.26
     227.9      26.27
     231.8      26.35
     235.7      26.39
     239.7      26.42
     243.6      26.43
     247.6      26.38
     251.5      26.46
     255.5      26.53
     259.4       26.6
     263.4      26.69
     267.3      26.75
     271.2      26.79
     275.2      26.86
     279.1      26.85
     283.1      26.84
       287      26.92
       291       26.9
     294.9      27.06
     298.8      27.07
     302.8      27.11
     306.7      27.12
     310.7      27.08
     314.6      27.13
     318.6      27.07
     322.5      27.09
     326.5      27.13
     330.4      27.24
     334.3      27.27
     338.3      27.32
     342.2      27.22
     346.2      27.26
     350.1       27.4
