     3.017  1.279e+09
     5.029  1.857e+08
      7.04  6.556e+07
     9.051  5.103e+07
     11.06  4.778e+07
     13.07  3.078e+07
     15.09  2.679e+07
      17.1  2.716e+07
     19.11  2.052e+07
     21.12  1.955e+07
     23.13  2.142e+07
     25.14  1.826e+07
     27.15  1.941e+07
     29.17  2.334e+07
     31.18  2.352e+07
     33.19  2.296e+07
      35.2  1.801e+07
     37.21   1.66e+07
     39.22  1.383e+07
     41.23  1.206e+07
     43.25  1.057e+07
     45.26  1.111e+07
     47.27  1.115e+07
     49.28  1.015e+07
     51.29  8.069e+06
      53.3  6.382e+06
     55.31  3.416e+06
     57.33  4.018e+06
     59.34  3.248e+06
     61.35  2.602e+06
     63.36  2.728e+06
     65.37   2.61e+06
     67.38  2.468e+06
     69.39  2.301e+06
     71.41  1.673e+06
     73.42  1.519e+06
     75.43  1.393e+06
     77.44  1.653e+06
     79.45  1.349e+06
     81.46  1.249e+06
     83.47  1.332e+06
     85.49  1.275e+06
      87.5  1.281e+06
     89.51  1.337e+06
     91.52  2.125e+06
     93.53  1.758e+06
     95.54  2.789e+06
     97.55  1.611e+06
     99.57  1.617e+06
     101.6  1.317e+06
     103.6   1.78e+06
     105.6   1.92e+06
     107.6  1.348e+06
     109.6  1.247e+06
     111.6  1.754e+06
     113.6  1.032e+06
     115.7   1.58e+06
     117.7  1.643e+06
     119.7  1.904e+06
     121.7  1.599e+06
     123.7  1.685e+06
     125.7   1.89e+06
     127.7  1.506e+06
     129.7  1.654e+06
     131.7  1.523e+06
     133.8  1.214e+06
     135.8  1.157e+06
     137.8  1.194e+06
     139.8  8.441e+05
     141.8  1.049e+06
     143.8  6.107e+05
     145.8  5.796e+05
     147.8   4.55e+05
     149.9  8.189e+05
     151.9  5.691e+05
     153.9   4.69e+05
     155.9  4.055e+05
     157.9  4.576e+05
     159.9  2.521e+05
     161.9  2.687e+05
     163.9  4.214e+05
     165.9   3.25e+05
       168  3.819e+05
       170  3.549e+05
       172  3.154e+05
       174  1.634e+05
       176  1.343e+05
       178   2.42e+05
       180   2.19e+05
       182  2.101e+05
       184  1.914e+05
     186.1  1.515e+05
     188.1  9.177e+04
     190.1  1.075e+05
     192.1  7.256e+04
     194.1  9.866e+04
     196.1  1.015e+05
     198.1  9.803e+04
     200.1  3.329e+04
     202.1  1.683e+05
     204.2  7.945e+04
     206.2  1.122e+05
     208.2  7.953e+04
     210.2  7.714e+04
     212.2  1.483e+05
     214.2  1.161e+05
     216.2  3.143e+04
     218.2  6.511e+04
     220.3  8.751e+04
     222.3  7.197e+04
     224.3  1.459e+05
     226.3  8.485e+04
     228.3  1.338e+04
     230.3  3.997e+04
     232.3  8.223e+04
     234.3  5.301e+04
     236.3   3.93e+04
     238.4  5.224e+04
     240.4  5.152e+04
     242.4  7.637e+04
     244.4  3.658e+04
     246.4          0
     248.4          0
     250.4  3.971e+04
     252.4          0
     254.4  6.128e+04
     256.5  2.682e+04
     258.5  7.277e+04
     260.5  1.447e+04
     262.5  1.439e+04
     264.5  5.313e+04
     266.5  2.593e+04
     268.5  1.273e+04
     270.5          0
     272.5  1.088e+04
     274.6  1.104e+04
     276.6  1.115e+04
     278.6          0
     280.6          0
     282.6          0
     284.6          0
     286.6          0
     288.6          0
     290.7          0
     292.7          0
     294.7          0
     296.7          0
     298.7       9925
     300.7          0
     302.7          0
     304.7          0
     306.7  1.001e+04
     308.8          0
     310.8          0
     312.8          0
     314.8          0
     316.8          0
     318.8          0
     320.8          0
     322.8          0
     324.8          0
     326.9          0
     328.9          0
     330.9          0
     332.9          0
     334.9          0
     336.9          0
     338.9          0
     340.9          0
     342.9          0
       345          0
       347          0
       349          0
       351          0
