     1.006  2.468e-16
     3.017  3.875e-17
     5.029  1.318e-17
      7.04  7.537e-18
     9.051  7.231e-18
     11.06  6.024e-18
     13.07  4.652e-18
     15.09   4.32e-18
      17.1  3.629e-18
     19.11  3.007e-18
     21.12  3.416e-18
     23.13  3.295e-18
     25.14  3.324e-18
     27.15  3.656e-18
     29.17  4.751e-18
     31.18  3.942e-18
     33.19  3.798e-18
      35.2  2.849e-18
     37.21  2.417e-18
     39.22   1.95e-18
     41.23  1.797e-18
     43.25  1.775e-18
     45.26  1.683e-18
     47.27  1.473e-18
     49.28   1.35e-18
     51.29  1.272e-18
      53.3  9.413e-19
     55.31  6.878e-19
     57.33  6.242e-19
     59.34  5.634e-19
     61.35  4.601e-19
     63.36   5.22e-19
     65.37  5.215e-19
     67.38  4.344e-19
     69.39  3.294e-19
     71.41  2.882e-19
     73.42  2.977e-19
     75.43  3.363e-19
     77.44  3.562e-19
     79.45  2.546e-19
     81.46  3.103e-19
     83.47  2.837e-19
     85.49  2.771e-19
      87.5  2.991e-19
     89.51  3.831e-19
     91.52  4.073e-19
     93.53  4.294e-19
     95.54  3.648e-19
     97.55  2.781e-19
     99.57  2.375e-19
     101.6  2.573e-19
     103.6   3.32e-19
     105.6  3.028e-19
     107.6  2.515e-19
     109.6  3.626e-19
     111.6  2.825e-19
     113.6  3.614e-19
     115.7  3.108e-19
     117.7  3.186e-19
     119.7  3.344e-19
     121.7  5.295e-19
     123.7  7.447e-19
     125.7   5.12e-19
     127.7  4.014e-19
     129.7  5.888e-19
     131.7  3.108e-19
     133.8  2.376e-19
     135.8  2.636e-19
     137.8  2.111e-19
     139.8  2.137e-19
     141.8  1.695e-19
     143.8  9.892e-20
     145.8  9.823e-20
     147.8  1.214e-19
     149.9  1.494e-19
     151.9  1.157e-19
     153.9  6.946e-20
     155.9  6.568e-20
     157.9  6.997e-20
     159.9  5.382e-20
     161.9  5.701e-20
     163.9  4.537e-20
     165.9  4.705e-20
       168  8.621e-20
       170  7.101e-20
       172  5.696e-20
       174  6.377e-20
       176  3.873e-20
       178  4.956e-20
       180  5.569e-20
       182  3.961e-20
       184  4.162e-20
     186.1  2.886e-20
     188.1  2.682e-20
     190.1  1.928e-20
     192.1  2.132e-20
     194.1  2.317e-20
     196.1  1.666e-20
     198.1   1.83e-20
     200.1  2.779e-20
     202.1  2.563e-20
     204.2  1.498e-20
     206.2  2.024e-20
     208.2  1.953e-20
     210.2  2.188e-20
     212.2  2.732e-20
     214.2  2.137e-20
     216.2  1.511e-20
     218.2  1.708e-20
     220.3  1.622e-20
     222.3  2.904e-20
     224.3  3.269e-20
     226.3  1.021e-20
     228.3  5.072e-21
     230.3  1.109e-20
     232.3  1.559e-20
     234.3  1.193e-20
     236.3  6.506e-21
     238.4  1.397e-20
     240.4  1.155e-20
     242.4  7.179e-21
     244.4  3.668e-21
     246.4   8.86e-22
     248.4  5.776e-21
     250.4  6.002e-21
     252.4  5.307e-21
     254.4  1.473e-20
     256.5  2.161e-20
     258.5  2.071e-20
     260.5  2.032e-20
     262.5  3.535e-20
     264.5  2.768e-20
     266.5  1.554e-20
     268.5  7.861e-21
     270.5  2.039e-21
     272.5   3.58e-21
     274.6  4.143e-21
     276.6  7.706e-22
     278.6  6.233e-23
     280.6      1e-23
     282.6      1e-23
     284.6      1e-23
     286.6      1e-23
     288.6      1e-23
     290.7      1e-23
     292.7      1e-23
     294.7  1.263e-23
     296.7  9.969e-22
     298.7  3.335e-21
     300.7  2.994e-22
     302.7  1.005e-21
     304.7  4.817e-21
     306.7  1.431e-21
     308.8  9.402e-23
     310.8      1e-23
     312.8      1e-23
     314.8      1e-23
     316.8      1e-23
     318.8      1e-23
     320.8      1e-23
     322.8      1e-23
     324.8      1e-23
     326.9      1e-23
     328.9      1e-23
     330.9      1e-23
     332.9      1e-23
     334.9      1e-23
     336.9      1e-23
     338.9      1e-23
     340.9      1e-23
     342.9      1e-23
       345      1e-23
       347      1e-23
       349      1e-23
       351      1e-23
