     1.006  2.526e+10
     3.017  7.403e+10
     5.029  8.583e+10
      7.04  9.167e+10
     9.051   9.75e+10
     11.06  1.042e+11
     13.07  1.093e+11
     15.09  1.144e+11
      17.1  1.202e+11
     19.11  1.252e+11
     21.12  1.304e+11
     23.13  1.367e+11
     25.14  1.425e+11
     27.15  1.492e+11
     29.17  1.578e+11
     31.18   1.67e+11
     33.19  1.767e+11
      35.2  1.847e+11
     37.21  1.925e+11
     39.22  1.993e+11
     41.23  2.056e+11
     43.25  2.114e+11
     45.26  2.177e+11
     47.27  2.244e+11
     49.28  2.307e+11
     51.29   2.36e+11
      53.3  2.403e+11
     55.31  2.426e+11
     57.33  2.456e+11
     59.34   2.48e+11
     61.35    2.5e+11
     63.36  2.522e+11
     65.37  2.543e+11
     67.38  2.564e+11
     69.39  2.585e+11
     71.41    2.6e+11
     73.42  2.614e+11
     75.43  2.627e+11
     77.44  2.643e+11
     79.45  2.657e+11
     81.46   2.67e+11
     83.47  2.684e+11
     85.49  2.698e+11
      87.5  2.712e+11
     89.51  2.727e+11
     91.52  2.751e+11
     93.53  2.772e+11
     95.54  2.806e+11
     97.55  2.826e+11
     99.57  2.846e+11
     101.6  2.863e+11
     103.6  2.886e+11
     105.6  2.912e+11
     107.6   2.93e+11
     109.6  2.948e+11
     111.6  2.972e+11
     113.6  2.987e+11
     115.7   3.01e+11
     117.7  3.035e+11
     119.7  3.063e+11
     121.7  3.088e+11
     123.7  3.114e+11
     125.7  3.144e+11
     127.7  3.169e+11
     129.7  3.196e+11
     131.7  3.221e+11
     133.8  3.242e+11
     135.8  3.262e+11
     137.8  3.282e+11
     139.8  3.297e+11
     141.8  3.316e+11
     143.8  3.327e+11
     145.8  3.338e+11
     147.8  3.346e+11
     149.9  3.362e+11
     151.9  3.373e+11
     153.9  3.382e+11
     155.9   3.39e+11
     157.9  3.399e+11
     159.9  3.404e+11
     161.9   3.41e+11
     163.9  3.418e+11
     165.9  3.425e+11
       168  3.433e+11
       170  3.441e+11
       172  3.448e+11
       174  3.451e+11
       176  3.454e+11
       178   3.46e+11
       180  3.465e+11
       182   3.47e+11
       184  3.474e+11
     186.1  3.478e+11
     188.1   3.48e+11
     190.1  3.482e+11
     192.1  3.484e+11
     194.1  3.487e+11
     196.1  3.489e+11
     198.1  3.492e+11
     200.1  3.492e+11
     202.1  3.497e+11
     204.2  3.499e+11
     206.2  3.502e+11
     208.2  3.504e+11
     210.2  3.506e+11
     212.2   3.51e+11
     214.2  3.513e+11
     216.2  3.514e+11
     218.2  3.516e+11
     220.3  3.518e+11
     222.3   3.52e+11
     224.3  3.524e+11
     226.3  3.527e+11
     228.3  3.527e+11
     230.3  3.528e+11
     232.3  3.531e+11
     234.3  3.532e+11
     236.3  3.533e+11
     238.4  3.535e+11
     240.4  3.536e+11
     242.4  3.539e+11
     244.4   3.54e+11
     246.4   3.54e+11
     248.4   3.54e+11
     250.4  3.541e+11
     252.4  3.541e+11
     254.4  3.543e+11
     256.5  3.544e+11
     258.5  3.546e+11
     260.5  3.547e+11
     262.5  3.547e+11
     264.5  3.549e+11
     266.5   3.55e+11
     268.5   3.55e+11
     270.5   3.55e+11
     272.5  3.551e+11
     274.6  3.551e+11
     276.6  3.552e+11
     278.6  3.552e+11
     280.6  3.552e+11
     282.6  3.552e+11
     284.6  3.552e+11
     286.6  3.552e+11
     288.6  3.552e+11
     290.7  3.552e+11
     292.7  3.552e+11
     294.7  3.552e+11
     296.7  3.552e+11
     298.7  3.552e+11
     300.7  3.552e+11
     302.7  3.552e+11
     304.7  3.552e+11
     306.7  3.552e+11
     308.8  3.552e+11
     310.8  3.552e+11
     312.8  3.552e+11
     314.8  3.552e+11
     316.8  3.552e+11
     318.8  3.552e+11
     320.8  3.552e+11
     322.8  3.552e+11
     324.8  3.552e+11
     326.9  3.552e+11
     328.9  3.552e+11
     330.9  3.552e+11
     332.9  3.552e+11
     334.9  3.552e+11
     336.9  3.552e+11
     338.9  3.552e+11
     340.9  3.552e+11
     342.9  3.552e+11
       345  3.552e+11
       347  3.552e+11
       349  3.552e+11
       351  3.552e+11
