     1.006      17.04
     3.017      19.05
     5.029      20.22
      7.04      20.82
     9.051      20.87
     11.06      21.07
     13.07      21.35
     15.09      21.43
      17.1      21.62
     19.11      21.82
     21.12      21.68
     23.13      21.72
     25.14      21.71
     27.15      21.61
     29.17      21.32
     31.18      21.53
     33.19      21.57
      35.2      21.88
     37.21      22.06
     39.22      22.29
     41.23      22.38
     43.25      22.39
     45.26      22.45
     47.27       22.6
     49.28      22.69
     51.29      22.76
      53.3      23.08
     55.31      23.42
     57.33      23.53
     59.34      23.64
     61.35      23.86
     63.36      23.72
     65.37      23.72
     67.38      23.92
     69.39      24.22
     71.41      24.37
     73.42      24.33
     75.43       24.2
     77.44      24.14
     79.45       24.5
     81.46      24.29
     83.47      24.38
     85.49      24.41
      87.5      24.33
     89.51      24.06
     91.52      23.99
     93.53      23.93
     95.54      24.11
     97.55      24.41
     99.57      24.58
     101.6      24.49
     103.6      24.21
     105.6      24.31
     107.6      24.51
     109.6      24.12
     111.6      24.39
     113.6      24.12
     115.7      24.28
     117.7      24.26
     119.7      24.21
     121.7      23.71
     123.7      23.34
     125.7      23.74
     127.7      24.01
     129.7      23.59
     131.7      24.28
     133.8      24.58
     135.8      24.46
     137.8      24.71
     139.8      24.69
     141.8      24.94
     143.8      25.53
     145.8      25.54
     147.8      25.31
     149.9      25.08
     151.9      25.36
     153.9      25.91
     155.9      25.97
     157.9       25.9
     159.9      26.19
     161.9      26.13
     163.9      26.37
     165.9      26.33
       168      25.68
       170      25.89
       172      26.13
       174         26
       176      26.55
       178      26.28
       180      26.15
       182      26.52
       184      26.47
     186.1      26.87
     188.1      26.95
     190.1       27.3
     192.1      27.19
     194.1       27.1
     196.1      27.46
     198.1      27.36
     200.1      26.91
     202.1      26.99
     204.2      27.58
     206.2      27.25
     208.2      27.29
     210.2      27.17
     212.2      26.92
     214.2      27.19
     216.2      27.57
     218.2      27.44
     220.3      27.49
     222.3      26.86
     224.3      26.73
     226.3      27.99
     228.3      28.75
     230.3       27.9
     232.3      27.53
     234.3      27.82
     236.3      28.48
     238.4      27.65
     240.4      27.86
     242.4      28.38
     244.4      29.11
     246.4      30.65
     248.4      28.61
     250.4      28.57
     252.4       28.7
     254.4       27.6
     256.5      27.18
     258.5      27.23
     260.5      27.25
     262.5      26.65
     264.5      26.91
     266.5      27.54
     268.5      28.28
     270.5      29.74
     272.5      29.13
     274.6      28.97
     276.6       30.8
     278.6      33.53
     280.6      35.52
     282.6      35.52
     284.6      35.52
     286.6      35.52
     288.6      35.52
     290.7      35.52
     292.7      35.52
     294.7      35.26
     296.7      30.52
     298.7      29.21
     300.7      31.83
     302.7      30.51
     304.7      28.81
     306.7      30.13
     308.8      33.08
     310.8      35.52
     312.8      35.52
     314.8      35.52
     316.8      35.52
     318.8      35.52
     320.8      35.52
     322.8      35.52
     324.8      35.52
     326.9      35.52
     328.9      35.52
     330.9      35.52
     332.9      35.52
     334.9      35.52
     336.9      35.52
     338.9      35.52
     340.9      35.52
     342.9      35.52
       345      35.52
       347      35.52
       349      35.52
       351      35.52
