     3.011  7.081e+08
     5.018  1.721e+08
     7.025  8.748e+07
     9.032  6.213e+07
     11.04  4.366e+07
     13.05  3.391e+07
     15.05  2.016e+07
     17.06  2.093e+07
     19.07  1.648e+07
     21.07   1.39e+07
     23.08  1.034e+07
     25.09  1.516e+07
      27.1  8.195e+06
      29.1  8.325e+06
     31.11   7.53e+06
     33.12  7.703e+06
     35.12  5.833e+06
     37.13  6.422e+06
     39.14  4.072e+06
     41.15  3.761e+06
     43.15  3.815e+06
     45.16  4.116e+06
     47.17  3.761e+06
     49.17  5.056e+06
     51.18  3.246e+06
     53.19   2.39e+06
      55.2  1.934e+06
      57.2  2.066e+06
     59.21  1.214e+06
     61.22  2.004e+06
     63.22  1.703e+06
     65.23  1.801e+06
     67.24  1.515e+06
     69.25  8.952e+05
     71.25  9.526e+05
     73.26  1.664e+06
     75.27  2.118e+06
     77.27  2.231e+06
     79.28  1.303e+06
     81.29  5.892e+05
     83.29  4.804e+05
      85.3  6.027e+05
     87.31  4.621e+05
     89.32  5.353e+05
     91.32   6.26e+05
     93.33  5.533e+05
     95.34  5.655e+05
     97.34  5.703e+05
     99.35  3.075e+05
     101.4  3.304e+05
     103.4  3.093e+05
     105.4  3.967e+05
     107.4  2.295e+05
     109.4  3.242e+05
     111.4  3.797e+05
     113.4  1.275e+05
     115.4  1.829e+05
     117.4  2.138e+05
     119.4  1.024e+05
     121.4  7.418e+04
     123.4  7.723e+04
     125.4  1.599e+05
     127.5  2.315e+05
     129.5  2.437e+05
     131.5  2.229e+05
     133.5  9.146e+04
     135.5  2.697e+04
     137.5  2.264e+04
     139.5  2.147e+04
     141.5  2.442e+04
     143.5          0
     145.5          0
     147.5          0
     149.5  1.975e+04
     151.5          0
     153.5          0
     155.6          0
     157.6  2.111e+04
     159.6  1.864e+04
     161.6  1.882e+04
     163.6          0
     165.6  1.824e+04
     167.6          0
     169.6          0
     171.6  1.761e+04
     173.6          0
     175.6          0
     177.6          0
     179.6          0
     181.6          0
     183.7          0
     185.7          0
     187.7          0
     189.7          0
     191.7          0
     193.7  1.789e+04
     195.7          0
     197.7          0
     199.7  1.725e+04
     201.7          0
     203.7          0
     205.7          0
     207.7          0
     209.7          0
     211.7  1.615e+04
     213.8  1.532e+04
     215.8          0
     217.8          0
     219.8          0
     221.8          0
     223.8          0
     225.8          0
     227.8  2.856e+04
     229.8          0
     231.8          0
     233.8  1.356e+04
     235.8  1.442e+04
     237.8          0
     239.8          0
     241.9          0
     243.9          0
     245.9          0
     247.9  1.334e+04
     249.9          0
     251.9          0
     253.9          0
     255.9          0
     257.9          0
     259.9          0
     261.9          0
     263.9          0
     265.9          0
     267.9          0
       270          0
       272          0
       274          0
       276          0
       278          0
       280          0
       282          0
       284          0
       286          0
       288          0
       290          0
       292          0
       294          0
       296          0
     298.1          0
     300.1          0
     302.1          0
     304.1          0
     306.1          0
     308.1          0
     310.1          0
     312.1          0
     314.1          0
     316.1          0
     318.1          0
     320.1          0
     322.1          0
     324.1          0
     326.2          0
     328.2          0
