     1.004  7.308e-16
     3.011  5.189e-17
     5.018  2.112e-17
     7.025  1.377e-17
     9.032  1.314e-17
     11.04  9.553e-18
     13.05   6.58e-18
     15.05  4.154e-18
     17.06  3.467e-18
     19.07  2.581e-18
     21.07  1.515e-18
     23.08   1.62e-18
     25.09   1.45e-18
      27.1  1.158e-18
      29.1  1.124e-18
     31.11  1.213e-18
     33.12      1e-18
     35.12  1.146e-18
     37.13  9.986e-19
     39.14    7.1e-19
     41.15  5.909e-19
     43.15  8.386e-19
     45.16  8.065e-19
     47.17  1.252e-18
     49.17  1.811e-18
     51.18  8.262e-19
     53.19  4.075e-19
      55.2  4.096e-19
      57.2  3.424e-19
     59.21  3.177e-19
     61.22  4.262e-19
     63.22  5.407e-19
     65.23  4.694e-19
     67.24  2.514e-19
     69.25  1.494e-19
     71.25  1.946e-19
     73.26   2.66e-19
     75.27  2.697e-19
     77.27  2.425e-19
     79.28  1.355e-19
     81.29  8.277e-20
     83.29  8.422e-20
      85.3  6.783e-20
     87.31  6.879e-20
     89.32   8.22e-20
     91.32  8.115e-20
     93.33    7.4e-20
     95.34  7.593e-20
     97.34  5.131e-20
     99.35  4.365e-20
     101.4  5.007e-20
     103.4  5.508e-20
     105.4  4.443e-20
     107.4  4.144e-20
     109.4  3.289e-20
     111.4  3.943e-20
     113.4  2.252e-20
     115.4  3.398e-20
     117.4  1.455e-20
     119.4  1.204e-20
     121.4  9.689e-21
     123.4  3.403e-20
     125.4  5.584e-20
     127.5  5.575e-20
     129.5  5.332e-20
     131.5  3.537e-20
     133.5  1.254e-20
     135.5  7.137e-21
     137.5  3.076e-21
     139.5  5.895e-21
     141.5  5.622e-21
     143.5  1.576e-22
     145.5  3.464e-23
     147.5  1.031e-21
     149.5  1.016e-21
     151.5  4.081e-23
     153.5  1.007e-22
     155.6  5.003e-21
     157.6  2.813e-21
     159.6  1.595e-21
     161.6  1.193e-21
     163.6  4.107e-22
     165.6  1.795e-21
     167.6   3.41e-22
     169.6  1.362e-21
     171.6  1.077e-21
     173.6  2.516e-23
     175.6      1e-23
     177.6      1e-23
     179.6      1e-23
     181.6      1e-23
     183.7      1e-23
     185.7      1e-23
     187.7      1e-23
     189.7  7.927e-23
     191.7  1.259e-21
     193.7  5.229e-21
     195.7  2.562e-22
     197.7  4.949e-22
     199.7  5.596e-21
     201.7  6.983e-22
     203.7  1.372e-23
     205.7      1e-23
     207.7  1.243e-22
     209.7   4.74e-21
     211.7  3.022e-21
     213.8  1.905e-21
     215.8  1.588e-23
     217.8      1e-23
     219.8      1e-23
     221.8      1e-23
     223.8  6.301e-23
     225.8  4.271e-21
     227.8  2.834e-21
     229.8  1.762e-22
     231.8   1.01e-21
     233.8  5.783e-21
     235.8  1.359e-21
     237.8  1.312e-23
     239.8      1e-23
     241.9      1e-23
     243.9   1.01e-22
     245.9   1.26e-21
     247.9   3.97e-21
     249.9  1.376e-22
     251.9      1e-23
     253.9      1e-23
     255.9      1e-23
     257.9      1e-23
     259.9      1e-23
     261.9      1e-23
     263.9      1e-23
     265.9      1e-23
     267.9      1e-23
       270      1e-23
       272      1e-23
       274      1e-23
       276      1e-23
       278      1e-23
       280      1e-23
       282      1e-23
       284      1e-23
       286      1e-23
       288      1e-23
       290      1e-23
       292      1e-23
       294      1e-23
       296      1e-23
     298.1      1e-23
     300.1      1e-23
     302.1      1e-23
     304.1      1e-23
     306.1      1e-23
     308.1      1e-23
     310.1      1e-23
     312.1      1e-23
     314.1      1e-23
     316.1      1e-23
     318.1      1e-23
     320.1      1e-23
     322.1      1e-23
     324.1      1e-23
     326.2      1e-23
     328.2      1e-23
