     1.004  1.952e+10
     3.011   4.64e+10
     5.018  5.729e+10
     7.025  6.504e+10
     9.032  7.212e+10
     11.04   7.82e+10
     13.05  8.378e+10
     15.05   8.76e+10
     17.06  9.211e+10
     19.07  9.607e+10
     21.07  9.976e+10
     23.08  1.028e+11
     25.09  1.076e+11
      27.1  1.104e+11
      29.1  1.134e+11
     31.11  1.164e+11
     33.12  1.196e+11
     35.12  1.222e+11
     37.13  1.252e+11
     39.14  1.272e+11
     41.15  1.291e+11
     43.15  1.312e+11
     45.16  1.336e+11
     47.17  1.358e+11
     49.17  1.389e+11
     51.18   1.41e+11
     53.19  1.426e+11
      55.2   1.44e+11
      57.2  1.455e+11
     59.21  1.464e+11
     61.22  1.479e+11
     63.22  1.493e+11
     65.23  1.508e+11
     67.24  1.521e+11
     69.25  1.528e+11
     71.25  1.537e+11
     73.26  1.552e+11
     75.27  1.572e+11
     77.27  1.594e+11
     79.28  1.607e+11
     81.29  1.613e+11
     83.29  1.618e+11
      85.3  1.625e+11
     87.31   1.63e+11
     89.32  1.636e+11
     91.32  1.643e+11
     93.33   1.65e+11
     95.34  1.656e+11
     97.34  1.663e+11
     99.35  1.667e+11
     101.4  1.671e+11
     103.4  1.675e+11
     105.4  1.681e+11
     107.4  1.684e+11
     109.4  1.688e+11
     111.4  1.694e+11
     113.4  1.695e+11
     115.4  1.698e+11
     117.4  1.701e+11
     119.4  1.703e+11
     121.4  1.704e+11
     123.4  1.705e+11
     125.4  1.708e+11
     127.5  1.711e+11
     129.5  1.715e+11
     131.5  1.719e+11
     133.5  1.721e+11
     135.5  1.721e+11
     137.5  1.722e+11
     139.5  1.722e+11
     141.5  1.722e+11
     143.5  1.722e+11
     145.5  1.722e+11
     147.5  1.722e+11
     149.5  1.723e+11
     151.5  1.723e+11
     153.5  1.723e+11
     155.6  1.723e+11
     157.6  1.723e+11
     159.6  1.723e+11
     161.6  1.724e+11
     163.6  1.724e+11
     165.6  1.724e+11
     167.6  1.724e+11
     169.6  1.724e+11
     171.6  1.725e+11
     173.6  1.725e+11
     175.6  1.725e+11
     177.6  1.725e+11
     179.6  1.725e+11
     181.6  1.725e+11
     183.7  1.725e+11
     185.7  1.725e+11
     187.7  1.725e+11
     189.7  1.725e+11
     191.7  1.725e+11
     193.7  1.725e+11
     195.7  1.725e+11
     197.7  1.725e+11
     199.7  1.726e+11
     201.7  1.726e+11
     203.7  1.726e+11
     205.7  1.726e+11
     207.7  1.726e+11
     209.7  1.726e+11
     211.7  1.726e+11
     213.8  1.726e+11
     215.8  1.726e+11
     217.8  1.726e+11
     219.8  1.726e+11
     221.8  1.726e+11
     223.8  1.726e+11
     225.8  1.726e+11
     227.8  1.727e+11
     229.8  1.727e+11
     231.8  1.727e+11
     233.8  1.728e+11
     235.8  1.728e+11
     237.8  1.728e+11
     239.8  1.728e+11
     241.9  1.728e+11
     243.9  1.728e+11
     245.9  1.728e+11
     247.9  1.728e+11
     249.9  1.728e+11
     251.9  1.728e+11
     253.9  1.728e+11
     255.9  1.728e+11
     257.9  1.728e+11
     259.9  1.728e+11
     261.9  1.728e+11
     263.9  1.728e+11
     265.9  1.728e+11
     267.9  1.728e+11
       270  1.728e+11
       272  1.728e+11
       274  1.728e+11
       276  1.728e+11
       278  1.728e+11
       280  1.728e+11
       282  1.728e+11
       284  1.728e+11
       286  1.728e+11
       288  1.728e+11
       290  1.728e+11
       292  1.728e+11
       294  1.728e+11
       296  1.728e+11
     298.1  1.728e+11
     300.1  1.728e+11
     302.1  1.728e+11
     304.1  1.728e+11
     306.1  1.728e+11
     308.1  1.728e+11
     310.1  1.728e+11
     312.1  1.728e+11
     314.1  1.728e+11
     316.1  1.728e+11
     318.1  1.728e+11
     320.1  1.728e+11
     322.1  1.728e+11
     324.1  1.728e+11
     326.2  1.728e+11
     328.2  1.728e+11
