     1.004      15.86
     3.011      18.73
     5.018       19.7
     7.025      20.17
     9.032      20.22
     11.04      20.57
     13.05      20.97
     15.05      21.47
     17.06      21.67
     19.07      21.99
     21.07      22.57
     23.08      22.49
     25.09      22.61
      27.1      22.86
      29.1      22.89
     31.11      22.81
     33.12      23.02
     35.12      22.87
     37.13      23.02
     39.14      23.39
     41.15      23.59
     43.15      23.21
     45.16      23.25
     47.17      22.77
     49.17      22.37
     51.18      23.22
     53.19      23.99
      55.2      23.99
      57.2      24.18
     59.21      24.26
     61.22      23.94
     63.22      23.68
     65.23      23.84
     67.24      24.52
     69.25      25.08
     71.25      24.79
     73.26      24.45
     75.27      24.44
     77.27      24.55
     79.28      25.19
     81.29      25.72
     83.29       25.7
      85.3      25.94
     87.31      25.92
     89.32      25.73
     91.32      25.74
     93.33      25.84
     95.34      25.82
     97.34      26.24
     99.35      26.42
     101.4      26.27
     103.4      26.16
     105.4       26.4
     107.4      26.47
     109.4      26.72
     111.4      26.53
     113.4      27.13
     115.4      26.69
     117.4      27.61
     119.4      27.81
     121.4      28.05
     123.4      26.69
     125.4      26.15
     127.5      26.15
     129.5       26.2
     131.5      26.64
     133.5      27.77
     135.5      28.38
     137.5       29.3
     139.5      28.59
     141.5      28.64
     143.5      32.52
     145.5      34.17
     147.5      30.48
     149.5       30.5
     151.5      33.99
     153.5      33.01
     155.6      28.77
     157.6      29.39
     159.6      30.01
     161.6      30.32
     163.6      31.48
     165.6      29.88
     167.6      31.68
     169.6      30.18
     171.6      30.44
     173.6      34.51
     175.6      35.52
     177.6      35.52
     179.6      35.52
     181.6      35.52
     183.7      35.52
     185.7      35.52
     187.7      35.52
     189.7      33.27
     191.7      30.27
     193.7      28.72
     195.7      31.99
     197.7      31.28
     199.7      28.65
     201.7      30.91
     203.7      35.17
     205.7      35.52
     207.7      32.78
     209.7      28.83
     211.7      29.32
     213.8      29.82
     215.8      35.01
     217.8      35.52
     219.8      35.52
     221.8      35.52
     223.8      33.52
     225.8      28.94
     227.8      29.39
     229.8       32.4
     231.8      30.51
     233.8      28.61
     235.8      30.18
     237.8      35.22
     239.8      35.52
     241.9      35.52
     243.9      33.01
     245.9      30.27
     247.9      29.02
     249.9      32.67
     251.9      35.52
     253.9      35.52
     255.9      35.52
     257.9      35.52
     259.9      35.52
     261.9      35.52
     263.9      35.52
     265.9      35.52
     267.9      35.52
       270      35.52
       272      35.52
       274      35.52
       276      35.52
       278      35.52
       280      35.52
       282      35.52
       284      35.52
       286      35.52
       288      35.52
       290      35.52
       292      35.52
       294      35.52
       296      35.52
     298.1      35.52
     300.1      35.52
     302.1      35.52
     304.1      35.52
     306.1      35.52
     308.1      35.52
     310.1      35.52
     312.1      35.52
     314.1      35.52
     316.1      35.52
     318.1      35.52
     320.1      35.52
     322.1      35.52
     324.1      35.52
     326.2      35.52
     328.2      35.52
