     3.014  1.276e+09
     5.024  3.449e+08
     7.033  1.125e+08
     9.042  5.733e+07
     11.05  3.707e+07
     13.06  3.859e+07
     15.07  3.235e+07
     17.08  1.999e+07
     19.09    1.4e+07
      21.1   1.36e+07
     23.11  1.075e+07
     25.12  6.419e+06
     27.13  6.696e+06
     29.14  7.551e+06
     31.15  7.362e+06
     33.16  6.329e+06
     35.16  4.104e+06
     37.17  5.049e+06
     39.18  3.675e+06
     41.19  3.762e+06
      43.2  2.365e+06
     45.21  1.485e+06
     47.22  1.771e+06
     49.23  1.373e+06
     51.24  1.078e+06
     53.25  9.262e+05
     55.26  6.321e+05
     57.27  6.445e+05
     59.28  4.186e+05
     61.29  5.154e+05
      63.3  1.012e+06
     65.31  7.357e+05
     67.32  8.276e+05
     69.32  9.321e+05
     71.33   1.79e+06
     73.34  2.229e+06
     75.35  1.384e+06
     77.36  1.349e+06
     79.37  9.547e+05
     81.38  7.822e+05
     83.39  4.082e+05
      85.4  4.381e+05
     87.41  5.478e+05
     89.42  5.585e+05
     91.43  3.941e+05
     93.44  4.138e+05
     95.45  4.641e+05
     97.46  2.613e+05
     99.47  3.183e+05
     101.5  3.073e+05
     103.5  1.508e+05
     105.5  2.124e+05
     107.5  2.343e+05
     109.5  8.545e+04
     111.5  8.304e+04
     113.5  2.173e+05
     115.5  1.352e+05
     117.6  1.305e+05
     119.6  1.862e+05
     121.6  7.691e+04
     123.6  7.353e+04
     125.6   1.33e+05
     127.6      1e+05
     129.6  1.204e+05
     131.6   9.66e+04
     133.6  7.005e+04
     135.6  4.578e+04
     137.6  2.981e+04
     139.7          0
     141.7          0
     143.7          0
     145.7  2.058e+04
     147.7  2.065e+04
     149.7  9.009e+04
     151.7  5.997e+04
     153.7  1.976e+04
     155.7  3.851e+04
     157.7  1.899e+04
     159.7  1.861e+04
     161.8          0
     163.8  3.828e+04
     165.8  3.732e+04
     167.8          0
     169.8  1.853e+04
     171.8          0
     173.8          0
     175.8          0
     177.8  1.685e+04
     179.8          0
     181.9  1.766e+04
     183.9   3.53e+04
     185.9          0
     187.9  1.734e+04
     189.9  1.666e+04
     191.9  1.668e+04
     193.9          0
     195.9          0
     197.9  1.601e+04
     199.9          0
     201.9          0
       204          0
       206          0
       208          0
       210          0
       212          0
       214          0
       216  2.831e+04
       218          0
       220          0
       222          0
       224          0
     226.1          0
     228.1          0
     230.1          0
     232.1          0
     234.1          0
     236.1          0
     238.1          0
     240.1          0
     242.1          0
     244.1          0
     246.2          0
     248.2          0
     250.2          0
     252.2          0
     254.2          0
     256.2          0
     258.2          0
     260.2          0
     262.2          0
     264.2          0
     266.2          0
     268.3          0
     270.3          0
     272.3          0
     274.3          0
     276.3          0
     278.3          0
     280.3          0
     282.3          0
     284.3          0
     286.3          0
     288.3          0
     290.4          0
     292.4          0
     294.4          0
     296.4          0
     298.4          0
     300.4          0
     302.4          0
     304.4          0
     306.4          0
     308.4          0
     310.5          0
     312.5          0
     314.5          0
     316.5          0
     318.5          0
     320.5          0
     322.5          0
     324.5          0
     326.5          0
     328.5          0
     330.5          0
     332.6          0
     334.6          0
     336.6          0
     338.6          0
     340.6          0
     342.6          0
     344.6          0
     346.6          0
     348.6          0
     350.6          0
