     1.005  2.519e+10
     3.014  7.375e+10
     5.024  9.562e+10
     7.033  1.056e+11
     9.042  1.122e+11
     11.05  1.173e+11
     13.06  1.237e+11
     15.07  1.299e+11
     17.08  1.342e+11
     19.09  1.375e+11
      21.1  1.412e+11
     23.11  1.443e+11
     25.12  1.463e+11
     27.13  1.486e+11
     29.14  1.514e+11
     31.15  1.543e+11
     33.16  1.569e+11
     35.16  1.588e+11
     37.17  1.611e+11
     39.18   1.63e+11
     41.19  1.649e+11
      43.2  1.662e+11
     45.21  1.671e+11
     47.22  1.681e+11
     49.23   1.69e+11
     51.24  1.697e+11
     53.25  1.703e+11
     55.26  1.707e+11
     57.27  1.712e+11
     59.28  1.715e+11
     61.29  1.719e+11
      63.3  1.727e+11
     65.31  1.733e+11
     67.32   1.74e+11
     69.32  1.748e+11
     71.33  1.764e+11
     73.34  1.785e+11
     75.35  1.798e+11
     77.36  1.811e+11
     79.37  1.821e+11
     81.38  1.829e+11
     83.39  1.833e+11
      85.4  1.838e+11
     87.41  1.844e+11
     89.42   1.85e+11
     91.43  1.855e+11
     93.44   1.86e+11
     95.45  1.865e+11
     97.46  1.869e+11
     99.47  1.873e+11
     101.5  1.877e+11
     103.5  1.879e+11
     105.5  1.881e+11
     107.5  1.885e+11
     109.5  1.886e+11
     111.5  1.887e+11
     113.5   1.89e+11
     115.5  1.892e+11
     117.6  1.894e+11
     119.6  1.897e+11
     121.6  1.898e+11
     123.6  1.899e+11
     125.6  1.901e+11
     127.6  1.903e+11
     129.6  1.905e+11
     131.6  1.906e+11
     133.6  1.908e+11
     135.6  1.908e+11
     137.6  1.909e+11
     139.7  1.909e+11
     141.7  1.909e+11
     143.7  1.909e+11
     145.7  1.909e+11
     147.7   1.91e+11
     149.7  1.911e+11
     151.7  1.912e+11
     153.7  1.913e+11
     155.7  1.914e+11
     157.7  1.914e+11
     159.7  1.914e+11
     161.8  1.914e+11
     163.8  1.915e+11
     165.8  1.916e+11
     167.8  1.916e+11
     169.8  1.916e+11
     171.8  1.916e+11
     173.8  1.916e+11
     175.8  1.916e+11
     177.8  1.917e+11
     179.8  1.917e+11
     181.9  1.917e+11
     183.9  1.918e+11
     185.9  1.918e+11
     187.9  1.918e+11
     189.9  1.919e+11
     191.9  1.919e+11
     193.9  1.919e+11
     195.9  1.919e+11
     197.9   1.92e+11
     199.9   1.92e+11
     201.9   1.92e+11
       204   1.92e+11
       206   1.92e+11
       208   1.92e+11
       210   1.92e+11
       212   1.92e+11
       214   1.92e+11
       216   1.92e+11
       218   1.92e+11
       220   1.92e+11
       222   1.92e+11
       224   1.92e+11
     226.1   1.92e+11
     228.1   1.92e+11
     230.1   1.92e+11
     232.1   1.92e+11
     234.1   1.92e+11
     236.1   1.92e+11
     238.1   1.92e+11
     240.1   1.92e+11
     242.1   1.92e+11
     244.1   1.92e+11
     246.2   1.92e+11
     248.2   1.92e+11
     250.2   1.92e+11
     252.2   1.92e+11
     254.2   1.92e+11
     256.2   1.92e+11
     258.2   1.92e+11
     260.2   1.92e+11
     262.2   1.92e+11
     264.2   1.92e+11
     266.2   1.92e+11
     268.3   1.92e+11
     270.3   1.92e+11
     272.3   1.92e+11
     274.3   1.92e+11
     276.3   1.92e+11
     278.3   1.92e+11
     280.3   1.92e+11
     282.3   1.92e+11
     284.3   1.92e+11
     286.3   1.92e+11
     288.3   1.92e+11
     290.4   1.92e+11
     292.4   1.92e+11
     294.4   1.92e+11
     296.4   1.92e+11
     298.4   1.92e+11
     300.4   1.92e+11
     302.4   1.92e+11
     304.4   1.92e+11
     306.4   1.92e+11
     308.4   1.92e+11
     310.5   1.92e+11
     312.5   1.92e+11
     314.5   1.92e+11
     316.5   1.92e+11
     318.5   1.92e+11
     320.5   1.92e+11
     322.5   1.92e+11
     324.5   1.92e+11
     326.5   1.92e+11
     328.5   1.92e+11
     330.5   1.92e+11
     332.6   1.92e+11
     334.6   1.92e+11
     336.6   1.92e+11
     338.6   1.92e+11
     340.6   1.92e+11
     342.6   1.92e+11
     344.6   1.92e+11
     346.6   1.92e+11
     348.6   1.92e+11
     350.6   1.92e+11
