     10.97  4.625e-18
     12.92  4.707e-18
     14.86  4.402e-18
      16.8  5.514e-18
     18.75  5.436e-18
     20.69  3.886e-18
     22.63  3.554e-18
     24.58  4.629e-18
     26.52  4.348e-18
     28.47  3.218e-18
     30.41   2.72e-18
     32.35  2.234e-18
      34.3  1.786e-18
     36.24  1.825e-18
     38.18  2.064e-18
     40.13  2.349e-18
     42.07  1.592e-18
     44.02  1.259e-18
     45.96  1.137e-18
      47.9      1e-18
     49.85  1.021e-18
     51.79  9.549e-19
     53.73  9.156e-19
     55.68  9.093e-19
     57.62  8.143e-19
     59.57  7.377e-19
     61.51  6.672e-19
     63.45  6.705e-19
      65.4  6.531e-19
     67.34  6.477e-19
     69.28   6.91e-19
     71.23  6.446e-19
     73.17  5.024e-19
     75.12  5.066e-19
     77.06   5.46e-19
        79  5.804e-19
     80.95  5.185e-19
     82.89   4.41e-19
     84.83  4.364e-19
     86.78  3.802e-19
     88.72  3.287e-19
     90.66  3.627e-19
     92.61  3.334e-19
     94.55  2.948e-19
      96.5  2.903e-19
     98.44  2.707e-19
     100.4  2.671e-19
     102.3  2.803e-19
     104.3  2.681e-19
     106.2  2.259e-19
     108.2  2.302e-19
     110.1  2.535e-19
       112  2.067e-19
       114  1.945e-19
     115.9  2.017e-19
     117.9  2.275e-19
     119.8  2.038e-19
     121.8  1.876e-19
     123.7  2.075e-19
     125.7  1.585e-19
     127.6  1.487e-19
     129.5  1.633e-19
     131.5    1.4e-19
     133.4  1.459e-19
     135.4  1.551e-19
     137.3  1.471e-19
     139.3  1.518e-19
     141.2  1.285e-19
     143.1  1.095e-19
     145.1  1.077e-19
       147  9.644e-20
       149  9.124e-20
     150.9  1.016e-19
     152.9  8.573e-20
     154.8  9.229e-20
     156.8  9.615e-20
     158.7  8.211e-20
     160.6   8.82e-20
     162.6  8.213e-20
     164.5  8.532e-20
     166.5  7.405e-20
     168.4  7.139e-20
     170.4  7.255e-20
     172.3  7.502e-20
     174.2   8.44e-20
     176.2  6.237e-20
     178.1  5.696e-20
     180.1  6.927e-20
       182   6.72e-20
       184  6.462e-20
     185.9  6.135e-20
     187.9  6.049e-20
     189.8  6.009e-20
     191.7  5.345e-20
     193.7  5.586e-20
     195.6  5.455e-20
     197.6  4.983e-20
     199.5  4.887e-20
     201.5   5.64e-20
     203.4  5.734e-20
     205.3  5.467e-20
     207.3  4.695e-20
     209.2  4.915e-20
     211.2   5.41e-20
     213.1   5.11e-20
     215.1  5.312e-20
       217  5.047e-20
       219  3.899e-20
     220.9  3.558e-20
     222.8  3.651e-20
     224.8  3.204e-20
     226.7  3.441e-20
     228.7  4.047e-20
     230.6  3.722e-20
     232.6  4.152e-20
     234.5  3.592e-20
     236.4  3.029e-20
     238.4  2.962e-20
     240.3   2.99e-20
     242.3   3.21e-20
     244.2  3.367e-20
     246.2  3.749e-20
     248.1  3.373e-20
     250.1  3.248e-20
       252  3.464e-20
     253.9  2.745e-20
     255.9  2.793e-20
     257.8  2.883e-20
     259.8  2.402e-20
     261.7  2.152e-20
     263.7  2.732e-20
     265.6  2.932e-20
     267.5  2.695e-20
     269.5  2.665e-20
     271.4  2.829e-20
     273.4  2.385e-20
     275.3  2.192e-20
     277.3  2.452e-20
     279.2  2.455e-20
     281.2  1.812e-20
     283.1  1.878e-20
       285  2.572e-20
       287  2.457e-20
     288.9  2.721e-20
     290.9  1.985e-20
     292.8  1.435e-20
     294.8  1.602e-20
     296.7  1.384e-20
     298.6  1.227e-20
     300.6  1.614e-20
     302.5  2.117e-20
     304.5  2.146e-20
     306.4  1.784e-20
     308.4  2.331e-20
     310.3  2.716e-20
     312.3   2.82e-20
     314.2   2.52e-20
     316.1  2.393e-20
     318.1   1.45e-20
       320  1.595e-20
       322  1.616e-20
     323.9  9.635e-21
     325.9  7.164e-21
     327.8  8.987e-21
     329.7  1.486e-20
     331.7  1.059e-20
     333.6  7.394e-21
     335.6  5.087e-21
     337.5  2.517e-21
     339.5  6.584e-21
     341.4  9.089e-21
     343.4  9.068e-21
     345.3  1.038e-20
     347.2   2.53e-20
     349.2  2.223e-20
     351.1  1.328e-20
