     10.97      21.35
     12.92      21.33
     14.86      21.41
      16.8      21.16
     18.75      21.18
     20.69      21.54
     22.63      21.64
     24.58      21.35
     26.52      21.42
     28.47      21.75
     30.41      21.93
     32.35      22.14
      34.3      22.39
     36.24      22.36
     38.18      22.23
     40.13      22.09
     42.07      22.51
     44.02      22.77
     45.96      22.88
      47.9      23.02
     49.85      22.99
     51.79      23.07
     53.73      23.11
     55.68      23.12
     57.62      23.24
     59.57      23.35
     61.51      23.46
     63.45      23.45
      65.4      23.48
     67.34      23.49
     69.28      23.42
     71.23      23.49
     73.17      23.76
     75.12      23.75
     77.06      23.67
        79      23.61
     80.95      23.73
     82.89       23.9
     84.83      23.92
     86.78      24.07
     88.72      24.22
     90.66      24.12
     92.61      24.21
     94.55      24.34
      96.5      24.36
     98.44      24.43
     100.4      24.45
     102.3       24.4
     104.3      24.45
     106.2      24.63
     108.2      24.61
     110.1      24.51
       112      24.73
       114      24.79
     115.9      24.75
     117.9      24.62
     119.8      24.74
     121.8      24.83
     123.7      24.72
     125.7      25.02
     127.6      25.09
     129.5      24.98
     131.5      25.15
     133.4      25.11
     135.4      25.04
     137.3       25.1
     139.3      25.06
     141.2      25.24
     143.1      25.42
     145.1      25.44
       147      25.56
       149      25.62
     150.9       25.5
     152.9      25.68
     154.8       25.6
     156.8      25.56
     158.7      25.73
     160.6      25.65
     162.6      25.73
     164.5      25.69
     166.5      25.84
     168.4      25.88
     170.4      25.86
     172.3      25.83
     174.2       25.7
     176.2      26.03
     178.1      26.13
     180.1      25.91
       182      25.95
       184      25.99
     185.9      26.05
     187.9      26.06
     189.8      26.07
     191.7       26.2
     193.7      26.15
     195.6      26.17
     197.6      26.27
     199.5      26.29
     201.5      26.14
     203.4      26.12
     205.3      26.17
     207.3      26.34
     209.2      26.29
     211.2      26.18
     213.1      26.24
     215.1       26.2
       217      26.26
       219      26.54
     220.9      26.64
     222.8      26.61
     224.8      26.75
     226.7      26.67
     228.7       26.5
     230.6      26.59
     232.6      26.47
     234.5      26.63
     236.4      26.81
     238.4      26.84
     240.3      26.83
     242.3      26.75
     244.2       26.7
     246.2      26.58
     248.1       26.7
     250.1      26.74
       252      26.67
     253.9      26.92
     255.9       26.9
     257.8      26.87
     259.8      27.06
     261.7      27.18
     263.7      26.93
     265.6      26.85
     267.5      26.94
     269.5      26.95
     271.4      26.89
     273.4      27.07
     275.3      27.16
     277.3      27.04
     279.2      27.04
     281.2      27.37
     283.1      27.33
       285      26.99
       287      27.04
     288.9      26.93
     290.9      27.27
     292.8      27.62
     294.8       27.5
     296.7      27.66
     298.6      27.79
     300.6       27.5
     302.5       27.2
     304.5      27.19
     306.4      27.39
     308.4       27.1
     310.3      26.93
     312.3      26.89
     314.2      27.01
     316.1      27.07
     318.1      27.61
       320      27.51
       322      27.49
     323.9      28.06
     325.9      28.38
     327.8      28.13
     329.7      27.59
     331.7      27.95
     333.6      28.34
     335.6      28.75
     337.5      29.51
     339.5      28.47
     341.4      28.12
     343.4      28.12
     345.3      27.98
     347.2      27.01
     349.2      27.15
     351.1      27.71
