     3.003  9.749e+07
     5.005  1.237e+08
     7.007  1.476e+08
     9.009  1.651e+08
     11.01  1.402e+08
     13.01  1.102e+08
     15.01  8.771e+07
     17.02  1.084e+08
     19.02  1.784e+08
     21.02  5.287e+07
     23.02  3.294e+07
     25.02  2.731e+07
     27.03  2.545e+07
     29.03  2.213e+07
     31.03  1.842e+07
     33.03  1.717e+07
     35.03  1.808e+07
     37.04  1.617e+07
     39.04  1.705e+07
     41.04  1.526e+07
     43.04  1.217e+07
     45.04  1.171e+07
     47.05   1.14e+07
     49.05  5.819e+06
     51.05  4.656e+06
     53.05  5.716e+06
     55.05  3.988e+06
     57.06  5.231e+06
     59.06  2.705e+06
     61.06  3.545e+06
     63.06  4.259e+06
     65.06   3.71e+06
     67.07  5.035e+06
     69.07  5.443e+06
     71.07  4.531e+06
     73.07  6.167e+06
     75.07  4.563e+06
     77.08  4.311e+06
     79.08   2.94e+06
     81.08  2.573e+06
     83.08  1.274e+06
     85.08   1.44e+06
     87.09  1.198e+06
     89.09   1.06e+06
     91.09   1.26e+06
     93.09  1.115e+06
     95.09  7.515e+05
      97.1  1.055e+06
      99.1  8.754e+05
     101.1  8.558e+05
     103.1  1.088e+06
     105.1  6.938e+05
     107.1  8.599e+05
     109.1  8.352e+05
     111.1  9.269e+05
     113.1  4.753e+05
     115.1  1.941e+05
     117.1  4.006e+05
     119.1  1.343e+05
     121.1  2.291e+05
     123.1  2.026e+05
     125.1  2.038e+05
     127.1  1.466e+05
     129.1  1.433e+05
     131.1  2.105e+05
     133.1  2.328e+05
     135.1  1.179e+05
     137.1   9.27e+04
     139.1  1.633e+05
     141.1  6.797e+04
     143.1  4.401e+04
     145.1  2.009e+04
     147.1  3.985e+04
     149.1  4.322e+04
     151.2  2.023e+04
     153.2          0
     155.2  1.029e+05
     157.2  2.256e+04
     159.2  5.786e+04
     161.2          0
     163.2  1.866e+04
     165.2   4.28e+04
     167.2  2.309e+04
     169.2          0
     171.2  2.076e+04
     173.2          0
     175.2  1.804e+04
     177.2          0
     179.2  1.676e+04
     181.2          0
     183.2          0
     185.2  1.653e+04
     187.2          0
     189.2          0
     191.2  1.614e+04
     193.2          0
     195.2          0
     197.2          0
     199.2          0
     201.2          0
     203.2          0
     205.2          0
     207.2          0
     209.2          0
     211.2          0
     213.2          0
     215.2          0
     217.2          0
     219.2          0
     221.2  1.331e+04
     223.2  1.718e+04
     225.2          0
     227.2          0
     229.2          0
     231.2          0
     233.2          0
     235.2          0
     237.2          0
     239.2          0
     241.2          0
     243.2          0
     245.2          0
     247.2          0
     249.2          0
     251.2          0
     253.3          0
     255.3          0
     257.3          0
     259.3          0
     261.3          0
     263.3          0
     265.3          0
     267.3          0
     269.3          0
     271.3          0
     273.3          0
     275.3          0
     277.3          0
     279.3          0
     281.3          0
     283.3          0
     285.3          0
     287.3          0
     289.3          0
     291.3          0
     293.3          0
     295.3          0
     297.3          0
     299.3          0
     301.3          0
     303.3          0
     305.3          0
