     1.001  2.433e-17
     3.003    2.4e-17
     5.005  3.578e-17
     7.007  3.908e-17
     9.009   3.44e-17
     11.01  2.225e-17
     13.01   1.78e-17
     15.01  1.822e-17
     17.02  4.761e-17
     19.02  1.831e-17
     21.02  8.249e-18
     23.02  4.497e-18
     25.02  3.935e-18
     27.03  3.453e-18
     29.03   2.97e-18
     31.03   2.42e-18
     33.03  2.196e-18
     35.03  2.129e-18
     37.04  3.089e-18
     39.04  2.887e-18
     41.04  1.955e-18
     43.04  1.376e-18
     45.04  1.767e-18
     47.05  1.055e-18
     49.05  6.828e-19
     51.05  8.252e-19
     53.05  8.588e-19
     55.05  1.061e-18
     57.06  7.411e-19
     59.06  5.626e-19
     61.06  5.932e-19
     63.06  6.467e-19
     65.06  6.367e-19
     67.07   6.61e-19
     69.07  7.284e-19
     71.07  6.814e-19
     73.07  7.217e-19
     75.07  6.001e-19
     77.08  4.824e-19
     79.08   3.46e-19
     81.08  2.775e-19
     83.08  2.097e-19
     85.08  1.819e-19
     87.09  1.491e-19
     89.09   1.59e-19
     91.09  1.478e-19
     93.09  1.256e-19
     95.09  1.132e-19
      97.1  1.434e-19
      99.1   1.18e-19
     101.1  1.393e-19
     103.1  1.098e-19
     105.1  1.026e-19
     107.1  1.217e-19
     109.1  1.065e-19
     111.1  9.802e-20
     113.1  4.788e-20
     115.1  3.968e-20
     117.1  4.124e-20
     119.1  2.621e-20
     121.1  2.608e-20
     123.1  3.151e-20
     125.1  1.761e-20
     127.1  1.672e-20
     129.1  2.155e-20
     131.1  3.094e-20
     133.1  2.127e-20
     135.1  1.708e-20
     137.1  1.527e-20
     139.1  2.017e-20
     141.1  1.364e-20
     143.1  3.038e-21
     145.1  3.289e-21
     147.1  3.594e-21
     149.1  3.142e-21
     151.2  2.142e-21
     153.2  8.271e-21
     155.2  6.426e-21
     157.2  7.177e-21
     159.2  5.262e-21
     161.2  1.657e-21
     163.2  8.353e-21
     165.2  1.417e-20
     167.2  2.723e-21
     169.2   2.65e-21
     171.2   4.55e-21
     173.2  1.189e-21
     175.2  1.237e-21
     177.2  5.642e-22
     179.2  1.277e-21
     181.2   2.27e-22
     183.2  1.564e-21
     185.2  3.548e-22
     187.2  1.619e-23
     189.2  4.578e-22
     191.2  1.456e-21
     193.2  2.591e-22
     195.2      1e-23
     197.2      1e-23
     199.2      1e-23
     201.2      1e-23
     203.2      1e-23
     205.2      1e-23
     207.2      1e-23
     209.2      1e-23
     211.2      1e-23
     213.2      1e-23
     215.2      1e-23
     217.2  7.274e-23
     219.2   1.53e-21
     221.2    4.6e-21
     223.2  4.112e-21
     225.2   1.98e-23
     227.2      1e-23
     229.2      1e-23
     231.2      1e-23
     233.2      1e-23
     235.2      1e-23
     237.2      1e-23
     239.2      1e-23
     241.2      1e-23
     243.2      1e-23
     245.2      1e-23
     247.2      1e-23
     249.2      1e-23
     251.2      1e-23
     253.3      1e-23
     255.3      1e-23
     257.3      1e-23
     259.3      1e-23
     261.3      1e-23
     263.3      1e-23
     265.3      1e-23
     267.3      1e-23
     269.3      1e-23
     271.3      1e-23
     273.3      1e-23
     275.3      1e-23
     277.3      1e-23
     279.3      1e-23
     281.3      1e-23
     283.3      1e-23
     285.3      1e-23
     287.3      1e-23
     289.3      1e-23
     291.3      1e-23
     293.3      1e-23
     295.3      1e-23
     297.3      1e-23
     299.3      1e-23
     301.3      1e-23
     303.3      1e-23
     305.3      1e-23
