     1.001  5.627e+08
     3.003  4.245e+09
     5.005  1.203e+10
     7.007  2.504e+10
     9.009  4.375e+10
     11.01  6.317e+10
     13.01  8.121e+10
     15.01  9.778e+10
     17.02   1.21e+11
     19.02  1.637e+11
     21.02  1.776e+11
     23.02  1.872e+11
     25.02  1.958e+11
     27.03  2.044e+11
     29.03  2.125e+11
     31.03  2.197e+11
     33.03  2.268e+11
     35.03  2.348e+11
     37.04  2.423e+11
     39.04  2.507e+11
     41.04  2.586e+11
     43.04  2.652e+11
     45.04  2.718e+11
     47.05  2.786e+11
     49.05  2.822e+11
     51.05  2.851e+11
     53.05   2.89e+11
     55.05  2.917e+11
     57.06  2.955e+11
     59.06  2.975e+11
     61.06  3.002e+11
     63.06  3.036e+11
     65.06  3.066e+11
     67.07  3.109e+11
     69.07  3.156e+11
     71.07  3.196e+11
     73.07  3.253e+11
     75.07  3.296e+11
     77.08  3.338e+11
     79.08  3.367e+11
     81.08  3.394e+11
     83.08  3.407e+11
     85.08  3.422e+11
     87.09  3.435e+11
     89.09  3.447e+11
     91.09  3.462e+11
     93.09  3.475e+11
     95.09  3.484e+11
      97.1  3.497e+11
      99.1  3.508e+11
     101.1  3.518e+11
     103.1  3.533e+11
     105.1  3.542e+11
     107.1  3.553e+11
     109.1  3.565e+11
     111.1  3.578e+11
     113.1  3.584e+11
     115.1  3.587e+11
     117.1  3.593e+11
     119.1  3.595e+11
     121.1  3.599e+11
     123.1  3.602e+11
     125.1  3.605e+11
     127.1  3.607e+11
     129.1   3.61e+11
     131.1  3.613e+11
     133.1  3.617e+11
     135.1  3.619e+11
     137.1  3.621e+11
     139.1  3.624e+11
     141.1  3.625e+11
     143.1  3.626e+11
     145.1  3.626e+11
     147.1  3.627e+11
     149.1  3.627e+11
     151.2  3.628e+11
     153.2  3.628e+11
     155.2   3.63e+11
     157.2   3.63e+11
     159.2  3.631e+11
     161.2  3.631e+11
     163.2  3.632e+11
     165.2  3.633e+11
     167.2  3.633e+11
     169.2  3.633e+11
     171.2  3.634e+11
     173.2  3.634e+11
     175.2  3.634e+11
     177.2  3.634e+11
     179.2  3.634e+11
     181.2  3.634e+11
     183.2  3.634e+11
     185.2  3.635e+11
     187.2  3.635e+11
     189.2  3.635e+11
     191.2  3.635e+11
     193.2  3.635e+11
     195.2  3.635e+11
     197.2  3.635e+11
     199.2  3.635e+11
     201.2  3.635e+11
     203.2  3.635e+11
     205.2  3.635e+11
     207.2  3.635e+11
     209.2  3.635e+11
     211.2  3.635e+11
     213.2  3.635e+11
     215.2  3.635e+11
     217.2  3.635e+11
     219.2  3.635e+11
     221.2  3.636e+11
     223.2  3.636e+11
     225.2  3.636e+11
     227.2  3.636e+11
     229.2  3.636e+11
     231.2  3.636e+11
     233.2  3.636e+11
     235.2  3.636e+11
     237.2  3.636e+11
     239.2  3.636e+11
     241.2  3.636e+11
     243.2  3.636e+11
     245.2  3.636e+11
     247.2  3.636e+11
     249.2  3.636e+11
     251.2  3.636e+11
     253.3  3.636e+11
     255.3  3.636e+11
     257.3  3.636e+11
     259.3  3.636e+11
     261.3  3.636e+11
     263.3  3.636e+11
     265.3  3.636e+11
     267.3  3.636e+11
     269.3  3.636e+11
     271.3  3.636e+11
     273.3  3.636e+11
     275.3  3.636e+11
     277.3  3.636e+11
     279.3  3.636e+11
     281.3  3.636e+11
     283.3  3.636e+11
     285.3  3.636e+11
     287.3  3.636e+11
     289.3  3.636e+11
     291.3  3.636e+11
     293.3  3.636e+11
     295.3  3.636e+11
     297.3  3.636e+11
     299.3  3.636e+11
     301.3  3.636e+11
     303.3  3.636e+11
     305.3  3.636e+11
