     1.001      19.55
     3.003      19.57
     5.005      19.13
     7.007      19.04
     9.009      19.17
     11.01      19.65
     13.01      19.89
     15.01      19.86
     17.02      18.82
     19.02      19.86
     21.02      20.73
     23.02      21.38
     25.02      21.53
     27.03      21.67
     29.03      21.83
     31.03      22.06
     33.03      22.16
     35.03       22.2
     37.04      21.79
     39.04      21.87
     41.04      22.29
     43.04      22.67
     45.04       22.4
     47.05      22.96
     49.05      23.43
     51.05      23.22
     53.05      23.18
     55.05      22.95
     57.06      23.34
     59.06      23.64
     61.06      23.58
     63.06      23.49
     65.06      23.51
     67.07      23.47
     69.07      23.36
     71.07      23.43
     73.07      23.37
     75.07      23.57
     77.08      23.81
     79.08      24.17
     81.08      24.41
     83.08      24.71
     85.08      24.87
     87.09      25.08
     89.09      25.01
     91.09      25.09
     93.09      25.27
     95.09      25.38
      97.1      25.12
      99.1      25.34
     101.1      25.16
     103.1      25.41
     105.1      25.49
     107.1       25.3
     109.1      25.45
     111.1      25.54
     113.1      26.32
     115.1      26.52
     117.1      26.48
     119.1      26.97
     121.1      26.98
     123.1      26.77
     125.1       27.4
     127.1      27.46
     129.1      27.18
     131.1      26.79
     133.1       27.2
     135.1      27.43
     137.1      27.56
     139.1      27.25
     141.1      27.68
     143.1      29.31
     145.1      29.22
     147.1      29.13
     149.1      29.27
     151.2      29.69
     153.2      28.22
     155.2       28.5
     157.2      28.38
     159.2      28.71
     161.2      29.97
     163.2      28.21
     165.2      27.64
     167.2      29.43
     169.2      29.46
     171.2      28.87
     173.2      30.33
     175.2      30.29
     177.2      31.14
     179.2      30.25
     181.2      32.13
     183.2      30.03
     185.2      31.64
     187.2      34.99
     189.2      31.36
     191.2      30.11
     193.2      31.98
     195.2      35.52
     197.2      35.52
     199.2      35.52
     201.2      35.52
     203.2      35.52
     205.2      35.52
     207.2      35.52
     209.2      35.52
     211.2      35.52
     213.2      35.52
     215.2      35.52
     217.2      33.36
     219.2      30.05
     221.2      28.86
     223.2      28.98
     225.2      34.77
     227.2      35.52
     229.2      35.52
     231.2      35.52
     233.2      35.52
     235.2      35.52
     237.2      35.52
     239.2      35.52
     241.2      35.52
     243.2      35.52
     245.2      35.52
     247.2      35.52
     249.2      35.52
     251.2      35.52
     253.3      35.52
     255.3      35.52
     257.3      35.52
     259.3      35.52
     261.3      35.52
     263.3      35.52
     265.3      35.52
     267.3      35.52
     269.3      35.52
     271.3      35.52
     273.3      35.52
     275.3      35.52
     277.3      35.52
     279.3      35.52
     281.3      35.52
     283.3      35.52
     285.3      35.52
     287.3      35.52
     289.3      35.52
     291.3      35.52
     293.3      35.52
     295.3      35.52
     297.3      35.52
     299.3      35.52
     301.3      35.52
     303.3      35.52
     305.3      35.52
