     3.004  1.476e+09
     5.007  6.918e+08
      7.01   4.23e+08
     9.012  2.656e+08
     11.02  2.107e+08
     13.02  1.585e+08
     15.02  1.131e+08
     17.02   7.85e+07
     19.03   6.93e+07
     21.03  5.329e+07
     23.03  3.758e+07
     25.03  2.541e+07
     27.04  1.912e+07
     29.04  1.675e+07
     31.04  1.339e+07
     33.05  1.063e+07
     35.05  7.837e+06
     37.05  6.269e+06
     39.05  5.484e+06
     41.06   5.62e+06
     43.06  4.294e+06
     45.06   4.08e+06
     47.06  3.094e+06
     49.07  3.523e+06
     51.07  3.439e+06
     53.07  3.345e+06
     55.08  4.714e+06
     57.08  4.351e+06
     59.08  4.189e+06
     61.08  3.283e+06
     63.09   3.38e+06
     65.09  2.589e+06
     67.09  2.209e+06
      69.1  2.122e+06
      71.1  1.837e+06
      73.1  1.862e+06
      75.1   2.07e+06
     77.11  1.294e+06
     79.11  1.827e+06
     81.11  2.117e+06
     83.11    1.9e+06
     85.12  1.933e+06
     87.12  1.423e+06
     89.12  8.673e+05
     91.13   1.04e+06
     93.13  6.156e+05
     95.13   5.59e+05
     97.13  9.592e+05
     99.14  3.139e+05
     101.1  4.975e+05
     103.1  2.895e+05
     105.1  4.861e+05
     107.1  2.638e+05
     109.2  1.176e+05
     111.2  1.794e+05
     113.2  1.171e+05
     115.2  1.082e+05
     117.2  1.091e+05
     119.2  5.305e+04
     121.2  2.662e+04
     123.2  7.544e+04
     125.2          0
     127.2  4.634e+04
     129.2  1.277e+05
     131.2  7.183e+04
     133.2  4.754e+04
     135.2  2.188e+04
     137.2  2.112e+04
     139.2          0
     141.2  2.058e+04
     143.2  5.046e+04
     145.2  2.051e+04
     147.2  8.422e+04
     149.2          0
     151.2  4.245e+04
     153.2   2.26e+04
     155.2  7.747e+04
     157.2  5.754e+04
     159.2  3.677e+04
     161.2  1.931e+04
     163.2  3.879e+04
     165.2  1.886e+04
     167.2   1.86e+04
     169.2  3.578e+04
     171.2    3.5e+04
     173.2  1.693e+04
     175.2  5.419e+04
     177.2  3.479e+04
     179.2  6.957e+04
     181.2   3.39e+04
     183.3  1.653e+04
     185.3          0
     187.3    1.6e+04
     189.3  1.634e+04
     191.3  3.262e+04
     193.3  3.239e+04
     195.3  1.696e+04
     197.3          0
     199.3  2.999e+04
     201.3  4.551e+04
     203.3          0
     205.3  4.517e+04
     207.3          0
     209.3  2.849e+04
     211.3  2.898e+04
     213.3          0
     215.3  1.428e+04
     217.3  2.769e+04
     219.3  1.405e+04
     221.3  2.761e+04
     223.3  5.467e+04
     225.3  4.124e+04
     227.3  1.353e+04
     229.3  1.387e+04
     231.3  1.274e+04
     233.3          0
     235.3          0
     237.3  1.309e+04
     239.3          0
     241.3  1.224e+04
     243.3          0
     245.3          0
     247.3          0
     249.3   1.19e+04
     251.3          0
     253.3          0
     255.4          0
     257.4          0
     259.4          0
     261.4          0
     263.4          0
     265.4          0
     267.4          0
     269.4  2.508e+04
     271.4          0
     273.4          0
     275.4          0
     277.4          0
     279.4          0
     281.4          0
     283.4          0
     285.4          0
     287.4          0
     289.4          0
     291.4          0
     293.4          0
     295.4          0
     297.4          0
     299.4          0
     301.4          0
     303.4          0
     305.4          0
     307.4          0
     309.4          0
     311.4          0
     313.4          0
     315.4          0
     317.4          0
     319.4          0
     321.4          0
     323.4          0
     325.4          0
     327.5          0
     329.5          0
     331.5          0
     333.5          0
     335.5          0
     337.5          0
     339.5          0
     341.5          0
     343.5          0
     345.5          0
