     1.001  4.049e-16
     3.004  1.375e-16
     5.007  7.904e-17
      7.01  5.019e-17
     9.012  4.242e-17
     11.02  3.277e-17
     13.02  2.761e-17
     15.02  1.764e-17
     17.02  2.249e-17
     19.03  1.501e-17
     21.03  1.044e-17
     23.03  6.734e-18
     25.03  4.068e-18
     27.04  3.088e-18
     29.04  2.854e-18
     31.04  1.982e-18
     33.05  1.498e-18
     35.05  1.128e-18
     37.05  1.218e-18
     39.05  1.185e-18
     41.06  1.146e-18
     43.06  9.002e-19
     45.06  8.604e-19
     47.06  9.536e-19
     49.07  1.446e-18
     51.07  1.123e-18
     53.07  9.816e-19
     55.08  9.119e-19
     57.08  8.793e-19
     59.08  9.019e-19
     61.08  7.464e-19
     63.09  6.268e-19
     65.09  4.444e-19
     67.09  3.848e-19
      69.1  3.462e-19
      71.1  3.536e-19
      73.1  3.356e-19
      75.1  3.307e-19
     77.11  3.389e-19
     79.11   7.92e-19
     81.11  5.695e-19
     83.11  5.639e-19
     85.12  4.953e-19
     87.12  2.699e-19
     89.12   3.59e-19
     91.13  2.689e-19
     93.13  1.432e-19
     95.13  2.225e-19
     97.13  1.557e-19
     99.14  8.479e-20
     101.1  9.233e-20
     103.1  8.179e-20
     105.1  1.191e-19
     107.1  4.315e-20
     109.2  3.035e-20
     111.2  3.149e-20
     113.2   1.81e-20
     115.2  2.458e-20
     117.2   1.64e-20
     119.2   1.04e-20
     121.2  7.225e-21
     123.2  5.044e-21
     125.2  3.034e-21
     127.2  2.142e-20
     129.2  2.328e-20
     131.2  1.311e-20
     133.2  5.696e-21
     135.2  3.079e-21
     137.2  9.743e-22
     139.2  1.476e-21
     141.2  8.847e-21
     143.2  1.907e-20
     145.2  1.208e-20
     147.2  9.729e-21
     149.2  4.598e-21
     151.2  1.402e-20
     153.2  8.403e-21
     155.2  8.082e-21
     157.2  6.742e-21
     159.2  4.226e-21
     161.2  5.765e-21
     163.2  4.516e-21
     165.2  3.033e-21
     167.2  4.023e-21
     169.2  6.581e-21
     171.2  2.339e-21
     173.2  6.483e-21
     175.2  7.508e-21
     177.2  1.033e-20
     179.2  7.279e-21
     181.2  3.814e-21
     183.3  6.536e-22
     185.3  4.628e-22
     187.3  4.302e-21
     189.3  3.128e-21
     191.3  4.879e-21
     193.3  5.373e-21
     195.3  2.369e-21
     197.3  1.362e-21
     199.3  4.951e-21
     201.3  4.169e-21
     203.3  4.003e-21
     205.3  2.495e-21
     207.3  1.579e-21
     209.3  4.858e-21
     211.3  2.292e-21
     213.3  1.082e-21
     215.3  3.175e-21
     217.3  2.513e-21
     219.3  4.577e-21
     221.3  3.685e-21
     223.3  7.077e-21
     225.3  4.847e-21
     227.3  2.281e-21
     229.3  1.858e-21
     231.3  8.247e-22
     233.3  2.229e-22
     235.3  9.392e-22
     237.3  1.024e-21
     239.3  1.148e-21
     241.3  4.245e-22
     243.3  7.017e-23
     245.3   1.19e-23
     247.3  1.625e-22
     249.3  1.538e-21
     251.3   1.55e-22
     253.3  1.028e-23
     255.4      1e-23
     257.4      1e-23
     259.4      1e-23
     261.4      1e-23
     263.4   1.12e-23
     265.4  4.858e-22
     267.4  1.724e-20
     269.4  2.983e-22
     271.4  1.097e-23
     273.4      1e-23
     275.4      1e-23
     277.4      1e-23
     279.4      1e-23
     281.4      1e-23
     283.4      1e-23
     285.4      1e-23
     287.4      1e-23
     289.4      1e-23
     291.4      1e-23
     293.4      1e-23
     295.4      1e-23
     297.4      1e-23
     299.4      1e-23
     301.4      1e-23
     303.4      1e-23
     305.4      1e-23
     307.4      1e-23
     309.4      1e-23
     311.4      1e-23
     313.4      1e-23
     315.4      1e-23
     317.4      1e-23
     319.4      1e-23
     321.4      1e-23
     323.4      1e-23
     325.4      1e-23
     327.5      1e-23
     329.5      1e-23
     331.5      1e-23
     333.5      1e-23
     335.5      1e-23
     337.5      1e-23
     339.5      1e-23
     341.5      1e-23
     343.5      1e-23
     345.5      1e-23
