     1.001  2.934e+10
     3.004  8.513e+10
     5.007  1.287e+11
      7.01   1.66e+11
     9.012  1.962e+11
     11.02  2.254e+11
     13.02  2.513e+11
     15.02  2.727e+11
     17.02  2.895e+11
     19.03  3.061e+11
     21.03  3.202e+11
     23.03  3.311e+11
     25.03  3.391e+11
     27.04  3.456e+11
     29.04  3.517e+11
     31.04   3.57e+11
     33.05  3.614e+11
     35.05  3.648e+11
     37.05  3.678e+11
     39.05  3.705e+11
     41.06  3.734e+11
     43.06  3.757e+11
     45.06   3.78e+11
     47.06  3.798e+11
     49.07   3.82e+11
     51.07  3.842e+11
     53.07  3.865e+11
     55.08  3.897e+11
     57.08  3.929e+11
     59.08   3.96e+11
     61.08  3.985e+11
     63.09  4.012e+11
     65.09  4.033e+11
     67.09  4.052e+11
      69.1   4.07e+11
      71.1  4.086e+11
      73.1  4.104e+11
      75.1  4.123e+11
     77.11  4.136e+11
     79.11  4.154e+11
     81.11  4.176e+11
     83.11  4.195e+11
     85.12  4.216e+11
     87.12  4.232e+11
     89.12  4.241e+11
     91.13  4.253e+11
     93.13  4.261e+11
     95.13  4.267e+11
     97.13  4.279e+11
     99.14  4.283e+11
     101.1  4.289e+11
     103.1  4.293e+11
     105.1  4.299e+11
     107.1  4.303e+11
     109.2  4.305e+11
     111.2  4.307e+11
     113.2  4.309e+11
     115.2   4.31e+11
     117.2  4.312e+11
     119.2  4.313e+11
     121.2  4.313e+11
     123.2  4.314e+11
     125.2  4.314e+11
     127.2  4.315e+11
     129.2  4.317e+11
     131.2  4.318e+11
     133.2  4.319e+11
     135.2  4.319e+11
     137.2   4.32e+11
     139.2   4.32e+11
     141.2   4.32e+11
     143.2  4.321e+11
     145.2  4.321e+11
     147.2  4.323e+11
     149.2  4.323e+11
     151.2  4.324e+11
     153.2  4.324e+11
     155.2  4.326e+11
     157.2  4.327e+11
     159.2  4.328e+11
     161.2  4.328e+11
     163.2  4.329e+11
     165.2  4.329e+11
     167.2   4.33e+11
     169.2   4.33e+11
     171.2  4.331e+11
     173.2  4.332e+11
     175.2  4.333e+11
     177.2  4.334e+11
     179.2  4.335e+11
     181.2  4.336e+11
     183.3  4.336e+11
     185.3  4.336e+11
     187.3  4.337e+11
     189.3  4.337e+11
     191.3  4.338e+11
     193.3  4.339e+11
     195.3  4.339e+11
     197.3  4.339e+11
     199.3   4.34e+11
     201.3  4.341e+11
     203.3  4.341e+11
     205.3  4.342e+11
     207.3  4.342e+11
     209.3  4.343e+11
     211.3  4.344e+11
     213.3  4.344e+11
     215.3  4.344e+11
     217.3  4.345e+11
     219.3  4.345e+11
     221.3  4.346e+11
     223.3  4.347e+11
     225.3  4.349e+11
     227.3  4.349e+11
     229.3  4.349e+11
     231.3   4.35e+11
     233.3   4.35e+11
     235.3   4.35e+11
     237.3   4.35e+11
     239.3   4.35e+11
     241.3  4.351e+11
     243.3  4.351e+11
     245.3  4.351e+11
     247.3  4.351e+11
     249.3  4.351e+11
     251.3  4.351e+11
     253.3  4.351e+11
     255.4  4.351e+11
     257.4  4.351e+11
     259.4  4.351e+11
     261.4  4.351e+11
     263.4  4.351e+11
     265.4  4.351e+11
     267.4  4.351e+11
     269.4  4.352e+11
     271.4  4.352e+11
     273.4  4.352e+11
     275.4  4.352e+11
     277.4  4.352e+11
     279.4  4.352e+11
     281.4  4.352e+11
     283.4  4.352e+11
     285.4  4.352e+11
     287.4  4.352e+11
     289.4  4.352e+11
     291.4  4.352e+11
     293.4  4.352e+11
     295.4  4.352e+11
     297.4  4.352e+11
     299.4  4.352e+11
     301.4  4.352e+11
     303.4  4.352e+11
     305.4  4.352e+11
     307.4  4.352e+11
     309.4  4.352e+11
     311.4  4.352e+11
     313.4  4.352e+11
     315.4  4.352e+11
     317.4  4.352e+11
     319.4  4.352e+11
     321.4  4.352e+11
     323.4  4.352e+11
     325.4  4.352e+11
     327.5  4.352e+11
     329.5  4.352e+11
     331.5  4.352e+11
     333.5  4.352e+11
     335.5  4.352e+11
     337.5  4.352e+11
     339.5  4.352e+11
     341.5  4.352e+11
     343.5  4.352e+11
     345.5  4.352e+11
