     1.001       16.5
     3.004      17.67
     5.007      18.27
      7.01      18.76
     9.012      18.95
     11.02      19.23
     13.02      19.41
     15.02       19.9
     17.02      19.64
     19.03      20.07
     21.03      20.47
     23.03      20.95
     25.03      21.49
     27.04      21.79
     29.04      21.88
     31.04      22.27
     33.05      22.58
     35.05      22.89
     37.05       22.8
     39.05      22.83
     41.06      22.87
     43.06      23.13
     45.06      23.18
     47.06      23.07
     49.07      22.62
     51.07      22.89
     53.07      23.04
     55.08      23.12
     57.08      23.16
     59.08      23.13
     61.08      23.33
     63.09      23.52
     65.09       23.9
     67.09      24.05
      69.1      24.17
      71.1      24.14
      73.1       24.2
      75.1      24.22
     77.11      24.19
     79.11      23.27
     81.11      23.63
     83.11      23.64
     85.12      23.78
     87.12      24.44
     89.12      24.13
     91.13      24.44
     93.13      25.13
     95.13      24.65
     97.13      25.04
     99.14       25.7
     101.1       25.6
     103.1      25.73
     105.1      25.33
     107.1      26.43
     109.2      26.81
     111.2      26.77
     113.2      27.37
     115.2      27.04
     117.2      27.48
     119.2      27.97
     121.2      28.37
     123.2      28.76
     125.2      29.31
     127.2      27.19
     129.2       27.1
     131.2      27.72
     133.2      28.63
     135.2       29.3
     137.2      30.54
     139.2      30.09
     141.2      28.15
     143.2      27.32
     145.2      27.81
     147.2      28.05
     149.2      28.86
     151.2      27.65
     153.2      28.21
     155.2      28.25
     157.2      28.44
     159.2      28.95
     161.2      28.61
     163.2      28.88
     165.2      29.31
     167.2         29
     169.2      28.47
     171.2      29.59
     173.2      28.49
     175.2      28.33
     177.2      27.98
     179.2      28.36
     181.2      29.06
     183.3      30.98
     185.3      31.35
     187.3      28.93
     189.3      29.28
     191.3       28.8
     193.3      28.69
     195.3      29.58
     197.3      30.18
     199.3      28.78
     201.3      28.97
     203.3      29.01
     205.3      29.52
     207.3      30.02
     209.3       28.8
     211.3      29.62
     213.3      30.43
     215.3      29.26
     217.3      29.52
     219.3      28.86
     221.3       29.1
     223.3      28.39
     225.3       28.8
     227.3      29.62
     229.3      29.84
     231.3      30.73
     233.3      32.15
     235.3      30.58
     237.3      30.49
     239.3      30.37
     241.3      31.45
     243.3       33.4
     245.3      35.33
     247.3      32.49
     249.3      30.05
     251.3      32.54
     253.3      35.49
     255.4      35.52
     257.4      35.52
     259.4      35.52
     261.4      35.52
     263.4      35.39
     265.4       31.3
     267.4      27.42
     269.4      31.83
     271.4      35.42
     273.4      35.52
     275.4      35.52
     277.4      35.52
     279.4      35.52
     281.4      35.52
     283.4      35.52
     285.4      35.52
     287.4      35.52
     289.4      35.52
     291.4      35.52
     293.4      35.52
     295.4      35.52
     297.4      35.52
     299.4      35.52
     301.4      35.52
     303.4      35.52
     305.4      35.52
     307.4      35.52
     309.4      35.52
     311.4      35.52
     313.4      35.52
     315.4      35.52
     317.4      35.52
     319.4      35.52
     321.4      35.52
     323.4      35.52
     325.4      35.52
     327.5      35.52
     329.5      35.52
     331.5      35.52
     333.5      35.52
     335.5      35.52
     337.5      35.52
     339.5      35.52
     341.5      35.52
     343.5      35.52
     345.5      35.52
