     3.011  1.516e+09
     5.019  3.937e+08
     7.026  1.772e+08
     9.033  1.184e+08
     11.04  9.234e+07
     13.05  7.647e+07
     15.06  5.523e+07
     17.06  4.172e+07
     19.07  2.413e+07
     21.08  2.308e+07
     23.09  1.622e+07
     25.09  1.246e+07
      27.1  1.176e+07
     29.11  8.218e+06
     31.11  6.628e+06
     33.12  6.358e+06
     35.13  5.321e+06
     37.14  3.071e+06
     39.14  3.053e+06
     41.15  3.587e+06
     43.16  3.348e+06
     45.17  1.872e+06
     47.17  2.092e+06
     49.18  2.405e+06
     51.19  1.286e+06
      53.2  1.781e+06
      55.2  1.641e+06
     57.21  1.193e+06
     59.22  6.265e+05
     61.23  6.789e+05
     63.23   5.01e+05
     65.24  3.452e+05
     67.25  4.031e+05
     69.26  1.764e+05
     71.26  1.837e+05
     73.27  5.241e+04
     75.28  3.756e+05
     77.29  1.341e+05
     79.29  1.357e+05
      81.3  3.675e+05
     83.31  2.391e+05
     85.32  1.204e+05
     87.32  1.073e+05
     89.33    2.2e+05
     91.34  2.734e+05
     93.34  1.325e+05
     95.35  6.633e+04
     97.36      2e+05
     99.37  1.541e+05
     101.4   1.83e+05
     103.4  2.148e+05
     105.4  1.499e+05
     107.4  1.758e+05
     109.4  1.414e+05
     111.4  2.228e+05
     113.4  1.652e+05
     115.4  2.767e+05
     117.4  1.592e+05
     119.4  2.139e+05
     121.4  1.522e+05
     123.5  3.109e+05
     125.5  2.575e+05
     127.5  3.429e+05
     129.5  2.425e+05
     131.5  2.628e+05
     133.5  2.214e+04
     135.5  2.429e+04
     137.5  6.726e+04
     139.5  1.116e+05
     141.5   8.68e+04
     143.5  4.234e+04
     145.5  1.262e+05
     147.5  4.179e+04
     149.6          0
     151.6  2.122e+04
     153.6  4.029e+04
     155.6  3.953e+04
     157.6   1.94e+04
     159.6          0
     161.6          0
     163.6          0
     165.6  5.439e+04
     167.6          0
     169.6          0
     171.6          0
     173.6  1.796e+04
     175.6  3.542e+04
     177.7  1.686e+04
     179.7          0
     181.7  3.342e+04
     183.7  1.731e+04
     185.7  1.612e+04
     187.7          0
     189.7          0
     191.7          0
     193.7          0
     195.7  1.534e+04
     197.7          0
     199.7  1.517e+04
     201.7          0
     203.8          0
     205.8          0
     207.8  1.425e+04
     209.8          0
     211.8          0
     213.8          0
     215.8          0
     217.8          0
     219.8          0
     221.8          0
     223.8          0
     225.8          0
     227.8          0
     229.8          0
     231.9          0
     233.9          0
     235.9          0
     237.9          0
     239.9          0
     241.9          0
     243.9          0
     245.9          0
     247.9          0
     249.9          0
     251.9          0
     253.9          0
     255.9  1.193e+04
       258          0
       260          0
       262          0
       264  1.129e+04
       266          0
       268          0
       270          0
       272          0
       274          0
       276  1.096e+04
       278          0
       280          0
       282          0
       284          0
     286.1          0
     288.1          0
     290.1          0
     292.1          0
     294.1          0
     296.1          0
     298.1          0
     300.1          0
     302.1          0
     304.1          0
     306.1          0
     308.1          0
     310.1          0
     312.2          0
     314.2          0
