     1.004  4.175e-16
     3.011  8.135e-17
     5.019  2.611e-17
     7.026  1.339e-17
     9.033  9.792e-18
     11.04  7.154e-18
     13.05  5.474e-18
     15.06   4.18e-18
     17.06  2.906e-18
     19.07  2.082e-18
     21.08  1.883e-18
     23.09  1.348e-18
     25.09  1.141e-18
      27.1  1.109e-18
     29.11  1.429e-18
     31.11  9.182e-19
     33.12  7.736e-19
     35.13  5.048e-19
     37.14  4.034e-19
     39.14  4.223e-19
     41.15  4.062e-19
     43.16  2.888e-19
     45.17  2.276e-19
     47.17  3.183e-19
     49.18  2.569e-19
     51.19  1.649e-19
      53.2  1.997e-19
      55.2  1.544e-19
     57.21  1.228e-19
     59.22  8.843e-20
     61.23  6.124e-20
     63.23  4.818e-20
     65.24  5.455e-20
     67.25  3.243e-20
     69.26  2.063e-20
     71.26  1.963e-20
     73.27  5.063e-20
     75.28  3.658e-20
     77.29  1.794e-20
     79.29  5.135e-20
      81.3  4.061e-20
     83.31  2.927e-20
     85.32  1.874e-20
     87.32  2.322e-20
     89.33  5.369e-20
     91.34  3.399e-20
     93.34   1.74e-20
     95.35  4.575e-20
     97.36  1.004e-19
     99.37  3.121e-20
     101.4   2.53e-20
     103.4  3.445e-20
     105.4  1.547e-20
     107.4   2.62e-20
     109.4  3.849e-20
     111.4    2.9e-20
     113.4  3.881e-20
     115.4   4.17e-20
     117.4   3.19e-20
     119.4  2.659e-20
     121.4  4.281e-20
     123.5  5.901e-20
     125.5  4.783e-20
     127.5  4.496e-20
     129.5  3.915e-20
     131.5  2.241e-20
     133.5  4.226e-21
     135.5  1.106e-20
     137.5  1.586e-20
     139.5  1.353e-20
     141.5  5.614e-21
     143.5  9.736e-21
     145.5  1.286e-20
     147.5  3.778e-21
     149.6  1.014e-21
     151.6  6.131e-21
     153.6  5.063e-21
     155.6  3.262e-21
     157.6   1.23e-21
     159.6   2.19e-22
     161.6  3.933e-23
     163.6  1.511e-21
     165.6  4.204e-21
     167.6  2.761e-22
     169.6  9.974e-24
     171.6  7.039e-22
     173.6  5.195e-21
     175.6  2.659e-21
     177.7  1.543e-21
     179.7  1.903e-21
     181.7  4.713e-21
     183.7   2.49e-21
     185.7  2.985e-22
     187.7  1.141e-23
     189.7      1e-23
     191.7  2.654e-23
     193.7  9.077e-22
     195.7  1.219e-21
     197.7  1.393e-21
     199.7  2.397e-22
     201.7      1e-23
     203.8  1.175e-23
     205.8  7.713e-22
     207.8  5.411e-22
     209.8   1.02e-22
     211.8      1e-23
     213.8      1e-23
     215.8      1e-23
     217.8      1e-23
     219.8      1e-23
     221.8      1e-23
     223.8      1e-23
     225.8      1e-23
     227.8      1e-23
     229.8      1e-23
     231.9      1e-23
     233.9      1e-23
     235.9      1e-23
     237.9      1e-23
     239.9      1e-23
     241.9      1e-23
     243.9      1e-23
     245.9      1e-23
     247.9      1e-23
     249.9      1e-23
     251.9  4.946e-23
     253.9  2.078e-21
     255.9  2.064e-21
       258  7.695e-23
       260  1.491e-23
       262  4.264e-22
       264   3.06e-21
       266  3.192e-22
       268      1e-23
       270      1e-23
       272  3.415e-23
       274  4.708e-21
       276  4.359e-22
       278      1e-23
       280      1e-23
       282      1e-23
       284      1e-23
     286.1      1e-23
     288.1      1e-23
     290.1      1e-23
     292.1      1e-23
     294.1      1e-23
     296.1      1e-23
     298.1      1e-23
     300.1      1e-23
     302.1      1e-23
     304.1      1e-23
     306.1      1e-23
     308.1      1e-23
     310.1      1e-23
     312.2      1e-23
     314.2      1e-23
