     1.004  2.574e+10
     3.011  8.333e+10
     5.019  1.082e+11
     7.026   1.24e+11
     9.033  1.374e+11
     11.04  1.503e+11
     13.05  1.629e+11
     15.06  1.734e+11
     17.06  1.823e+11
     19.07  1.882e+11
     21.08  1.943e+11
     23.09   1.99e+11
     25.09   2.03e+11
      27.1   2.07e+11
     29.11    2.1e+11
     31.11  2.126e+11
     33.12  2.152e+11
     35.13  2.176e+11
     37.14   2.19e+11
     39.14  2.206e+11
     41.15  2.224e+11
     43.16  2.242e+11
     45.17  2.253e+11
     47.17  2.265e+11
     49.18   2.28e+11
     51.19  2.289e+11
      53.2  2.301e+11
      55.2  2.312e+11
     57.21  2.321e+11
     59.22  2.325e+11
     61.23  2.331e+11
     63.23  2.335e+11
     65.24  2.337e+11
     67.25  2.341e+11
     69.26  2.342e+11
     71.26  2.344e+11
     73.27  2.345e+11
     75.28  2.348e+11
     77.29  2.349e+11
     79.29  2.351e+11
      81.3  2.355e+11
     83.31  2.357e+11
     85.32  2.358e+11
     87.32   2.36e+11
     89.33  2.362e+11
     91.34  2.365e+11
     93.34  2.367e+11
     95.35  2.367e+11
     97.36   2.37e+11
     99.37  2.372e+11
     101.4  2.374e+11
     103.4  2.377e+11
     105.4  2.379e+11
     107.4  2.381e+11
     109.4  2.383e+11
     111.4  2.386e+11
     113.4  2.389e+11
     115.4  2.393e+11
     117.4  2.395e+11
     119.4  2.398e+11
     121.4  2.401e+11
     123.5  2.406e+11
     125.5   2.41e+11
     127.5  2.415e+11
     129.5  2.419e+11
     131.5  2.424e+11
     133.5  2.424e+11
     135.5  2.424e+11
     137.5  2.425e+11
     139.5  2.427e+11
     141.5  2.429e+11
     143.5   2.43e+11
     145.5  2.432e+11
     147.5  2.433e+11
     149.6  2.433e+11
     151.6  2.433e+11
     153.6  2.434e+11
     155.6  2.435e+11
     157.6  2.435e+11
     159.6  2.435e+11
     161.6  2.435e+11
     163.6  2.435e+11
     165.6  2.436e+11
     167.6  2.436e+11
     169.6  2.436e+11
     171.6  2.436e+11
     173.6  2.437e+11
     175.6  2.438e+11
     177.7  2.438e+11
     179.7  2.438e+11
     181.7  2.439e+11
     183.7  2.439e+11
     185.7  2.439e+11
     187.7  2.439e+11
     189.7  2.439e+11
     191.7  2.439e+11
     193.7  2.439e+11
     195.7   2.44e+11
     197.7   2.44e+11
     199.7   2.44e+11
     201.7   2.44e+11
     203.8   2.44e+11
     205.8   2.44e+11
     207.8  2.441e+11
     209.8  2.441e+11
     211.8  2.441e+11
     213.8  2.441e+11
     215.8  2.441e+11
     217.8  2.441e+11
     219.8  2.441e+11
     221.8  2.441e+11
     223.8  2.441e+11
     225.8  2.441e+11
     227.8  2.441e+11
     229.8  2.441e+11
     231.9  2.441e+11
     233.9  2.441e+11
     235.9  2.441e+11
     237.9  2.441e+11
     239.9  2.441e+11
     241.9  2.441e+11
     243.9  2.441e+11
     245.9  2.441e+11
     247.9  2.441e+11
     249.9  2.441e+11
     251.9  2.441e+11
     253.9  2.441e+11
     255.9  2.441e+11
       258  2.441e+11
       260  2.441e+11
       262  2.441e+11
       264  2.441e+11
       266  2.441e+11
       268  2.441e+11
       270  2.441e+11
       272  2.441e+11
       274  2.441e+11
       276  2.442e+11
       278  2.442e+11
       280  2.442e+11
       282  2.442e+11
       284  2.442e+11
     286.1  2.442e+11
     288.1  2.442e+11
     290.1  2.442e+11
     292.1  2.442e+11
     294.1  2.442e+11
     296.1  2.442e+11
     298.1  2.442e+11
     300.1  2.442e+11
     302.1  2.442e+11
     304.1  2.442e+11
     306.1  2.442e+11
     308.1  2.442e+11
     310.1  2.442e+11
     312.2  2.442e+11
     314.2  2.442e+11
