     1.004      16.46
     3.011      18.24
     5.019      19.47
     7.026       20.2
     9.033      20.54
     11.04      20.88
     13.05      21.17
     15.06      21.46
     17.06      21.86
     19.07      22.22
     21.08      22.33
     23.09      22.69
     25.09      22.87
      27.1       22.9
     29.11      22.63
     31.11      23.11
     33.12      23.29
     35.13      23.76
     37.14         24
     39.14      23.95
     41.15      23.99
     43.16      24.36
     45.17      24.62
     47.17      24.26
     49.18      24.49
     51.19      24.97
      53.2      24.77
      55.2      25.04
     57.21      25.29
     59.22      25.65
     61.23      26.05
     63.23      26.31
     65.24      26.17
     67.25      26.74
     69.26      27.23
     71.26      27.28
     73.27      26.26
     75.28      26.61
     77.29      27.38
     79.29      26.24
      81.3      26.49
     83.31      26.85
     85.32      27.33
     87.32       27.1
     89.33      26.19
     91.34      26.69
     93.34      27.41
     95.35      26.37
     97.36      25.51
     99.37      26.78
     101.4      27.01
     103.4      26.67
     105.4      27.54
     107.4      26.97
     109.4      26.55
     111.4      26.86
     113.4      26.54
     115.4      26.47
     117.4      26.76
     119.4      26.95
     121.4      26.44
     123.5      26.09
     125.5      26.32
     127.5      26.38
     129.5      26.53
     131.5      27.14
     133.5      28.95
     135.5      27.91
     137.5      27.52
     139.5      27.69
     141.5      28.64
     143.5      28.05
     145.5      27.74
     147.5      29.07
     149.6       30.5
     151.6      28.55
     153.6      28.76
     155.6      29.23
     157.6      30.29
     159.6      32.17
     161.6      34.03
     163.6      30.07
     165.6      28.96
     167.6      31.91
     169.6      35.52
     171.6       30.9
     173.6      28.73
     175.6      29.45
     177.7      30.05
     179.7      29.82
     181.7      28.83
     183.7      29.53
     185.7      31.83
     187.7      35.37
     189.7      35.52
     191.7      34.46
     193.7      30.62
     195.7       30.3
     197.7      30.16
     199.7      32.07
     201.7      35.52
     203.8      35.34
     205.8       30.8
     207.8      31.18
     209.8         33
     211.8      35.52
     213.8      35.52
     215.8      35.52
     217.8      35.52
     219.8      35.52
     221.8      35.52
     223.8      35.52
     225.8      35.52
     227.8      35.52
     229.8      35.52
     231.9      35.52
     233.9      35.52
     235.9      35.52
     237.9      35.52
     239.9      35.52
     241.9      35.52
     243.9      35.52
     245.9      35.52
     247.9      35.52
     249.9      35.52
     251.9      33.78
     253.9      29.72
     255.9      29.73
       258       33.3
       260      35.08
       262      31.44
       264       29.3
       266      31.76
       268      35.52
       270      35.52
       272      34.18
       274      28.83
       276      31.42
       278      35.52
       280      35.52
       282      35.52
       284      35.52
     286.1      35.52
     288.1      35.52
     290.1      35.52
     292.1      35.52
     294.1      35.52
     296.1      35.52
     298.1      35.52
     300.1      35.52
     302.1      35.52
     304.1      35.52
     306.1      35.52
     308.1      35.52
     310.1      35.52
     312.2      35.52
     314.2      35.52
