     3.021  6.863e+08
     5.034  1.814e+08
     7.048  7.799e+07
     9.062  3.666e+07
     11.08  2.059e+07
     13.09  1.145e+07
      15.1  1.158e+07
     17.12  6.495e+06
     19.13   5.08e+06
     21.14  4.943e+06
     23.16  5.031e+06
     25.17   4.54e+06
     27.19  3.581e+06
      29.2  3.692e+06
     31.21  3.301e+06
     33.23  3.991e+06
     35.24  3.397e+06
     37.25  2.006e+06
     39.27  1.409e+06
     41.28  1.925e+06
      43.3  1.749e+06
     45.31  1.204e+06
     47.32  1.544e+06
     49.34  1.928e+06
     51.35  1.382e+06
     53.37  1.687e+06
     55.38   1.56e+06
     57.39  1.495e+06
     59.41   1.08e+06
     61.42  1.318e+06
     63.43  1.036e+06
     65.45  9.906e+05
     67.46  8.023e+05
     69.48  1.035e+06
     71.49  1.082e+06
      73.5  1.483e+06
     75.52  1.023e+06
     77.53  1.197e+06
     79.54  1.508e+06
     81.56  9.007e+05
     83.57  6.814e+05
     85.59  7.253e+05
      87.6  1.226e+06
     89.61  4.948e+05
     91.63  5.089e+05
     93.64  5.929e+05
     95.65  2.835e+05
     97.67  2.605e+05
     99.68  4.054e+05
     101.7  4.782e+05
     103.7   3.85e+05
     105.7  6.174e+05
     107.7  7.376e+05
     109.8  1.088e+06
     111.8  1.079e+06
     113.8  9.424e+05
     115.8   7.33e+05
     117.8  8.382e+05
     119.8  6.098e+05
     121.8  2.069e+05
     123.8  2.591e+05
     125.9  1.204e+05
     127.9  9.932e+04
     129.9  7.023e+04
     131.9  2.255e+04
     133.9  2.406e+04
     135.9  4.481e+04
     137.9  4.438e+04
       140  2.148e+04
       142          0
       144          0
       146  4.102e+04
       148  2.018e+04
       150          0
       152          0
     154.1          0
     156.1          0
     158.1          0
     160.1          0
     162.1          0
     164.1          0
     166.1          0
     168.2          0
     170.2          0
     172.2          0
     174.2          0
     176.2          0
     178.2          0
     180.2          0
     182.2          0
     184.3          0
     186.3          0
     188.3          0
     190.3          0
     192.3          0
     194.3          0
     196.3          0
     198.4          0
     200.4          0
     202.4          0
     204.4          0
     206.4          0
     208.4          0
     210.4          0
     212.5          0
     214.5          0
     216.5          0
     218.5          0
     220.5          0
     222.5          0
     224.5          0
     226.5          0
     228.6          0
     230.6          0
     232.6          0
     234.6          0
     236.6          0
     238.6          0
     240.6          0
     242.7          0
     244.7          0
