     1.007  4.346e-16
     3.021  4.399e-17
     5.034  9.465e-18
     7.048  5.163e-18
     9.062  2.526e-18
     11.08  1.321e-18
     13.09  1.042e-18
      15.1  9.469e-19
     17.12  6.688e-19
     19.13  4.787e-19
     21.14   4.29e-19
     23.16  3.504e-19
     25.17  2.796e-19
     27.19  2.855e-19
      29.2  2.244e-19
     31.21  2.416e-19
     33.23  2.439e-19
     35.24  2.216e-19
     37.25  1.086e-19
     39.27  1.743e-19
     41.28  2.431e-19
      43.3  1.384e-19
     45.31  1.183e-19
     47.32  1.936e-19
     49.34  1.986e-19
     51.35  1.256e-19
     53.37  1.328e-19
     55.38  1.098e-19
     57.39  8.657e-20
     59.41  1.011e-19
     61.42  1.096e-19
     63.43  1.145e-19
     65.45  8.819e-20
     67.46  7.235e-20
     69.48  8.525e-20
     71.49  1.139e-19
      73.5  9.972e-20
     75.52  1.022e-19
     77.53  1.258e-19
     79.54  1.163e-19
     81.56  7.873e-20
     83.57   7.82e-20
     85.59  1.292e-19
      87.6  9.981e-20
     89.61  6.635e-20
     91.63  5.474e-20
     93.64  5.051e-20
     95.65  3.113e-20
     97.67  4.176e-20
     99.68  3.405e-20
     101.7  5.893e-20
     103.7  4.625e-20
     105.7  4.888e-20
     107.7  1.149e-19
     109.8  8.333e-20
     111.8  1.144e-19
     113.8  6.008e-20
     115.8  7.133e-20
     117.8  8.053e-20
     119.8  4.017e-20
     121.8  2.297e-20
     123.8  1.519e-20
     125.9  7.957e-21
     127.9  7.613e-21
     129.9   3.96e-21
     131.9  2.209e-21
     133.9   1.11e-21
     135.9  3.004e-21
     137.9  3.632e-21
       140  3.246e-22
       142  1.423e-23
       144  1.493e-21
       146  2.416e-21
       148  1.988e-22
       150      1e-23
       152      1e-23
     154.1      1e-23
     156.1      1e-23
     158.1      1e-23
     160.1      1e-23
     162.1      1e-23
     164.1      1e-23
     166.1      1e-23
     168.2      1e-23
     170.2      1e-23
     172.2      1e-23
     174.2      1e-23
     176.2      1e-23
     178.2      1e-23
     180.2      1e-23
     182.2      1e-23
     184.3      1e-23
     186.3      1e-23
     188.3      1e-23
     190.3      1e-23
     192.3      1e-23
     194.3      1e-23
     196.3      1e-23
     198.4      1e-23
     200.4      1e-23
     202.4      1e-23
     204.4      1e-23
     206.4      1e-23
     208.4      1e-23
     210.4      1e-23
     212.5      1e-23
     214.5      1e-23
     216.5      1e-23
     218.5      1e-23
     220.5      1e-23
     222.5      1e-23
     224.5      1e-23
     226.5      1e-23
     228.6      1e-23
     230.6      1e-23
     232.6      1e-23
     234.6      1e-23
     236.6      1e-23
     238.6      1e-23
     240.6      1e-23
     242.7      1e-23
     244.7      1e-23
