     1.007  1.978e+10
     3.021  4.601e+10
     5.034  5.757e+10
     7.048  6.452e+10
     9.062  6.873e+10
     11.08  7.161e+10
     13.09  7.351e+10
      15.1  7.572e+10
     17.12  7.713e+10
     19.13  7.836e+10
     21.14  7.968e+10
     23.16  8.115e+10
     25.17   8.26e+10
     27.19  8.383e+10
      29.2   8.52e+10
     31.21   8.65e+10
     33.23  8.818e+10
     35.24  8.969e+10
     37.25  9.064e+10
     39.27  9.134e+10
     41.28  9.234e+10
      43.3   9.33e+10
     45.31  9.399e+10
     47.32  9.492e+10
     49.34  9.612e+10
     51.35  9.702e+10
     53.37  9.816e+10
     55.38  9.925e+10
     57.39  1.003e+11
     59.41  1.011e+11
     61.42  1.022e+11
     63.43   1.03e+11
     65.45  1.038e+11
     67.46  1.045e+11
     69.48  1.054e+11
     71.49  1.064e+11
      73.5  1.078e+11
     75.52  1.088e+11
     77.53  1.099e+11
     79.54  1.114e+11
     81.56  1.124e+11
     83.57  1.131e+11
     85.59  1.139e+11
      87.6  1.152e+11
     89.61  1.158e+11
     91.63  1.164e+11
     93.64  1.171e+11
     95.65  1.174e+11
     97.67  1.178e+11
     99.68  1.183e+11
     101.7  1.189e+11
     103.7  1.194e+11
     105.7  1.202e+11
     107.7  1.212e+11
     109.8  1.227e+11
     111.8  1.243e+11
     113.8  1.256e+11
     115.8  1.267e+11
     117.8  1.279e+11
     119.8  1.289e+11
     121.8  1.292e+11
     123.8  1.296e+11
     125.9  1.298e+11
     127.9  1.299e+11
     129.9  1.301e+11
     131.9  1.301e+11
     133.9  1.301e+11
     135.9  1.302e+11
     137.9  1.303e+11
       140  1.303e+11
       142  1.303e+11
       144  1.303e+11
       146  1.304e+11
       148  1.304e+11
       150  1.304e+11
       152  1.304e+11
     154.1  1.304e+11
     156.1  1.304e+11
     158.1  1.304e+11
     160.1  1.304e+11
     162.1  1.304e+11
     164.1  1.304e+11
     166.1  1.304e+11
     168.2  1.304e+11
     170.2  1.304e+11
     172.2  1.304e+11
     174.2  1.304e+11
     176.2  1.304e+11
     178.2  1.304e+11
     180.2  1.304e+11
     182.2  1.304e+11
     184.3  1.304e+11
     186.3  1.304e+11
     188.3  1.304e+11
     190.3  1.304e+11
     192.3  1.304e+11
     194.3  1.304e+11
     196.3  1.304e+11
     198.4  1.304e+11
     200.4  1.304e+11
     202.4  1.304e+11
     204.4  1.304e+11
     206.4  1.304e+11
     208.4  1.304e+11
     210.4  1.304e+11
     212.5  1.304e+11
     214.5  1.304e+11
     216.5  1.304e+11
     218.5  1.304e+11
     220.5  1.304e+11
     222.5  1.304e+11
     224.5  1.304e+11
     226.5  1.304e+11
     228.6  1.304e+11
     230.6  1.304e+11
     232.6  1.304e+11
     234.6  1.304e+11
     236.6  1.304e+11
     238.6  1.304e+11
     240.6  1.304e+11
     242.7  1.304e+11
     244.7  1.304e+11
