     1.007      16.42
     3.021      18.91
     5.034      20.58
     7.048      21.23
     9.062      22.01
     11.08      22.71
     13.09      22.97
      15.1      23.08
     17.12      23.45
     19.13      23.82
     21.14      23.93
     23.16      24.15
     25.17       24.4
     27.19      24.38
      29.2      24.64
     31.21      24.56
     33.23      24.55
     35.24      24.65
     37.25      25.43
     39.27      24.91
     41.28      24.55
      43.3      25.16
     45.31      25.33
     47.32       24.8
     49.34      24.77
     51.35      25.27
     53.37      25.21
     55.38      25.41
     57.39      25.67
     59.41       25.5
     61.42      25.42
     63.43      25.37
     65.45      25.65
     67.46      25.87
     69.48      25.69
     71.49      25.38
      73.5      25.52
     75.52      25.49
     77.53      25.27
     79.54      25.35
     81.56      25.78
     83.57      25.78
     85.59      25.24
      87.6      25.52
     89.61      25.96
     91.63      26.17
     93.64      26.26
     95.65      26.78
     97.67      26.46
     99.68      26.69
     101.7      26.09
     103.7      26.35
     105.7      26.29
     107.7      25.37
     109.8      25.71
     111.8      25.37
     113.8      26.07
     115.8      25.88
     117.8      25.75
     119.8      26.51
     121.8      27.11
     123.8      27.56
     125.9      28.26
     127.9      28.31
     129.9      29.02
     131.9      29.66
     133.9       30.4
     135.9      29.32
     137.9      29.12
       140      31.74
       142      35.13
       144      30.08
       146      29.56
       148      32.27
       150      35.52
       152      35.52
     154.1      35.52
     156.1      35.52
     158.1      35.52
     160.1      35.52
     162.1      35.52
     164.1      35.52
     166.1      35.52
     168.2      35.52
     170.2      35.52
     172.2      35.52
     174.2      35.52
     176.2      35.52
     178.2      35.52
     180.2      35.52
     182.2      35.52
     184.3      35.52
     186.3      35.52
     188.3      35.52
     190.3      35.52
     192.3      35.52
     194.3      35.52
     196.3      35.52
     198.4      35.52
     200.4      35.52
     202.4      35.52
     204.4      35.52
     206.4      35.52
     208.4      35.52
     210.4      35.52
     212.5      35.52
     214.5      35.52
     216.5      35.52
     218.5      35.52
     220.5      35.52
     222.5      35.52
     224.5      35.52
     226.5      35.52
     228.6      35.52
     230.6      35.52
     232.6      35.52
     234.6      35.52
     236.6      35.52
     238.6      35.52
     240.6      35.52
     242.7      35.52
     244.7      35.52
