     3.009   8.41e+08
     5.014  1.665e+08
      7.02  8.961e+07
     9.026  5.745e+07
     11.03  3.664e+07
     13.04  2.438e+07
     15.04  1.802e+07
     17.05  1.201e+07
     19.05   6.82e+06
     21.06  4.434e+06
     23.07  3.175e+06
     25.07  4.358e+06
     27.08  3.519e+06
     29.08  3.707e+06
     31.09  3.165e+06
     33.09  4.434e+06
      35.1  2.943e+06
     37.11  2.733e+06
     39.11  2.226e+06
     41.12  1.958e+06
     43.12  2.497e+06
     45.13  1.485e+06
     47.13  1.171e+06
     49.14  7.993e+05
     51.15  3.209e+05
     53.15  4.655e+05
     55.16  5.004e+05
     57.16  1.637e+05
     59.17  5.754e+05
     61.17  2.509e+05
     63.18  3.094e+05
     65.19   5.53e+05
     67.19  1.156e+06
      69.2  5.694e+05
      71.2  8.528e+04
     73.21  2.101e+05
     75.22  2.277e+05
     77.22  3.874e+04
     79.23  2.024e+05
     81.23  1.484e+05
     83.24  1.843e+05
     85.24  1.802e+05
     87.25  3.533e+04
     89.26   3.33e+04
     91.26  9.786e+04
     93.27  3.403e+04
     95.27   3.39e+04
     97.28  2.658e+05
     99.28  9.373e+04
     101.3          0
     103.3  5.829e+04
     105.3  5.796e+04
     107.3  1.119e+05
     109.3  1.667e+05
     111.3  1.067e+05
     113.3  7.901e+04
     115.3  1.553e+05
     117.3  1.543e+05
     119.3  1.254e+05
     121.3  1.238e+05
     123.4  1.717e+05
     125.4  8.235e+04
     127.4  9.383e+04
     129.4  2.288e+04
     131.4  4.611e+04
     133.4  2.198e+04
     135.4  8.927e+04
     137.4  2.202e+04
     139.4  6.354e+04
     141.4  4.194e+04
     143.4  4.123e+04
     145.4  4.203e+04
     147.4          0
     149.4  3.963e+04
     151.4  5.843e+04
     153.4  1.964e+04
     155.4  7.583e+04
     157.5  1.857e+04
     159.5  1.957e+04
     161.5  5.547e+04
     163.5          0
     165.5  2.094e+04
     167.5  3.479e+04
     169.5  3.546e+04
     171.5  3.437e+04
     173.5  8.606e+04
     175.5  1.673e+04
     177.5  1.035e+05
     179.5  8.271e+04
     181.5  1.324e+05
     183.5  8.107e+04
     185.5  3.329e+04
     187.5          0
     189.5  4.745e+04
     191.5  3.142e+04
     193.6  6.076e+04
     195.6  1.499e+04
     197.6  1.478e+04
     199.6  3.338e+04
     201.6  1.465e+04
     203.6          0
     205.6  2.898e+04
     207.6  1.435e+04
     209.6   1.42e+04
     211.6          0
     213.6          0
     215.6          0
     217.6          0
     219.6          0
     221.6          0
     223.6          0
     225.6          0
     227.7          0
     229.7          0
     231.7          0
     233.7          0
     235.7          0
     237.7          0
     239.7          0
     241.7          0
     243.7          0
     245.7          0
     247.7          0
     249.7          0
     251.7          0
     253.7          0
     255.7          0
     257.7          0
     259.7          0
     261.7          0
     263.8          0
     265.8          0
     267.8          0
     269.8          0
     271.8          0
     273.8          0
     275.8          0
     277.8          0
     279.8          0
     281.8          0
     283.8          0
     285.8          0
     287.8          0
     289.8          0
     291.8          0
     293.8          0
     295.8          0
     297.9          0
     299.9          0
     301.9          0
     303.9          0
     305.9          0
     307.9          0
     309.9          0
     311.9          0
     313.9          0
     315.9          0
     317.9          0
     319.9          0
     321.9          0
     323.9          0
     325.9          0
     327.9          0
     329.9          0
     331.9          0
       334          0
       336          0
       338          0
       340          0
       342          0
       344          0
       346          0
       348          0
