     1.003  3.165e-16
     3.009  3.932e-17
     5.014  1.554e-17
      7.02  6.582e-18
     9.026  4.988e-18
     11.03  3.694e-18
     13.04  2.592e-18
     15.04  1.949e-18
     17.05  1.275e-18
     19.05  7.523e-19
     21.06  4.876e-19
     23.07  5.408e-19
     25.07  6.545e-19
     27.08  4.528e-19
     29.08  4.326e-19
     31.09  5.335e-19
     33.09  4.859e-19
      35.1  3.819e-19
     37.11  3.078e-19
     39.11  2.515e-19
     41.12  3.008e-19
     43.12  2.588e-19
     45.13  2.023e-19
     47.13  1.549e-19
     49.14  7.857e-20
     51.15  6.593e-20
     53.15  6.232e-20
     55.16  5.332e-20
     57.16  4.506e-20
     59.17  5.603e-20
     61.17  6.266e-20
     63.18  8.169e-20
     65.19  1.343e-19
     67.19  1.219e-19
      69.2  3.941e-20
      71.2    1.8e-20
     73.21  3.407e-20
     75.22  2.524e-20
     77.22  2.227e-20
     79.23  2.495e-20
     81.23  2.412e-20
     83.24   2.66e-20
     85.24  1.761e-20
     87.25  5.412e-21
     89.26  7.777e-21
     91.26   6.31e-21
     93.27  6.425e-21
     95.27  1.814e-20
     97.28  2.457e-20
     99.28  1.299e-20
     101.3  8.405e-21
     103.3  1.081e-20
     105.3  1.303e-20
     107.3  1.574e-20
     109.3  2.135e-20
     111.3  9.163e-21
     113.3  1.815e-20
     115.3   1.92e-20
     117.3    1.6e-20
     119.3  1.918e-20
     121.3  1.973e-20
     123.4  1.095e-20
     125.4  1.016e-20
     127.4  6.686e-21
     129.4  2.779e-21
     131.4   4.35e-21
     133.4  5.694e-21
     135.4  7.117e-21
     137.4  5.434e-21
     139.4  5.306e-21
     141.4  3.397e-21
     143.4  4.736e-21
     145.4  3.375e-21
     147.4  3.288e-21
     149.4  2.708e-21
     151.4   6.47e-21
     153.4  7.081e-21
     155.4  4.825e-21
     157.5  2.204e-21
     159.5  3.322e-21
     161.5  2.806e-21
     163.5  1.642e-21
     165.5  3.153e-21
     167.5  3.635e-21
     169.5  4.461e-21
     171.5  4.849e-21
     173.5  8.026e-21
     175.5  6.512e-21
     177.5  8.824e-21
     179.5  1.306e-20
     181.5  1.219e-20
     183.5  7.589e-21
     185.5  1.553e-21
     187.5  2.759e-21
     189.5   4.72e-21
     191.5  4.643e-21
     193.6  4.751e-21
     195.6  2.269e-21
     197.6  2.188e-21
     199.6  2.533e-21
     201.6  5.464e-22
     203.6  2.179e-21
     205.6  2.005e-21
     207.6  1.434e-21
     209.6  6.129e-22
     211.6  1.292e-22
     213.6  9.994e-24
     215.6      1e-23
     217.6      1e-23
     219.6      1e-23
     221.6      1e-23
     223.6      1e-23
     225.6      1e-23
     227.7      1e-23
     229.7      1e-23
     231.7      1e-23
     233.7      1e-23
     235.7      1e-23
     237.7      1e-23
     239.7      1e-23
     241.7      1e-23
     243.7      1e-23
     245.7      1e-23
     247.7      1e-23
     249.7      1e-23
     251.7      1e-23
     253.7      1e-23
     255.7      1e-23
     257.7      1e-23
     259.7      1e-23
     261.7      1e-23
     263.8      1e-23
     265.8      1e-23
     267.8      1e-23
     269.8      1e-23
     271.8      1e-23
     273.8      1e-23
     275.8      1e-23
     277.8      1e-23
     279.8      1e-23
     281.8      1e-23
     283.8      1e-23
     285.8      1e-23
     287.8      1e-23
     289.8      1e-23
     291.8      1e-23
     293.8      1e-23
     295.8      1e-23
     297.9      1e-23
     299.9      1e-23
     301.9      1e-23
     303.9      1e-23
     305.9      1e-23
     307.9      1e-23
     309.9      1e-23
     311.9      1e-23
     313.9      1e-23
     315.9      1e-23
     317.9      1e-23
     319.9      1e-23
     321.9      1e-23
     323.9      1e-23
     325.9      1e-23
     327.9      1e-23
     329.9      1e-23
     331.9      1e-23
       334      1e-23
       336      1e-23
       338      1e-23
       340      1e-23
       342      1e-23
       344      1e-23
       346      1e-23
       348      1e-23
