     1.003  2.036e+10
     3.009  5.225e+10
     5.014  6.277e+10
      7.02   7.07e+10
     9.026  7.723e+10
     11.03  8.232e+10
     13.04  8.633e+10
     15.04  8.975e+10
     17.05  9.233e+10
     19.05  9.396e+10
     21.06  9.514e+10
     23.07  9.606e+10
     25.07  9.744e+10
     27.08  9.864e+10
     29.08      1e+11
     31.09  1.012e+11
     33.09  1.031e+11
      35.1  1.044e+11
     37.11  1.057e+11
     39.11  1.068e+11
     41.12  1.078e+11
     43.12  1.091e+11
     45.13    1.1e+11
     47.13  1.107e+11
     49.14  1.112e+11
     51.15  1.114e+11
     53.15  1.117e+11
     55.16   1.12e+11
     57.16  1.122e+11
     59.17  1.126e+11
     61.17  1.128e+11
     63.18   1.13e+11
     65.19  1.135e+11
     67.19  1.145e+11
      69.2   1.15e+11
      71.2   1.15e+11
     73.21  1.152e+11
     75.22  1.154e+11
     77.22  1.155e+11
     79.23  1.157e+11
     81.23  1.158e+11
     83.24   1.16e+11
     85.24  1.162e+11
     87.25  1.163e+11
     89.26  1.163e+11
     91.26  1.164e+11
     93.27  1.164e+11
     95.27  1.165e+11
     97.28  1.168e+11
     99.28  1.169e+11
     101.3  1.169e+11
     103.3   1.17e+11
     105.3  1.171e+11
     107.3  1.172e+11
     109.3  1.175e+11
     111.3  1.176e+11
     113.3  1.177e+11
     115.3   1.18e+11
     117.3  1.182e+11
     119.3  1.184e+11
     121.3  1.186e+11
     123.4  1.188e+11
     125.4   1.19e+11
     127.4  1.191e+11
     129.4  1.191e+11
     131.4  1.192e+11
     133.4  1.193e+11
     135.4  1.194e+11
     137.4  1.194e+11
     139.4  1.196e+11
     141.4  1.196e+11
     143.4  1.197e+11
     145.4  1.198e+11
     147.4  1.198e+11
     149.4  1.199e+11
     151.4    1.2e+11
     153.4    1.2e+11
     155.4  1.202e+11
     157.5  1.202e+11
     159.5  1.202e+11
     161.5  1.203e+11
     163.5  1.203e+11
     165.5  1.204e+11
     167.5  1.205e+11
     169.5  1.205e+11
     171.5  1.206e+11
     173.5  1.208e+11
     175.5  1.208e+11
     177.5  1.211e+11
     179.5  1.213e+11
     181.5  1.216e+11
     183.5  1.218e+11
     185.5  1.218e+11
     187.5  1.218e+11
     189.5  1.219e+11
     191.5   1.22e+11
     193.6  1.222e+11
     195.6  1.222e+11
     197.6  1.222e+11
     199.6  1.223e+11
     201.6  1.224e+11
     203.6  1.224e+11
     205.6  1.224e+11
     207.6  1.225e+11
     209.6  1.225e+11
     211.6  1.225e+11
     213.6  1.225e+11
     215.6  1.225e+11
     217.6  1.225e+11
     219.6  1.225e+11
     221.6  1.225e+11
     223.6  1.225e+11
     225.6  1.225e+11
     227.7  1.225e+11
     229.7  1.225e+11
     231.7  1.225e+11
     233.7  1.225e+11
     235.7  1.225e+11
     237.7  1.225e+11
     239.7  1.225e+11
     241.7  1.225e+11
     243.7  1.225e+11
     245.7  1.225e+11
     247.7  1.225e+11
     249.7  1.225e+11
     251.7  1.225e+11
     253.7  1.225e+11
     255.7  1.225e+11
     257.7  1.225e+11
     259.7  1.225e+11
     261.7  1.225e+11
     263.8  1.225e+11
     265.8  1.225e+11
     267.8  1.225e+11
     269.8  1.225e+11
     271.8  1.225e+11
     273.8  1.225e+11
     275.8  1.225e+11
     277.8  1.225e+11
     279.8  1.225e+11
     281.8  1.225e+11
     283.8  1.225e+11
     285.8  1.225e+11
     287.8  1.225e+11
     289.8  1.225e+11
     291.8  1.225e+11
     293.8  1.225e+11
     295.8  1.225e+11
     297.9  1.225e+11
     299.9  1.225e+11
     301.9  1.225e+11
     303.9  1.225e+11
     305.9  1.225e+11
     307.9  1.225e+11
     309.9  1.225e+11
     311.9  1.225e+11
     313.9  1.225e+11
     315.9  1.225e+11
     317.9  1.225e+11
     319.9  1.225e+11
     321.9  1.225e+11
     323.9  1.225e+11
     325.9  1.225e+11
     327.9  1.225e+11
     329.9  1.225e+11
     331.9  1.225e+11
       334  1.225e+11
       336  1.225e+11
       338  1.225e+11
       340  1.225e+11
       342  1.225e+11
       344  1.225e+11
       346  1.225e+11
       348  1.225e+11
