     1.003      16.77
     3.009      19.03
     5.014      20.04
      7.02      20.97
     9.026      21.27
     11.03       21.6
     13.04      21.98
     15.04      22.29
     17.05      22.75
     19.05      23.33
     21.06       23.8
     23.07      23.68
     25.07      23.48
     27.08      23.88
     29.08      23.93
     31.09       23.7
     33.09       23.8
      35.1      24.06
     37.11       24.3
     39.11      24.51
     41.12      24.32
     43.12      24.48
     45.13      24.75
     47.13      25.04
     49.14      25.78
     51.15      25.97
     53.15      26.03
     55.16       26.2
     57.16      26.38
     59.17      26.15
     61.17      26.02
     63.18      25.74
     65.19       25.2
     67.19       25.3
      69.2      26.53
      71.2      27.38
     73.21      26.69
     75.22      27.01
     77.22      27.15
     79.23      27.02
     81.23      27.06
     83.24      26.95
     85.24       27.4
     87.25      28.68
     89.26      28.29
     91.26      28.52
     93.27       28.5
     95.27      27.37
     97.28      27.04
     99.28      27.73
     101.3       28.2
     103.3      27.93
     105.3      27.73
     107.3      27.52
     109.3      27.19
     111.3      28.11
     113.3      27.37
     115.3      27.31
     117.3      27.51
     119.3      27.31
     121.3      27.28
     123.4      27.92
     125.4         28
     127.4      28.45
     129.4      29.41
     131.4      28.92
     133.4      28.63
     135.4      28.39
     137.4      28.68
     139.4       28.7
     141.4      29.19
     143.4      28.83
     145.4       29.2
     147.4      29.22
     149.4      29.43
     151.4      28.49
     153.4      28.39
     155.4      28.81
     157.5      29.66
     159.5      29.21
     161.5       29.4
     163.5      29.98
     165.5      29.27
     167.5      29.11
     169.5      28.89
     171.5       28.8
     173.5      28.25
     175.5      28.48
     177.5      28.15
     179.5      27.73
     181.5       27.8
     183.5      28.32
     185.5      30.04
     187.5      29.41
     189.5      28.83
     191.5      28.85
     193.6      28.82
     195.6      29.63
     197.6      29.67
     199.6      29.51
     201.6      31.17
     203.6      29.67
     205.6      29.76
     207.6      30.12
     209.6      31.05
     211.6      32.74
     213.6      35.52
     215.6      35.52
     217.6      35.52
     219.6      35.52
     221.6      35.52
     223.6      35.52
     225.6      35.52
     227.7      35.52
     229.7      35.52
     231.7      35.52
     233.7      35.52
     235.7      35.52
     237.7      35.52
     239.7      35.52
     241.7      35.52
     243.7      35.52
     245.7      35.52
     247.7      35.52
     249.7      35.52
     251.7      35.52
     253.7      35.52
     255.7      35.52
     257.7      35.52
     259.7      35.52
     261.7      35.52
     263.8      35.52
     265.8      35.52
     267.8      35.52
     269.8      35.52
     271.8      35.52
     273.8      35.52
     275.8      35.52
     277.8      35.52
     279.8      35.52
     281.8      35.52
     283.8      35.52
     285.8      35.52
     287.8      35.52
     289.8      35.52
     291.8      35.52
     293.8      35.52
     295.8      35.52
     297.9      35.52
     299.9      35.52
     301.9      35.52
     303.9      35.52
     305.9      35.52
     307.9      35.52
     309.9      35.52
     311.9      35.52
     313.9      35.52
     315.9      35.52
     317.9      35.52
     319.9      35.52
     321.9      35.52
     323.9      35.52
     325.9      35.52
     327.9      35.52
     329.9      35.52
     331.9      35.52
       334      35.52
       336      35.52
       338      35.52
       340      35.52
       342      35.52
       344      35.52
       346      35.52
       348      35.52
