     3.012  8.387e+08
      5.02  2.992e+08
     7.029  2.019e+08
     9.037  1.169e+08
     11.04  8.216e+07
     13.05  5.921e+07
     15.06  4.504e+07
     17.07  3.535e+07
     19.08   3.28e+07
     21.09   2.13e+07
     23.09   1.75e+07
      25.1  1.217e+07
     27.11  1.095e+07
     29.12  6.633e+06
     31.13  6.356e+06
     33.13  6.227e+06
     35.14  4.158e+06
     37.15   2.72e+06
     39.16  2.096e+06
     41.17  2.344e+06
     43.18  1.547e+06
     45.18  1.428e+06
     47.19  1.093e+06
      49.2  6.138e+05
     51.21  7.137e+05
     53.22   6.32e+05
     55.22  5.517e+05
     57.23  6.336e+05
     59.24  7.065e+05
     61.25  2.467e+05
     63.26  7.227e+05
     65.26  4.656e+05
     67.27  4.948e+05
     69.28  1.306e+05
     71.29  5.165e+05
      73.3  1.644e+05
     75.31  3.171e+05
     77.31  1.572e+05
     79.32   2.36e+05
     81.33  1.459e+05
     83.34  2.217e+05
     85.35  2.156e+05
     87.35  1.018e+05
     89.36  1.725e+05
     91.37  1.683e+05
     93.38   1.69e+05
     95.39  9.524e+04
      97.4  6.148e+04
      99.4  2.432e+05
     101.4  1.763e+05
     103.4  2.659e+05
     105.4  2.369e+05
     107.4  1.983e+05
     109.4  3.083e+05
     111.5  1.119e+05
     113.5   2.65e+04
     115.5  1.066e+05
     117.5  5.197e+04
     119.5          0
     121.5          0
     123.5  2.522e+04
     125.5  4.961e+04
     127.5  4.782e+04
     129.5  9.501e+04
     131.5  2.363e+04
     133.5  4.687e+04
     135.5          0
     137.6  4.476e+04
     139.6          0
     141.6  4.531e+04
     143.6  2.111e+04
     145.6  2.108e+04
     147.6  6.256e+04
     149.6  2.035e+04
     151.6  3.952e+04
     153.6          0
     155.6          0
     157.6  2.417e+04
     159.6          0
     161.7  4.476e+04
     163.7  3.715e+04
     165.7  1.879e+04
     167.7  1.762e+04
     169.7          0
     171.7  3.586e+04
     173.7          0
     175.7  1.696e+04
     177.7          0
     179.7          0
     181.7          0
     183.7          0
     185.8  1.606e+04
     187.8  1.585e+04
     189.8  1.568e+04
     191.8  1.558e+04
     193.8  1.644e+04
     195.8    3.1e+04
     197.8          0
     199.8          0
     201.8          0
     203.8          0
     205.8          0
     207.8          0
     209.9  1.779e+04
     211.9          0
     213.9          0
     215.9          0
     217.9          0
     219.9          0
     221.9          0
     223.9          0
     225.9          0
     227.9          0
     229.9          0
     231.9          0
     233.9          0
       236          0
       238          0
       240          0
       242          0
       244          0
       246          0
       248          0
       250  1.157e+04
       252          0
       254          0
       256          0
       258          0
     260.1          0
     262.1          0
     264.1          0
     266.1          0
     268.1          0
     270.1          0
     272.1          0
     274.1          0
     276.1          0
     278.1          0
     280.1          0
     282.1          0
     284.2          0
     286.2          0
     288.2          0
     290.2          0
     292.2          0
     294.2          0
     296.2          0
