     1.004  2.547e-16
     3.012  5.125e-17
      5.02  2.429e-17
     7.029  1.395e-17
     9.037  8.562e-18
     11.04  6.368e-18
     13.05  5.234e-18
     15.06  3.974e-18
     17.07  2.944e-18
     19.08  2.349e-18
     21.09  1.656e-18
     23.09  1.424e-18
      25.1  1.136e-18
     27.11  7.811e-19
     29.12  5.354e-19
     31.13  6.075e-19
     33.13  4.982e-19
     35.14  2.714e-19
     37.15  2.667e-19
     39.16  3.475e-19
     41.17  2.138e-19
     43.18  1.572e-19
     45.18  1.005e-19
     47.19  8.928e-20
      49.2  6.045e-20
     51.21  6.443e-20
     53.22  6.145e-20
     55.22  6.032e-20
     57.23  5.397e-20
     59.24  5.683e-20
     61.25  5.267e-20
     63.26   5.63e-20
     65.26  4.424e-20
     67.27  2.951e-20
     69.28  3.952e-20
     71.29  3.678e-20
      73.3  2.094e-20
     75.31  1.801e-20
     77.31  1.271e-20
     79.32  2.368e-20
     81.33   2.35e-20
     83.34   1.62e-20
     85.35   1.57e-20
     87.35  1.241e-20
     89.36  1.686e-20
     91.37  1.352e-20
     93.38  1.454e-20
     95.39  6.825e-21
      97.4  1.459e-20
      99.4  2.202e-20
     101.4  1.939e-20
     103.4  3.207e-20
     105.4  2.649e-20
     107.4  2.558e-20
     109.4  1.929e-20
     111.5  1.035e-20
     113.5  6.841e-21
     115.5  9.634e-21
     117.5   2.51e-21
     119.5  5.701e-22
     121.5  1.679e-21
     123.5  4.579e-21
     125.5  6.641e-21
     127.5  1.051e-20
     129.5  5.451e-21
     131.5   3.61e-21
     133.5  4.601e-21
     135.5  3.319e-21
     137.6  2.855e-21
     139.6  1.932e-21
     141.6  5.205e-21
     143.6  1.391e-21
     145.6  5.897e-21
     147.6  5.067e-21
     149.6  3.484e-21
     151.6  1.778e-21
     153.6  2.024e-23
     155.6  3.832e-21
     157.6  4.052e-21
     159.6  2.711e-20
     161.7  1.685e-20
     163.7  5.826e-21
     165.7  1.617e-21
     167.7  3.411e-22
     169.7  8.293e-22
     171.7  3.324e-21
     173.7  1.616e-21
     175.7  2.299e-22
     177.7      1e-23
     179.7      1e-23
     181.7      1e-23
     183.7  3.336e-22
     185.8  1.634e-21
     187.8  2.138e-21
     189.8  1.731e-21
     191.8  1.135e-21
     193.8  1.688e-21
     195.8  1.553e-21
     197.8  9.049e-23
     199.8      1e-23
     201.8      1e-23
     203.8      1e-23
     205.8  9.429e-23
     207.8    4.5e-22
     209.9   5.25e-22
     211.9  1.143e-23
     213.9      1e-23
     215.9      1e-23
     217.9      1e-23
     219.9      1e-23
     221.9      1e-23
     223.9      1e-23
     225.9      1e-23
     227.9      1e-23
     229.9      1e-23
     231.9      1e-23
     233.9      1e-23
       236      1e-23
       238      1e-23
       240      1e-23
       242      1e-23
       244      1e-23
       246  1.171e-22
       248  2.597e-21
       250  2.768e-23
       252      1e-23
       254      1e-23
       256      1e-23
       258      1e-23
     260.1      1e-23
     262.1      1e-23
     264.1      1e-23
     266.1      1e-23
     268.1      1e-23
     270.1      1e-23
     272.1      1e-23
     274.1      1e-23
     276.1      1e-23
     278.1      1e-23
     280.1      1e-23
     282.1      1e-23
     284.2      1e-23
     286.2      1e-23
     288.2      1e-23
     290.2      1e-23
     292.2      1e-23
     294.2      1e-23
     296.2      1e-23
