     1.004  1.515e+10
     3.012  4.703e+10
      5.02  6.598e+10
     7.029  8.388e+10
     9.037  9.721e+10
     11.04  1.087e+11
     13.05  1.184e+11
     15.06   1.27e+11
     17.07  1.346e+11
     19.08  1.425e+11
     21.09  1.481e+11
     23.09  1.532e+11
      25.1  1.571e+11
     27.11  1.609e+11
     29.12  1.633e+11
     31.13  1.658e+11
     33.13  1.684e+11
     35.14  1.702e+11
     37.15  1.715e+11
     39.16  1.725e+11
     41.17  1.738e+11
     43.18  1.746e+11
     45.18  1.754e+11
     47.19  1.761e+11
      49.2  1.764e+11
     51.21  1.769e+11
     53.22  1.773e+11
     55.22  1.777e+11
     57.23  1.782e+11
     59.24  1.787e+11
     61.25  1.789e+11
     63.26  1.795e+11
     65.26  1.799e+11
     67.27  1.803e+11
     69.28  1.804e+11
     71.29  1.809e+11
      73.3   1.81e+11
     75.31  1.813e+11
     77.31  1.815e+11
     79.32  1.817e+11
     81.33  1.818e+11
     83.34  1.821e+11
     85.35  1.823e+11
     87.35  1.824e+11
     89.36  1.826e+11
     91.37  1.828e+11
     93.38   1.83e+11
     95.39  1.831e+11
      97.4  1.832e+11
      99.4  1.835e+11
     101.4  1.837e+11
     103.4  1.841e+11
     105.4  1.844e+11
     107.4  1.847e+11
     109.4  1.851e+11
     111.5  1.852e+11
     113.5  1.853e+11
     115.5  1.854e+11
     117.5  1.855e+11
     119.5  1.855e+11
     121.5  1.855e+11
     123.5  1.856e+11
     125.5  1.856e+11
     127.5  1.857e+11
     129.5  1.859e+11
     131.5  1.859e+11
     133.5   1.86e+11
     135.5   1.86e+11
     137.6  1.861e+11
     139.6  1.861e+11
     141.6  1.861e+11
     143.6  1.862e+11
     145.6  1.862e+11
     147.6  1.863e+11
     149.6  1.864e+11
     151.6  1.865e+11
     153.6  1.865e+11
     155.6  1.865e+11
     157.6  1.865e+11
     159.6  1.865e+11
     161.7  1.866e+11
     163.7  1.867e+11
     165.7  1.867e+11
     167.7  1.867e+11
     169.7  1.867e+11
     171.7  1.868e+11
     173.7  1.868e+11
     175.7  1.869e+11
     177.7  1.869e+11
     179.7  1.869e+11
     181.7  1.869e+11
     183.7  1.869e+11
     185.8  1.869e+11
     187.8  1.869e+11
     189.8   1.87e+11
     191.8   1.87e+11
     193.8  1.871e+11
     195.8  1.871e+11
     197.8  1.871e+11
     199.8  1.871e+11
     201.8  1.871e+11
     203.8  1.871e+11
     205.8  1.871e+11
     207.8  1.871e+11
     209.9  1.872e+11
     211.9  1.872e+11
     213.9  1.872e+11
     215.9  1.872e+11
     217.9  1.872e+11
     219.9  1.872e+11
     221.9  1.872e+11
     223.9  1.872e+11
     225.9  1.872e+11
     227.9  1.872e+11
     229.9  1.872e+11
     231.9  1.872e+11
     233.9  1.872e+11
       236  1.872e+11
       238  1.872e+11
       240  1.872e+11
       242  1.872e+11
       244  1.872e+11
       246  1.872e+11
       248  1.872e+11
       250  1.872e+11
       252  1.872e+11
       254  1.872e+11
       256  1.872e+11
       258  1.872e+11
     260.1  1.872e+11
     262.1  1.872e+11
     264.1  1.872e+11
     266.1  1.872e+11
     268.1  1.872e+11
     270.1  1.872e+11
     272.1  1.872e+11
     274.1  1.872e+11
     276.1  1.872e+11
     278.1  1.872e+11
     280.1  1.872e+11
     282.1  1.872e+11
     284.2  1.872e+11
     286.2  1.872e+11
     288.2  1.872e+11
     290.2  1.872e+11
     292.2  1.872e+11
     294.2  1.872e+11
     296.2  1.872e+11
