     1.004         17
     3.012      18.74
      5.02      19.55
     7.029      20.15
     9.037      20.68
     11.04      21.01
     13.05      21.22
     15.06      21.52
     17.07      21.84
     19.08      22.09
     21.09      22.47
     23.09      22.63
      25.1      22.88
     27.11      23.28
     29.12      23.69
     31.13      23.56
     33.13      23.77
     35.14      24.43
     37.15      24.45
     39.16      24.16
     41.17      24.69
     43.18      25.02
     45.18      25.51
     47.19      25.64
      49.2      26.06
     51.21      25.99
     53.22      26.04
     55.22      26.06
     57.23      26.19
     59.24      26.13
     61.25      26.21
     63.26      26.14
     65.26       26.4
     67.27      26.84
     69.28      26.52
     71.29       26.6
      73.3      27.21
     75.31      27.38
     77.31      27.76
     79.32      27.08
     81.33      27.09
     83.34      27.49
     85.35      27.53
     87.35      27.78
     89.36      27.45
     91.37      27.69
     93.38      27.61
     95.39      28.43
      97.4      27.61
      99.4      27.16
     101.4       27.3
     103.4      26.75
     105.4      26.96
     107.4         27
     109.4       27.3
     111.5      27.98
     113.5      28.43
     115.5      28.06
     117.5      29.52
     119.5      31.13
     121.5      29.95
     123.5      28.86
     125.5      28.46
     127.5      27.96
     129.5      28.67
     131.5      29.12
     133.5      28.86
     135.5      29.21
     137.6      29.38
     139.6       29.8
     141.6      28.73
     143.6      30.16
     145.6      28.59
     147.6      28.75
     149.6      29.16
     151.6      29.89
     153.6      34.75
     155.6      29.06
     157.6         29
     159.6      26.93
     161.7      27.45
     163.7       28.6
     165.7      29.99
     167.7      31.68
     169.7      30.72
     171.7      29.21
     173.7      29.99
     175.7      32.11
     177.7      35.52
     179.7      35.52
     181.7      35.52
     183.7      31.71
     185.8      29.98
     187.8      29.69
     189.8      29.92
     191.8      30.38
     193.8      29.95
     195.8      30.04
     197.8      33.12
     199.8      35.52
     201.8      35.52
     203.8      35.52
     205.8      33.08
     207.8      31.38
     209.9      31.22
     211.9      35.37
     213.9      35.52
     215.9      35.52
     217.9      35.52
     219.9      35.52
     221.9      35.52
     223.9      35.52
     225.9      35.52
     227.9      35.52
     229.9      35.52
     231.9      35.52
     233.9      35.52
       236      35.52
       238      35.52
       240      35.52
       242      35.52
       244      35.52
       246      32.85
       248      29.48
       250      34.41
       252      35.52
       254      35.52
       256      35.52
       258      35.52
     260.1      35.52
     262.1      35.52
     264.1      35.52
     266.1      35.52
     268.1      35.52
     270.1      35.52
     272.1      35.52
     274.1      35.52
     276.1      35.52
     278.1      35.52
     280.1      35.52
     282.1      35.52
     284.2      35.52
     286.2      35.52
     288.2      35.52
     290.2      35.52
     292.2      35.52
     294.2      35.52
     296.2      35.52
