     17.91  3.111e-18
     23.72  2.149e-18
     29.53  1.763e-18
     35.34  1.512e-18
     41.15  1.116e-18
     46.97  8.014e-19
     52.78  6.952e-19
     58.59  5.225e-19
      64.4  5.141e-19
     70.21  3.732e-19
     76.03  3.138e-19
     81.84  2.894e-19
     87.65  2.574e-19
     93.46  2.248e-19
     99.27  2.125e-19
     105.1  2.025e-19
     110.9  1.765e-19
     116.7  1.743e-19
     122.5  1.836e-19
     128.3  1.428e-19
     134.1  1.288e-19
       140  1.134e-19
     145.8  1.001e-19
     151.6  8.794e-20
     157.4  8.574e-20
     163.2  7.841e-20
       169  6.908e-20
     174.8   7.27e-20
     180.6  6.308e-20
     186.5  5.968e-20
     192.3  5.465e-20
     198.1  5.102e-20
     203.9  5.067e-20
     209.7  5.313e-20
     215.5  5.865e-20
     221.3  4.184e-20
     227.1   3.71e-20
       233  3.176e-20
     238.8   3.08e-20
     244.6  2.882e-20
     250.4  2.855e-20
     256.2  3.053e-20
       262  3.149e-20
     267.8  2.524e-20
     273.6   2.44e-20
     279.4  2.338e-20
     285.3  2.025e-20
     291.1  1.946e-20
     296.9  1.742e-20
     302.7  1.874e-20
     308.5  1.589e-20
     314.3  1.542e-20
     320.1  1.278e-20
     325.9  1.269e-20
     331.8   1.36e-20
     337.6  1.123e-20
     343.4   1.83e-20
     349.2  9.609e-21
