     17.91      21.78
     23.72      22.19
     29.53       22.4
     35.34      22.57
     41.15       22.9
     46.97      23.26
     52.78      23.41
     58.59      23.72
      64.4      23.74
     70.21      24.09
     76.03      24.27
     81.84      24.36
     87.65      24.49
     93.46      24.64
     99.27       24.7
     105.1      24.75
     110.9       24.9
     116.7      24.91
     122.5      24.86
     128.3      25.13
     134.1      25.24
       140      25.38
     145.8      25.52
     151.6      25.66
     157.4      25.68
     163.2      25.78
       169      25.92
     174.8      25.86
     180.6      26.02
     186.5      26.08
     192.3      26.17
     198.1      26.25
     203.9      26.25
     209.7       26.2
     215.5       26.1
     221.3      26.46
     227.1      26.59
       233      26.76
     238.8      26.79
     244.6      26.87
     250.4      26.88
     256.2       26.8
       262      26.77
     267.8      27.01
     273.6      27.05
     279.4      27.09
     285.3      27.25
     291.1      27.29
     296.9      27.41
     302.7      27.33
     308.5      27.51
     314.3      27.55
     320.1      27.75
     325.9      27.76
     331.8      27.68
     337.6      27.89
     343.4      27.36
     349.2      28.06
