     8.944  4.423e-18
     16.83  2.246e-18
     24.72  1.399e-18
     32.61  9.513e-19
      40.5  7.034e-19
     48.39  5.214e-19
     56.28  4.278e-19
     64.16  3.556e-19
     72.05  2.696e-19
     79.94  2.339e-19
     87.83  1.998e-19
     95.72  1.709e-19
     103.6  1.464e-19
     111.5  1.334e-19
     119.4   1.19e-19
     127.3  1.109e-19
     135.2  1.044e-19
       143  1.016e-19
     150.9  9.305e-20
     158.8  7.928e-20
     166.7  7.599e-20
     174.6  6.827e-20
     182.5  6.184e-20
     190.4  5.663e-20
     198.3  5.337e-20
     206.2  5.311e-20
       214   4.81e-20
     221.9  4.987e-20
     229.8   4.83e-20
     237.7  4.398e-20
     245.6  4.403e-20
     253.5  4.078e-20
     261.4  3.548e-20
     269.3  3.157e-20
     277.2  2.925e-20
       285  2.852e-20
     292.9  2.615e-20
     300.8  2.343e-20
     308.7  2.325e-20
     316.6  2.317e-20
     324.5  2.306e-20
     332.4  2.014e-20
     340.3  1.971e-20
     348.2  1.943e-20
