     8.944       21.4
     16.83      22.14
     24.72      22.65
     32.61      23.07
      40.5       23.4
     48.39      23.72
     56.28      23.94
     64.16      24.14
     72.05      24.44
     79.94      24.59
     87.83      24.76
     95.72      24.93
     103.6       25.1
     111.5       25.2
     119.4      25.33
     127.3       25.4
     135.2      25.47
       143       25.5
     150.9      25.59
     158.8      25.77
     166.7      25.81
     174.6      25.93
     182.5      26.04
     190.4      26.13
     198.3       26.2
     206.2       26.2
       214      26.31
     221.9      26.27
     229.8      26.31
     237.7      26.41
     245.6      26.41
     253.5      26.49
     261.4      26.64
     269.3      26.77
     277.2      26.85
       285      26.88
     292.9      26.97
     300.8      27.09
     308.7       27.1
     316.6       27.1
     324.5      27.11
     332.4      27.26
     340.3      27.28
     348.2      27.29
